scorer,DeepCut_resnet50_reachingl_r_gpbyrAug28shuffle1_1030000,DeepCut_resnet50_reachingl_r_gpbyrAug28shuffle1_1030000,DeepCut_resnet50_reachingl_r_gpbyrAug28shuffle1_1030000,DeepCut_resnet50_reachingl_r_gpbyrAug28shuffle1_1030000,DeepCut_resnet50_reachingl_r_gpbyrAug28shuffle1_1030000,DeepCut_resnet50_reachingl_r_gpbyrAug28shuffle1_1030000,DeepCut_resnet50_reachingl_r_gpbyrAug28shuffle1_1030000,DeepCut_resnet50_reachingl_r_gpbyrAug28shuffle1_1030000,DeepCut_resnet50_reachingl_r_gpbyrAug28shuffle1_1030000,DeepCut_resnet50_reachingl_r_gpbyrAug28shuffle1_1030000,DeepCut_resnet50_reachingl_r_gpbyrAug28shuffle1_1030000,DeepCut_resnet50_reachingl_r_gpbyrAug28shuffle1_1030000,DeepCut_resnet50_reachingl_r_gpbyrAug28shuffle1_1030000,DeepCut_resnet50_reachingl_r_gpbyrAug28shuffle1_1030000,DeepCut_resnet50_reachingl_r_gpbyrAug28shuffle1_1030000,DeepCut_resnet50_reachingl_r_gpbyrAug28shuffle1_1030000,DeepCut_resnet50_reachingl_r_gpbyrAug28shuffle1_1030000,DeepCut_resnet50_reachingl_r_gpbyrAug28shuffle1_1030000,DeepCut_resnet50_reachingl_r_gpbyrAug28shuffle1_1030000,DeepCut_resnet50_reachingl_r_gpbyrAug28shuffle1_1030000,DeepCut_resnet50_reachingl_r_gpbyrAug28shuffle1_1030000,DeepCut_resnet50_reachingl_r_gpbyrAug28shuffle1_1030000,DeepCut_resnet50_reachingl_r_gpbyrAug28shuffle1_1030000,DeepCut_resnet50_reachingl_r_gpbyrAug28shuffle1_1030000,DeepCut_resnet50_reachingl_r_gpbyrAug28shuffle1_1030000,DeepCut_resnet50_reachingl_r_gpbyrAug28shuffle1_1030000,DeepCut_resnet50_reachingl_r_gpbyrAug28shuffle1_1030000,DeepCut_resnet50_reachingl_r_gpbyrAug28shuffle1_1030000,DeepCut_resnet50_reachingl_r_gpbyrAug28shuffle1_1030000,DeepCut_resnet50_reachingl_r_gpbyrAug28shuffle1_1030000,DeepCut_resnet50_reachingl_r_gpbyrAug28shuffle1_1030000,DeepCut_resnet50_reachingl_r_gpbyrAug28shuffle1_1030000,DeepCut_resnet50_reachingl_r_gpbyrAug28shuffle1_1030000,DeepCut_resnet50_reachingl_r_gpbyrAug28shuffle1_1030000,DeepCut_resnet50_reachingl_r_gpbyrAug28shuffle1_1030000,DeepCut_resnet50_reachingl_r_gpbyrAug28shuffle1_1030000,DeepCut_resnet50_reachingl_r_gpbyrAug28shuffle1_1030000,DeepCut_resnet50_reachingl_r_gpbyrAug28shuffle1_1030000,DeepCut_resnet50_reachingl_r_gpbyrAug28shuffle1_1030000,DeepCut_resnet50_reachingl_r_gpbyrAug28shuffle1_1030000,DeepCut_resnet50_reachingl_r_gpbyrAug28shuffle1_1030000,DeepCut_resnet50_reachingl_r_gpbyrAug28shuffle1_1030000,DeepCut_resnet50_reachingl_r_gpbyrAug28shuffle1_1030000,DeepCut_resnet50_reachingl_r_gpbyrAug28shuffle1_1030000,DeepCut_resnet50_reachingl_r_gpbyrAug28shuffle1_1030000,DeepCut_resnet50_reachingl_r_gpbyrAug28shuffle1_1030000,DeepCut_resnet50_reachingl_r_gpbyrAug28shuffle1_1030000,DeepCut_resnet50_reachingl_r_gpbyrAug28shuffle1_1030000
bodyparts,rightmcp1,rightmcp1,rightmcp1,rightmcp2,rightmcp2,rightmcp2,rightmcp3,rightmcp3,rightmcp3,rightmcp4,rightmcp4,rightmcp4,rightpip1,rightpip1,rightpip1,rightpip2,rightpip2,rightpip2,rightpip3,rightpip3,rightpip3,rightpip4,rightpip4,rightpip4,rightdigit1,rightdigit1,rightdigit1,rightdigit2,rightdigit2,rightdigit2,rightdigit3,rightdigit3,rightdigit3,rightdigit4,rightdigit4,rightdigit4,rightpawdorsum,rightpawdorsum,rightpawdorsum,nose,nose,nose,pellet,pellet,pellet,leftpawdorsum,leftpawdorsum,leftpawdorsum
coords,x,y,likelihood,x,y,likelihood,x,y,likelihood,x,y,likelihood,x,y,likelihood,x,y,likelihood,x,y,likelihood,x,y,likelihood,x,y,likelihood,x,y,likelihood,x,y,likelihood,x,y,likelihood,x,y,likelihood,x,y,likelihood,x,y,likelihood,x,y,likelihood
0,175.89024448394775,237.09494006633759,5.897194114368176e-06,175.76376843452454,244.80075061321259,3.1957256396708544e-06,169.54790687561035,257.5258033275604,1.2100260846636957e-06,175.27882432937622,258.910955786705,7.452067166013876e-06,176.49404430389404,242.0631000995636,3.5179398309992393e-06,174.70560145378113,245.41436684131622,1.1018269674423209e-07,174.07825422286987,245.10851883888245,1.6537652527404134e-06,173.54607808589935,257.70514273643494,1.8988880583492573e-06,175.00490474700928,240.08911752700806,1.3468696124618873e-05,177.46648597717285,247.86072063446045,7.137945772228704e-07,175.74155950546265,252.94717752933502,8.327284376719035e-06,178.5043969154358,253.1016308069229,6.883684022795933e-07,179.5622525215149,246.4997386932373,1.6072145854195696e-06,174.82604885101318,238.78871130943298,4.970758709532674e-06,170.44950771331787,248.81687355041504,1.0,173.18578457832336,247.2758617401123,1.0848486908798805e-06
1,175.7937524318695,237.2750941514969,6.881236004119273e-06,175.5766098499298,245.02050459384918,3.940738224628149e-06,169.57085537910461,257.5399568080902,1.3357283705772716e-06,175.01890921592712,258.9244111776352,8.774341040407307e-06,176.3265585899353,242.09297358989716,4.55303370472393e-06,163.38299560546875,239.71978163719177,2.3899718826214666e-07,174.04353022575378,245.3122752904892,1.7350658936265972e-06,161.82818746566772,252.00362329673953,3.787094328799867e-06,174.88743925094604,240.26601028442383,1.4045440366317052e-05,163.01523208618164,248.32193541526794,1.0329816859666607e-06,175.88246059417725,253.39896881580353,9.259243597625755e-06,178.32653760910034,253.5003969669342,7.929971843623207e-07,188.68595135211945,251.11626595258713,3.2835876027093036e-06,174.66476249694824,238.88313508033752,4.226455530442763e-06,170.23095321655273,248.92985343933105,1.0,172.88636529445648,247.5345687866211,1.7858031924333773e-06
2,175.8839476108551,237.18641316890717,6.526959623442963e-06,175.65574765205383,244.81874972581863,3.396272177269566e-06,169.52212572097778,257.20511651039124,1.1424896229073056e-06,175.113219499588,258.63611471652985,7.3281362347188406e-06,176.32164478302002,242.00370836257935,4.768444341607392e-06,174.52429509162903,245.2525783777237,1.4612436416427954e-07,174.00165104866028,245.13059306144714,2.2720378183294088e-06,161.95201349258423,251.65934085845947,3.1734127787785837e-06,174.8641266822815,240.11118602752686,1.639042420720216e-05,162.81593322753906,247.91589403152466,8.772423143454944e-07,175.73078203201294,253.07738649845123,1.0374338671681471e-05,178.32453727722168,253.14828670024872,8.871132877175114e-07,188.98683589696884,250.331245303154,2.346723249502247e-06,174.69069147109985,238.8657455444336,4.495151188166346e-06,170.43213272094727,248.6966724395752,1.0,172.91620254516602,247.2410831451416,1.9008285789823276e-06
3,175.15404176712036,236.69381535053253,6.307460807875032e-06,175.41476702690125,244.51900988817215,2.116268433383084e-06,176.0902795791626,253.6213915348053,7.300530455722765e-07,175.11087155342102,257.87263560295105,7.0552023316849954e-06,173.74871408939362,237.5398075580597,6.003002454235684e-06,174.5388162136078,244.96197718381882,2.2318050696412683e-07,174.06275486946106,244.7700536251068,3.006734232258168e-06,161.55127143859863,251.27834624052048,6.297098479990382e-06,174.84160733222961,239.38826298713684,1.988470830838196e-05,163.57490873336792,245.78656804561615,7.270665264513809e-06,175.84125757217407,253.42327868938446,8.787781553110108e-06,177.358051776886,246.31658673286438,1.1752786122087855e-06,180.69785499572754,251.62605771422386,1.8806696289175306e-06,174.13199639320374,238.64342045783997,3.158837898808997e-06,169.44169092178345,247.64086270332336,1.0,173.1567462682724,246.37981033325195,3.559669266905985e-06
4,175.50443124771118,236.68392765522003,3.6041276416654e-06,175.5033781528473,244.6672083735466,2.0431220946193207e-06,176.05815410614014,253.58171021938324,1.1276306395302527e-06,175.2367606163025,257.8723165988922,9.133200364885852e-06,176.13180541992188,241.78882336616516,6.782821856177179e-06,174.41012573242188,245.07158732414246,2.659674578353588e-07,173.9562919139862,244.74993360042572,5.794118351332145e-06,162.31752157211304,251.8079356253147,8.483801138936542e-06,174.7681565284729,239.68216967582703,2.3485870769945905e-05,161.28872442245483,248.33454847335815,2.286713061039336e-05,175.60425066947937,253.1833484172821,2.111729554599151e-05,177.23421239852905,246.5627875328064,1.385065957038023e-06,162.64206552505493,245.15798246860504,4.26102951678331e-06,170.36875212192535,255.5541477203369,3.006734232258168e-06,169.6535840034485,247.9509174823761,1.0,173.26239931583405,245.9815788269043,8.393707503273617e-06
5,175.00089287757874,236.17391431331635,8.392363270104397e-06,175.70377135276794,243.63164845108986,1.923090167110786e-06,176.32787799835205,252.7378118634224,4.109339215574437e-07,184.57832193374634,250.31612253189087,4.151275788899511e-06,173.88692140579224,236.744320333004,9.34871695790207e-06,174.7422275543213,239.34858226776123,2.895260422519641e-07,173.91504752635956,244.1281592696905,6.134203886176692e-06,161.50678968429565,250.17019021511078,6.589634722331539e-06,174.89873123168945,238.43676662445068,2.8624281185329892e-05,163.85011959075928,245.16527652740479,1.7444601780880475e-06,171.74030056595802,238.84823846817017,1.0303840099368244e-05,174.86940479278564,243.01043128967285,1.489478904659336e-06,179.01395320892334,245.60156202316284,1.776813178366865e-06,174.40760684013367,238.26837873458862,7.62999479775317e-06,169.46066570281982,246.57150173187256,1.0,173.87845265865326,245.0757884979248,1.6394596968893893e-06
6,175.0551242828369,236.35044744610786,6.115436463005608e-06,175.66855025291443,243.51661321520805,1.7252319821636775e-06,176.21271514892578,252.93808728456497,7.584265517834865e-07,184.53536415100098,250.7368973493576,5.671169219567673e-06,173.94331991672516,236.47695663571358,6.805011707911035e-06,174.55258440971375,244.64904981851578,1.4840848905350867e-07,173.68622374534607,244.22786837816238,5.77714627070236e-06,162.61019229888916,250.98737955093384,1.2059320397383999e-05,175.06176900863647,238.4404902458191,1.6133148164954036e-05,161.95724534988403,247.5765438079834,4.338652615842875e-06,175.23401856422424,252.68652510643005,1.5494850231334567e-05,177.6045904159546,252.17558494210243,1.2920361314172624e-06,189.5117644071579,248.9112138748169,3.702938784044818e-06,174.6723711490631,238.1660761833191,4.3683503463398665e-06,169.3455834388733,246.80111694335938,1.0,173.5028439760208,244.76369762420654,2.8355045742500806e-06
7,175.10498356819153,236.60820055007935,5.889623480470618e-06,175.6909053325653,243.84671872854233,1.9653386971185682e-06,176.4461851119995,253.4601011276245,5.996434424559993e-07,184.28474736213684,251.22316712141037,3.2750308491813485e-06,174.0564956665039,236.63809633255005,7.46170326237916e-06,174.92649388313293,244.66773355007172,2.3177506136562442e-07,173.84109449386597,244.36116620898247,4.9306649998470675e-06,162.51625299453735,250.97677791118622,6.0681995819322765e-06,174.85350155830383,238.65363574028015,1.6459327525808476e-05,161.8046679496765,247.40824556350708,1.0005674084823113e-05,175.7836046218872,253.10187768936157,1.4192420167091768e-05,174.82920098304749,243.59838914871216,8.923588552534056e-07,189.002361536026,249.51621532440186,3.848034793918487e-06,174.36674809455872,238.02077841758728,3.966021267842734e-06,169.39514684677124,246.88990211486816,1.0,173.81016266345978,245.03854179382324,2.1504436062969035e-06
8,174.72424626350403,236.47057670354843,1.3052011127001606e-05,175.44080924987793,243.46819734573364,2.4430210032733157e-06,175.8787145614624,252.81880742311478,8.519057814737607e-07,184.23366618156433,250.67964100837708,2.5301728783233557e-06,173.95699989795685,236.58222323656082,8.016426363610663e-06,175.07938981056213,246.95515823364258,2.0368662490000133e-07,173.55207669734955,244.47618907690048,6.482790922746062e-06,162.50771474838257,251.19151270389557,1.3196545296523254e-05,174.89681315422058,238.8369882106781,1.8667300537345e-05,160.8184995651245,248.09711909294128,4.0718528907746077e-05,161.08578777313232,253.77088534832,0.0001302974415011704,177.2629246711731,252.26384976506233,2.0079621663171565e-06,162.31601285934448,245.3008176088333,3.2434327295050025e-06,174.4857587814331,238.13097500801086,1.4501929399557412e-05,169.18542051315308,246.90913105010986,1.0,170.03075408935547,241.38307666778564,3.6476344575930852e-06
9,174.8261661529541,236.2014240771532,1.0725458196247928e-05,175.38743138313293,243.57073718309402,2.1895345980738057e-06,176.29052066802979,252.59650844335556,7.967914257278608e-07,184.18331146240234,250.5066201686859,3.1102886168810073e-06,173.59789180755615,236.85983180999756,9.982342817238532e-06,174.43424558639526,244.4562011063099,2.210019260928675e-07,173.8298009634018,244.44307300448418,8.647120012028608e-06,161.99032545089722,250.47039413452148,1.8202512364950962e-05,174.75261735916138,238.64357566833496,2.1894320525461808e-05,161.15347909927368,246.7394528388977,1.3562116691900883e-05,161.0655574798584,252.88795697689056,1.490613431087695e-05,177.17746925354004,245.7004120349884,1.692471414571628e-06,180.43662357330322,250.27480125427246,2.598417722765589e-06,174.38581442832947,238.06493043899536,8.003478797036223e-06,169.31479263305664,246.32045078277588,1.0,170.41983842849731,240.78272151947021,2.844965820258949e-06
10,175.02033185958862,236.3229760825634,1.1981323041254655e-05,175.45444321632385,243.4245520234108,4.014294518128736e-06,175.735178232193,252.62824493646622,9.985988072003238e-07,183.91181421279907,250.88926303386688,1.3477073480316903e-05,173.93872225284576,236.75965303182602,1.3622248843603302e-05,174.57837200164795,244.2641330063343,3.1162460345512955e-07,173.46421563625336,244.59114891290665,1.1888107110280544e-05,163.03717470169067,251.51500782370567,2.1587946321233176e-05,174.65758061408997,238.88921809196472,3.4107495594071224e-05,161.40169858932495,248.04829454421997,1.098623306461377e-05,161.4470419883728,253.6178469657898,0.00014506654406432062,177.0240387916565,252.79088854789734,1.7428221781301545e-06,189.0082881450653,248.57726526260376,1.1063690180890262e-05,174.6131820678711,238.6305549144745,1.288769180973759e-05,169.44516324996948,247.2546730041504,1.0,170.76998341083527,241.54125785827637,2.513029357942287e-06
11,175.11684918403625,236.19094075262547,9.166332347376738e-06,175.29895997047424,243.6269738972187,2.776681185423513e-06,175.99565720558167,252.58261263370514,1.0498062010810827e-06,184.19780778884888,250.54194343090057,5.24521146871848e-06,173.43224143981934,236.75440192222595,9.989514182962012e-06,163.10696411132812,238.5487551689148,5.010567178942438e-07,173.6884526014328,244.23088710010052,6.521353952848585e-06,162.3641471862793,251.01361858844757,1.2385507943690754e-05,174.73530673980713,238.52144718170166,2.0557226889650337e-05,159.89381790161133,247.66546630859375,9.481891174800694e-05,160.8214726448059,253.64561092853546,4.9536407459527254e-05,177.0230622291565,245.98420310020447,1.8756346662485157e-06,161.80525064468384,244.9429907798767,8.915677426557522e-06,174.29958820343018,237.98696982860565,6.806576493545435e-06,169.04980278015137,246.74377155303955,1.0,170.26834726333618,240.96858406066895,5.498227892530849e-06
12,175.0605924129486,236.0250031556934,1.0662563909136225e-05,175.2821774482727,243.43134796619415,3.1995252811611863e-06,175.69287204742432,252.36279746890068,1.470306187911774e-06,183.14948081970215,250.43803703784943,6.10104279985535e-06,173.56405758857727,236.5480979681015,1.948537101270631e-05,174.37734079360962,244.22655399143696,7.0011805064496e-07,173.53446352481842,244.26382395625114,2.96953057841165e-05,162.70557737350464,251.1466565132141,3.1602139642927796e-05,174.6451244354248,238.40938425064087,4.712486042990349e-05,160.43472957611084,248.31536149978638,0.00015493818500544876,161.34408617019653,254.04025721549988,0.00037469505332410336,176.99044036865234,252.51284629106522,2.980190629386925e-06,162.18113374710083,245.88307988643646,1.0657226994226221e-05,174.26096296310425,238.38438987731934,1.1238163097004872e-05,169.2873501777649,246.57841873168945,1.0,173.59967243671417,244.68690586090088,1.3065485291008372e-05
13,175.57217979431152,235.80574250221252,9.996251719712745e-06,175.50398635864258,243.4582794904709,3.934504547942197e-06,175.77789878845215,252.1741676479578,1.412424239788379e-06,174.00428342819214,253.1347862482071,3.5104128528473666e-06,173.6890162229538,236.69905120134354,1.2745981621264946e-05,174.326313495636,244.08986131101847,4.3233316660007404e-07,173.61746549606323,244.16517558693886,1.2012122169835493e-05,161.88740730285645,250.673970580101,2.3831560611142777e-05,174.93617463111877,238.35230541229248,2.8709029720630497e-05,160.52636098861694,247.21357250213623,5.846244312124327e-05,161.38209533691406,253.44072580337524,8.147837070282549e-05,176.88123035430908,251.82469184696674,3.225680529794772e-06,162.11805486679077,244.68462473154068,8.740749763092026e-06,174.82740950584412,237.76037192344666,8.04791761765955e-06,169.31310987472534,245.96913242340088,1.0,170.3343186378479,240.23762702941895,1.3240590305940714e-05
14,175.06198120117188,235.8614260405302,1.0213744644715916e-05,175.24005508422852,243.6015663743019,3.2892289709707256e-06,175.7191081047058,252.52057707309723,2.445655354677001e-06,173.97821748256683,253.10827839374542,6.0794827732024714e-06,174.96347975730896,241.5833604335785,1.0323078640794847e-05,174.87960243225098,246.93713903427124,5.49689957551891e-07,173.68619859218597,244.33516731858253,1.116744624596322e-05,162.16595315933228,250.85672461986542,5.372701252781553e-06,175.02246046066284,238.3335781097412,1.8799895769916475e-05,160.29238176345825,247.73869514465332,4.447180253919214e-05,175.51107573509216,253.39044296741486,2.7549192964215763e-05,177.30375337600708,252.14212913811207,2.9279915452207206e-06,179.9797077178955,250.40335643291473,8.058715138758998e-06,174.58570957183838,237.93999707698822,6.244150881684618e-06,169.14394330978394,245.8465166091919,1.0,170.44930374622345,240.95098686218262,8.99641599971801e-06
15,175.17438125610352,235.6198779642582,1.3161152310203761e-05,161.8618803024292,238.26893138885498,4.369112957647303e-06,173.34298133850098,246.963308095932,1.7999894907916314e-06,173.77087438106537,252.4699334204197,3.491029247015831e-06,173.45519471168518,236.40427488088608,1.8441378415445797e-05,167.25399708747864,239.80249547958374,4.953778898197925e-07,173.55360567569733,243.85252672433853,2.0828803826589137e-05,161.81906986236572,249.9671642780304,1.706110742816236e-05,174.89180731773376,237.97994077205658,3.9098202250897884e-05,160.12718677520752,247.0716118812561,5.0415776058798656e-05,161.25521898269653,253.04553139209747,6.232423766050488e-05,176.6917142868042,245.36764466762543,4.654573331208667e-06,162.01073503494263,244.666049182415,1.2283393516554497e-05,174.49824929237366,237.9682903289795,1.3249912626633886e-05,169.0678572654724,245.7207851409912,1.0,170.29724884033203,239.25713348388672,1.494658863521181e-05
16,174.93842601776123,235.5151710510254,1.0059224223368801e-05,175.25575947761536,243.05535912513733,2.8646115879382705e-06,173.1950340270996,247.06592297554016,1.472641315558576e-06,173.8907355070114,252.52784782648087,3.7461984447872965e-06,173.59963381290436,235.94607303664088,1.0229106919723563e-05,174.60608434677124,243.9230301901698,3.1682611734140664e-07,173.5131152868271,243.83204185962677,1.6266596503555775e-05,161.54650974273682,250.6955202817917,2.7125013730255887e-05,174.89846277236938,237.8623832464218,2.484346623532474e-05,160.45281648635864,247.56017017364502,1.6055300875450484e-05,161.12170839309692,253.54507505893707,3.577119787223637e-05,176.71719598770142,251.84768199920654,3.2562113574385876e-06,179.78820657730103,249.89393258094788,4.952725248585921e-06,174.70965576171875,238.08368706703186,1.3017553101235535e-05,169.28242778778076,245.80161666870117,1.0,169.6858811378479,240.1679048538208,1.0015899533755146e-05
17,174.49233746528625,235.75109139084816,1.0223197932646144e-05,175.1432445049286,242.90433478355408,2.349847363802837e-06,173.18623781204224,247.04449248313904,1.0948024282697588e-06,184.04106044769287,250.2843954563141,4.216683919366915e-06,173.43472170829773,235.5970070362091,9.151117410510778e-06,174.79959774017334,243.7677885144949,3.1172950798463717e-07,173.56848394870758,243.9036932066083,2.010860771406442e-05,161.4221420288086,250.8494634628296,3.992261554230936e-05,174.90663146972656,237.74911832809448,2.755174136837013e-05,162.75508975982666,245.00430607795715,8.965412234829273e-06,161.03084802627563,253.54672479629517,3.8656457036267966e-05,176.63858127593994,252.13443076610565,2.674857796591823e-06,179.6337571144104,249.800607919693,5.153855909156846e-06,174.44192099571228,238.3343517780304,1.3854841199645307e-05,169.11024236679077,245.72601890563965,1.0,169.11203002929688,240.3077974319458,7.388774520222796e-06
18,174.3110010623932,235.77605728805065,7.344270670728292e-06,161.33510398864746,237.8675481081009,2.3377772322419332e-06,157.72671282291412,246.4871129989624,1.1175064855706296e-06,173.16841793060303,252.5438466668129,2.486882749508368e-06,172.8190006017685,235.5655064880848,8.461703146167565e-06,174.36729550361633,243.7684461325407,3.841863644993282e-07,173.44180190563202,243.73407778143883,2.2676849766867235e-05,162.09650659561157,250.31198060512543,3.0787341529503465e-05,174.70733428001404,237.6205780506134,2.6455980332684703e-05,162.37331438064575,244.89850682020187,2.95934769383166e-05,161.04284620285034,252.99120593070984,0.00020244557526893914,176.31711626052856,251.7536921352148,3.0882808914611815e-06,162.60909461975098,244.23605996370316,1.0768175343400799e-05,173.74727165699005,238.4794852733612,6.648624548688531e-06,168.12998151779175,245.600923538208,1.0,172.8774455189705,244.16389274597168,1.534534021629952e-05
19,174.0209014415741,235.6135844886303,7.645699042768683e-06,161.34133052825928,237.63573789596558,1.7084089449781459e-06,175.00604271888733,251.49750638008118,1.4605526530431234e-06,172.9320816397667,252.144850730896,6.749300609953934e-06,173.90255737304688,241.15920639038086,7.409774298139382e-06,174.68392515182495,246.12573432922363,4.330618992298696e-07,173.39498257637024,243.6781149804592,1.6385796698159538e-05,161.27714443206787,250.21349322795868,3.762528649531305e-05,174.96844959259033,237.3759367465973,1.393528964399593e-05,160.05485725402832,247.31543016433716,1.3746839613304473e-05,160.93732261657715,253.40322732925415,0.00013804147602058947,176.09818172454834,251.61477172374725,4.2672600102378055e-06,179.23696184158325,249.47876119613647,1.2391365999064874e-05,173.93448424339294,237.90792834758759,6.064392437110655e-06,168.12111377716064,244.88739490509033,1.0,168.7391586303711,239.15406608581543,2.244746428914368e-05
20,174.52201747894287,235.3700035214424,9.138122550211847e-06,161.21033906936646,237.67851734161377,2.3165559923654655e-06,173.0226250886917,246.5592782497406,1.5595601325912867e-06,173.5968201160431,252.21062138676643,3.87010550184641e-06,173.23131370544434,235.49222058057785,9.387480531586334e-06,175.3618552684784,238.0742428302765,3.242825243887637e-07,173.5405468940735,243.60653296113014,2.4425749870715663e-05,160.9228868484497,249.8981397151947,2.1479130737134255e-05,174.94715404510498,237.4585086107254,2.1894426026847214e-05,162.36265659332275,239.14761209487915,2.5397948775207624e-06,175.14477729797363,252.52777433395386,2.182094794989098e-05,176.4200177192688,251.47733616828918,3.0434562177106272e-06,179.80422449111938,248.70453882217407,8.023194823181257e-06,174.61652541160583,237.93936896324158,1.0330731129215565e-05,168.96990299224854,244.7903289794922,1.0,170.32092332839966,238.67321491241455,6.618581210204866e-06
21,174.26254796981812,235.5271222293377,8.580261237511877e-06,161.416157245636,237.59409511089325,3.479684892226942e-06,172.69704854488373,246.65560674667358,1.3709769746128586e-06,173.0474215745926,252.009642329067,4.926228029944468e-06,173.34085178375244,235.13521492481232,8.511347004969139e-06,174.84872961044312,246.01885652542114,3.589939296944067e-07,173.43674635887146,243.56858217716217,1.5931787856970914e-05,161.1886854171753,249.8106620311737,2.0336849047453143e-05,175.2419934272766,237.15891540050507,1.693114791123662e-05,162.65164995193481,244.37027180194855,5.40187329534092e-06,160.89766931533813,252.52121210098267,2.1599211322609335e-05,176.2536015510559,251.15909999608994,4.231646016705781e-06,179.44561290740967,248.64802765846252,1.0340558219468221e-05,174.47556734085083,237.59678637981415,1.034324031934375e-05,168.5019998550415,244.40611171722412,1.0,169.968022108078,238.31445598602295,7.10914036972099e-06
22,174.43000030517578,235.44264340400696,7.396226465061773e-06,161.2541151046753,237.37724781036377,2.7085313831776148e-06,172.74335128068924,246.49587845802307,1.7513127659185557e-06,173.06295943260193,251.96690338104963,7.44683165976312e-06,173.1154226064682,235.2531477212906,9.781449080037419e-06,174.62144327163696,243.75317481160164,5.01221620652359e-07,173.4229609966278,243.44621360301971,2.8920923796249554e-05,161.1744089126587,249.95304441452026,1.4241486496757716e-05,174.8970799446106,237.13805329799652,2.1236162865534425e-05,162.45444869995117,244.23507553339005,6.6431671257305425e-06,174.81091976165771,252.65783351659775,4.033014556625858e-05,176.15704822540283,251.2390180826187,5.295523351378506e-06,179.38673305511475,248.49054479599,2.0249761291779578e-05,174.31197595596313,237.75368225574493,9.230553587258328e-06,168.61728048324585,244.21919536590576,1.0,170.37759351730347,238.35336589813232,1.0971763003908563e-05
23,180.55354011058807,237.446080327034,9.285346095566638e-06,161.41883945465088,237.38902115821838,3.5223608847445576e-06,172.6154658794403,246.14126920700073,1.8847292722057318e-06,172.68413108587265,251.13816010951996,3.1893625873635756e-06,173.25271713733673,234.9213297367096,1.1373821507731918e-05,174.70723509788513,245.67834186553955,4.67229995138041e-07,172.93848550319672,243.06932455301285,3.0076353141339496e-05,161.22386646270752,249.06509494781494,6.1740720411762595e-06,175.2653205394745,236.85240876674652,2.306344686076045e-05,162.3976354598999,244.0662507340312,3.48809430761321e-06,172.49355068802834,241.98730492591858,2.756322646746412e-05,175.43870973587036,250.5055309534073,7.23346374797984e-06,179.1428017616272,247.8476061820984,9.029413376993034e-06,174.31994557380676,237.54272174835205,1.2128555681556463e-05,168.8119034767151,243.86074447631836,1.0,170.21027648448944,237.46312141418457,1.3007314919377677e-05
24,180.9331750869751,237.04868912696838,1.105610681406688e-05,175.35670137405396,238.09434747695923,5.219717422733083e-06,172.65681087970734,245.98724508285522,3.0499065815092763e-06,173.1914427280426,251.28896564245224,3.929989361495245e-06,173.30758690834045,235.03255313634872,1.9401300960453227e-05,174.97331190109253,246.042622089386,7.247434155033261e-07,173.42230904102325,243.30884915590286,3.0829472962068394e-05,160.61608362197876,249.30211448669434,8.800201612757519e-06,175.32160305976868,236.8161844611168,2.8541368010337465e-05,162.11005067825317,243.93416745960712,1.3183311239117756e-05,173.03792989253998,241.80889129638672,3.842494697892107e-05,176.1258625984192,250.53314793109894,6.979521003813716e-06,179.56496906280518,247.82436656951904,1.0205069884250406e-05,174.8710799217224,237.3392460346222,1.0927165021712426e-05,169.6360936164856,243.35651206970215,1.0,169.26673769950867,239.6748218536377,1.2314064406382386e-05
25,180.57874339818954,237.21837079524994,8.41640849102987e-06,161.4116530418396,237.3618404865265,4.265330971975345e-06,172.56060928106308,246.10289001464844,3.0495866667479277e-06,172.99714744091034,251.17675453424454,7.092583018675214e-06,173.2270963191986,234.82940077781677,1.0395969184173737e-05,174.6941740512848,245.8935317993164,6.152437777018349e-07,173.36493813991547,243.17758929729462,2.5446061044931412e-05,160.44609785079956,249.4103753566742,3.304604979348369e-05,175.28671312332153,236.54400849342346,1.5115822861844208e-05,162.52937698364258,243.95737869292498,6.094587206462165e-06,173.17483568191528,241.7921760082245,2.2890300897415727e-05,176.10458326339722,250.76905250549316,7.430629011651035e-06,179.6501579284668,248.15559220314026,1.0673358701751567e-05,174.75980234146118,237.22791802883148,8.452975635009352e-06,169.08013534545898,243.3414363861084,1.0,170.70861411094666,237.76510334014893,1.3733421837969217e-05
26,174.48739528656006,235.01177388429642,8.706963853910565e-06,161.2653398513794,237.49154007434845,3.494586735541816e-06,172.35261598229408,245.73700165748596,2.27603459279635e-06,172.7528390288353,251.14387160539627,5.277987384033622e-06,172.73977208137512,234.63194632530212,1.0484322046977468e-05,174.80602478981018,245.63709449768066,6.636472562604467e-07,173.39549028873444,243.14845496416092,3.3499982237117365e-05,160.30602931976318,249.38685989379883,2.7630389013211243e-05,165.7179924249649,238.2748019695282,1.8505543266655877e-05,162.55380249023438,244.07185209542513,8.55551115819253e-06,173.05875551700592,242.0536437034607,3.9178070437628776e-05,175.89514207839966,250.67971849441528,7.377291240118211e-06,179.42272233963013,247.88805770874023,1.6823600162751973e-05,174.4293532371521,237.47506701946259,9.096292160393205e-06,168.84517097473145,243.37856245040894,1.0,170.34868919849396,237.45110607147217,2.2545400497619994e-05
27,174.37864065170288,235.19025361537933,9.340553333458956e-06,161.33781909942627,237.54074656963348,2.6779130166687537e-06,172.35910055041313,245.76017701625824,1.77284903202235e-06,172.7875413298607,251.0215123295784,5.349688763089944e-06,172.69344878196716,234.6855185031891,1.1886555512319319e-05,174.5429162979126,245.74127197265625,5.690639000022202e-07,173.1145429611206,243.1546516418457,2.5524197553750128e-05,160.46845531463623,249.09534168243408,2.428488187433686e-05,175.147882938385,236.54734015464783,1.4853687389404513e-05,162.3663845062256,243.99094908032566,5.7610754993220326e-06,172.90832597017288,242.11677992343903,2.2325775717035867e-05,175.5371549129486,250.64730620384216,6.7707164816965815e-06,179.28774642944336,247.5656328201294,1.2921535926579963e-05,174.14851260185242,237.42133939266205,7.1517624746775255e-06,168.7662501335144,243.31403732299805,1.0,170.12103760242462,237.16825008392334,1.812098707887344e-05
28,174.5143346786499,234.96290028095245,6.617583494517021e-06,161.01895999908447,237.26178634166718,5.509150469151791e-06,172.4875604212284,245.3999879360199,2.2467868348030606e-06,172.48305907845497,250.8352496623993,5.238068297330756e-06,172.23836934566498,234.5599503517151,1.3018124263908248e-05,174.4643211364746,245.56424045562744,7.020295811344113e-07,173.19716715812683,243.10284107923508,2.8213189580128528e-05,160.14100170135498,249.09802746772766,2.6069263185490854e-05,165.3202977180481,237.96602952480316,2.0481324099819176e-05,161.63624048233032,243.83961839973927,2.4796339857857674e-05,160.53194332122803,252.55979895591736,3.527465014485642e-05,175.5553195476532,250.37243044376373,9.098426744458266e-06,179.3948745727539,247.60409450531006,1.2201317986182403e-05,170.27255249023438,237.9361264705658,6.41276665191981e-06,168.51879787445068,243.0249466896057,1.0,170.0088791847229,236.99124240875244,3.304432175355032e-05
29,180.1376035362482,237.14071118831635,8.065027941484004e-06,161.24546909332275,237.2063398361206,6.759252300980734e-06,157.69036853313446,245.55627703666687,2.034374801951344e-06,172.54781126976013,250.68254113197327,5.4792012633697595e-06,172.42899838089943,234.13118720054626,1.2190490451757796e-05,174.2369258403778,243.35319060087204,4.328459510816174e-07,172.9110927581787,243.0786719918251,2.7348733055987395e-05,160.23308038711548,248.59875631332397,1.3847192349203397e-05,165.2191150188446,238.34368753433228,1.4094361176830716e-05,163.1352996826172,237.51575589179993,2.965796056741965e-06,173.0159239768982,242.06927049160004,2.7623511414276436e-05,175.31604480743408,250.12876987457275,8.114766387734562e-06,179.59527111053467,246.92662811279297,9.663141099736094e-06,174.2589898109436,237.1617238521576,5.013921963836765e-06,168.54909133911133,242.62036561965942,1.0,170.03701972961426,236.38998985290527,1.791774957382586e-05
30,175.14364337921143,234.92571997642517,8.065049769356847e-06,161.50774097442627,237.55702698230743,6.275576652114978e-06,157.89363169670105,245.48886382579803,3.4088398024323396e-06,173.1666806936264,251.29989445209503,5.717981821362628e-06,172.86109119653702,234.5073037147522,1.3319580830284394e-05,174.85825395584106,236.58300334215164,4.227344163609814e-07,173.40498995780945,243.234794318676,1.8884422388509847e-05,160.1632833480835,249.18076515197754,1.4452475625148509e-05,165.48243713378906,237.84981667995453,1.7864005712908693e-05,161.81034469604492,244.07948813587427,8.765032362134662e-06,173.40893411636353,242.3441573381424,2.6736473955679685e-05,176.0694122314453,250.5751292705536,7.238286798383342e-06,179.92679977416992,247.86857748031616,9.694043910712935e-06,175.56954622268677,247.75827169418335,5.435810180642875e-06,169.2416706085205,243.04309797286987,1.0,168.5148229598999,240.11329889297485,2.2478441678686067e-05
31,180.94749450683594,236.9511559009552,7.971340892254375e-06,175.196928024292,237.67400205135345,3.4719016639428446e-06,172.18315993249416,245.74776709079742,2.357730863877805e-06,172.85840499401093,250.9532893896103,4.834135779674398e-06,173.1845508813858,233.87244868278503,1.0822904187079985e-05,174.3650348186493,245.75451040267944,3.5850359836331336e-07,173.07052302360535,243.09288853406906,1.7062815459212288e-05,160.13432931900024,248.91843557357788,6.125342224549968e-06,175.73042488098145,235.94469816237688,1.13127662189072e-05,162.8783082962036,237.6411952972412,1.9276144485047553e-06,173.35206592082977,242.05061030387878,2.205511918873526e-05,175.75062680244446,250.41116774082184,5.737077117373701e-06,179.7296862602234,247.25984907150269,9.355208931083325e-06,174.97947669029236,237.04699039459229,4.685155545303132e-06,169.60155582427979,242.34278964996338,1.0,170.6350063085556,236.85317516326904,1.1129492122563533e-05
32,180.33385822176933,236.83375132083893,8.806943696981762e-06,161.55622148513794,236.9840596318245,1.0379771083535161e-05,157.8695137500763,244.8689830303192,4.288564014132135e-06,172.32762637734413,250.75909531116486,1.2009556485281792e-05,172.61517506837845,233.62748861312866,1.2665173926507123e-05,174.79183268547058,245.50241661071777,8.257465538008546e-07,172.93088614940643,242.97057366371155,3.089248275500722e-05,160.19574880599976,248.79224491119385,2.4848084649420343e-05,175.5181167125702,235.7043678164482,1.553669608256314e-05,162.01640605926514,244.02586225792766,8.214539775508456e-06,173.02712893486023,242.56211113929749,5.569371933233924e-05,174.86844658851624,250.4135274887085,1.3128147656971123e-05,179.02919006347656,246.66164588928223,2.558717278589029e-05,174.63069796562195,237.25409054756165,7.399493370030541e-06,169.27771425247192,242.1897168159485,1.0,170.6349697113037,236.77090740203857,3.844092498184182e-05
33,180.65031576156616,236.91507238149643,8.332138349942397e-06,161.62454414367676,236.8672468662262,2.6204836558463285e-06,171.90688528865576,245.13899874687195,1.9250076093157986e-06,172.5014904141426,250.5135567188263,1.027790131047368e-05,172.79001104831696,233.3333170413971,9.064191544894129e-06,174.77081894874573,245.71130323410034,5.145390673533257e-07,172.7994294166565,242.82253420352936,2.4699575078557245e-05,160.5422224998474,248.67029786109924,3.392758299014531e-05,175.54011821746826,235.4571152329445,9.028294698509853e-06,159.67111492156982,245.2841281890869,9.137625966104679e-06,172.88257831335068,242.35497736930847,3.9116588595788926e-05,174.7518970966339,250.30610704421997,7.418173936457606e-06,179.13104248046875,246.1572093963623,2.3278962544281967e-05,174.65917706489563,237.08707582950592,5.6095582294801716e-06,169.40771484375,242.07446336746216,1.0,170.95063495635986,236.6552610397339,2.9130738766980357e-05
34,180.776224732399,236.8405209183693,1.318086106039118e-05,161.5986819267273,236.97687566280365,4.085867658432107e-06,172.0762589201331,244.9109205007553,2.3154516384238377e-06,172.5845184326172,250.34878289699554,7.749106771370862e-06,172.9385468363762,233.8961067199707,1.745200643199496e-05,175.04578709602356,235.8712863624096,6.891980319778668e-07,173.04818761348724,242.80376589298248,4.328352588345297e-05,160.4932541847229,248.25684022903442,1.288240855501499e-05,175.44312524795532,235.89397082477808,2.2630294552072883e-05,162.0892367362976,243.6027059853077,1.0081505024572834e-05,173.06561636924744,242.54658782482147,6.583896174561232e-05,174.94326996803284,250.00457668304443,9.702072020445485e-06,179.3925633430481,246.19765853881836,2.34103554248577e-05,174.76180958747864,237.53013288974762,9.374348337587435e-06,169.4135251045227,242.4011402130127,1.0,171.35112190246582,236.03282070159912,3.546319203451276e-05
35,181.07902109622955,236.77259558439255,1.6319972928613424e-05,175.24174189567566,237.53285574913025,5.622846401820425e-06,172.05537594109774,245.28503835201263,3.704107939483947e-06,172.44322037696838,250.02970433235168,4.8452316150360275e-06,173.01660978794098,233.52503633499146,1.606314253876917e-05,175.07864451408386,235.90643963962793,7.20303944490297e-07,172.81052780151367,242.8160845041275,2.8998749257880263e-05,160.04070472717285,248.71632504463196,7.5841962825506926e-06,175.76127767562866,235.64381089806557,1.9029952454729937e-05,161.5678882598877,243.31255370378494,4.7531893869745545e-06,173.88717460632324,237.9046849012375,3.96065843233373e-05,175.04666137695312,249.95101809501648,7.379859198408667e-06,177.22204399108887,243.5601415336132,8.50320157042006e-06,174.7830309867859,237.0043669939041,8.793684173724614e-06,169.76649141311646,241.71164464950562,1.0,171.21787357330322,236.71313953399658,1.759693623171188e-05
36,180.7153359055519,236.49672254920006,1.4334058505482972e-05,161.58540964126587,237.13259041309357,1.3595176824310329e-05,172.01097194477916,244.91604340076447,5.2247073654143605e-06,172.40017268061638,250.1334731578827,9.286187378165778e-06,172.25774765014648,233.92300391197205,2.356495133426506e-05,166.91024351119995,237.69821107387543,9.367593634124205e-07,172.9221532344818,243.08489567041397,2.3995804440346546e-05,159.58659148216248,248.31823182106018,7.0385358412750065e-06,165.35757958889008,237.15966260433197,2.1874056983506307e-05,161.66086149215698,243.88792150467634,1.3380346899793949e-05,173.86996352672577,237.91522896289825,3.651585211628117e-05,175.53182721138,249.8642222881317,1.2076420716766734e-05,179.57450580596924,246.76224088668823,1.1157716471643653e-05,176.42027497291565,240.177227973938,6.066393780201906e-06,169.38156127929688,241.48501062393188,1.0,171.8184175491333,236.5278835296631,5.992300430079922e-05
37,180.66164588928223,236.70294499397278,1.0345844202674925e-05,161.52861070632935,237.15312147140503,8.113783223961946e-06,171.9324730783701,244.70351880788803,3.7162014905334217e-06,172.17948512732983,249.81604957580566,6.980273610679433e-06,172.3847129046917,233.53806161880493,1.5668556443415582e-05,167.11914467811584,237.72810339927673,7.33326430690795e-07,172.8131332397461,242.8088151216507,2.913723983510863e-05,159.96294951438904,248.17892837524414,1.3496469364326913e-05,165.60295689105988,237.07355666160583,1.3963252058601938e-05,161.83284091949463,243.98361353203654,1.564521880936809e-05,173.33952009677887,242.41603016853333,3.934149572160095e-05,174.94931650161743,249.92748093605042,1.3807553841616027e-05,179.36498928070068,246.13011980056763,1.012112625176087e-05,176.216539144516,239.95493984222412,9.681764822744299e-06,169.498703956604,241.57368087768555,1.0,171.41279315948486,236.09248733520508,8.288116077892482e-05
38,180.9441815018654,236.3176836669445,3.108059900114313e-05,161.6548433303833,237.07554399967194,1.9684450307977386e-05,171.71037286520004,244.4488006234169,7.642622222192585e-06,172.3883212506771,249.8251028060913,2.4061524527496658e-05,172.59427696466446,233.7380006313324,4.039264968014322e-05,174.53526854515076,235.45759272575378,1.3695812413061503e-06,172.8075408935547,242.91573333740234,3.2074480259325355e-05,168.91891384124756,249.6400318145752,8.656121281092055e-06,165.3121486902237,237.14570486545563,2.615532503114082e-05,161.59087467193604,244.22299401462078,1.672705366217997e-05,173.8990308046341,238.23265194892883,5.720673652831465e-05,175.12492966651917,249.8970856666565,1.5047360648168251e-05,179.34128189086914,246.01116561889648,2.069487891276367e-05,174.67505383491516,236.92141783237457,9.047273124451749e-06,169.6819577217102,241.23727560043335,1.0,170.20486915111542,237.85751962661743,7.402031769743189e-05
39,180.81647258996964,236.19009065628052,1.6535537724848837e-05,174.57626366615295,236.9936438202858,5.924165634496603e-06,171.66605055332184,244.59068977832794,3.7663667171727866e-06,172.316224694252,249.45243787765503,1.1472584446892142e-05,172.76176822185516,232.78036308288574,1.765837805578485e-05,175.04947352409363,235.1179941892624,9.466805863667105e-07,172.80032539367676,242.61377429962158,4.108623761567287e-05,175.61373901367188,239.60588765144348,7.62186391511932e-06,175.8277771472931,234.987144947052,1.9649771274998784e-05,161.34583616256714,243.4064518213272,4.570143573801033e-06,174.0716896057129,238.21847677230835,6.962780025787652e-05,174.91774535179138,249.82492971420288,1.0340794688090682e-05,176.81059408187866,242.92896926403046,2.187981408496853e-05,174.64307236671448,237.01417875289917,1.0335293154639658e-05,169.80205726623535,240.87304496765137,1.0,170.57387518882751,237.1783094406128,3.515117714414373e-05
40,181.1307681798935,236.3367059826851,1.6622212569927797e-05,174.76146364212036,237.23003828525543,6.9956672632542904e-06,171.29586511850357,244.53587597608566,3.443093419264187e-06,172.0875758305192,249.11748218536377,1.2074463484168518e-05,172.9356500506401,233.19292545318604,1.876115675258916e-05,175.0042052268982,235.40199387073517,7.046495511531248e-07,172.48542392253876,242.5488576889038,2.0283390767872334e-05,161.76487016677856,245.14559161663055,5.986360065435292e-06,175.9569594860077,235.36976981163025,1.733744647935964e-05,162.14276456832886,243.627994120121,3.56585337613069e-06,174.16000723838806,238.35258674621582,4.818519300897606e-05,174.17059206962585,249.53408193588257,9.337079973192886e-06,176.72299718856812,243.3449901342392,2.3533917556051165e-05,174.9066755771637,237.13840293884277,7.0271807999233715e-06,169.94113779067993,241.3215947151184,1.0,170.56394362449646,237.18551206588745,2.3794702428858727e-05
41,181.08577716350555,236.27303603291512,2.4434113583993167e-05,174.8184471130371,237.18121314048767,1.1519068721099757e-05,171.37596148252487,244.35672482848167,4.694042218034156e-06,172.2727664411068,249.20302820205688,8.42774079501396e-06,173.10945558547974,233.05114674568176,2.508379111532122e-05,175.08192443847656,235.1852445602417,1.1078523129981477e-06,172.6365066766739,242.4883335828781,2.355796459596604e-05,175.84987044334412,239.66630220413208,8.235552741098218e-06,175.97936844825745,235.17396652698517,2.558975938882213e-05,162.5752091407776,237.42052268981934,7.763670510030352e-06,174.26658701896667,238.44150352478027,8.632084063719958e-05,174.48853302001953,249.47863936424255,7.466216629836708e-06,176.98060989379883,243.2528885602951,1.7711858163238503e-05,175.0465486049652,237.20535492897034,1.1289766916888766e-05,170.31779718399048,240.9483232498169,1.0,170.94241046905518,237.09915256500244,2.6725663701654412e-05
42,181.05240941047668,236.38562166690826,1.732954478939064e-05,161.4176206588745,236.71686494350433,5.58310239284765e-06,171.66085904836655,244.63714343309402,4.89919966639718e-06,172.4846601486206,249.47517371177673,1.5718198483227752e-05,172.9274514913559,233.06244921684265,1.315630925091682e-05,174.5500283241272,245.74371147155762,6.761436566193879e-07,172.93887478113174,242.80602943897247,1.6722555301385e-05,175.78929591178894,243.85045012831688,4.217597052047495e-06,165.9346945285797,236.26981377601624,1.0929635209322441e-05,162.7965235710144,237.42522728443146,4.566148618323496e-06,174.3137857913971,238.12861275672913,3.490548624540679e-05,175.5215995311737,249.75949549674988,1.0768051652121358e-05,179.7023377418518,245.977276802063,1.2723573490802664e-05,178.41621387004852,238.20427322387695,7.816678589733783e-06,170.03508138656616,240.66564798355103,1.0,170.4595423936844,237.13526248931885,2.6244095352012664e-05
43,181.160626411438,236.16128578782082,2.790632061078213e-05,174.78788828849792,237.34564399719238,6.506189947685925e-06,171.57784432172775,244.56906282901764,4.618359980668174e-06,172.4650273025036,249.15198945999146,1.2711689123534597e-05,172.89367908239365,233.0695605278015,2.0731185941258445e-05,174.85630297660828,235.17991840839386,8.069259251897165e-07,172.54691064357758,242.58303666114807,2.505182783352211e-05,175.4079236984253,243.87534456700087,6.348109764076071e-06,175.89893245697021,235.0540450811386,1.9020009858650155e-05,161.09844779968262,243.29662764072418,1.707147566776257e-05,173.98502051830292,238.27702140808105,6.978779856581241e-05,174.9954595565796,249.43759036064148,1.0568515790509991e-05,177.09272813796997,243.09159457683563,1.4813824236625805e-05,177.0746340751648,240.30807280540466,1.0150888556381688e-05,170.16306686401367,241.00017547607422,1.0,170.64522063732147,237.14740467071533,2.754354318312835e-05
44,180.92687892913818,236.29201954603195,2.6653609893401153e-05,174.82449889183044,237.07499933242798,5.118344688526122e-06,171.33764362335205,244.235707372427,5.985423740639817e-06,172.11883075535297,248.69443488121033,2.8645965358009562e-05,173.0144076347351,232.57818222045898,1.3936471987108234e-05,174.663414478302,245.6577696800232,8.53781386922492e-07,172.8403280377388,242.55105459690094,2.0811254216823727e-05,168.86680459976196,248.8295590877533,1.061144757841248e-05,166.03829336166382,235.76555427908897,1.3376518836594187e-05,163.26050186157227,236.7916358113289,1.0817301699717063e-05,173.66598618030548,242.65183019638062,6.587344250874594e-05,174.9510736465454,249.4294192790985,1.574004090798553e-05,179.42445182800293,244.78160524368286,2.8969618142582476e-05,177.03193759918213,240.22926306724548,1.210206301038852e-05,169.9314317703247,239.9768135547638,1.0,171.87545512616634,234.39903259277344,2.974853850901127e-05
45,180.95578664541245,236.37608963251114,2.9859440473956056e-05,174.83748149871826,236.84173303842545,6.30049862593296e-06,171.27898716926575,244.08769286423922,5.188524482946377e-06,171.8063477128744,248.7383930683136,1.615326982573606e-05,172.81462216377258,232.39071083068848,1.7113383364630863e-05,175.0444552898407,234.64357125759125,8.35366222418088e-07,172.7641669511795,242.45686101913452,1.905805038404651e-05,168.540020942688,248.95803928375244,1.0233869943476748e-05,176.2467155456543,234.50905191898346,1.5447414625668898e-05,163.05109977722168,236.96092760562897,1.7561327695148066e-05,174.26926565170288,238.18270897865295,8.951179916039109e-05,174.64577865600586,249.526127576828,1.4467808796325698e-05,176.6967282295227,242.91879451274872,1.9141089069307782e-05,178.1043050289154,237.78356099128723,7.0039382080722135e-06,169.96389722824097,239.79593014717102,1.0,172.7392578125,235.47459602355957,3.5932709579356015e-05
46,181.43292367458344,236.19363605976105,1.9030459952773526e-05,175.0626232624054,236.68610030412674,6.0740471781173255e-06,171.62475576996803,244.25591841340065,6.251706508919597e-06,172.24814561009407,248.50761079788208,1.5670650100219063e-05,173.56622791290283,232.1912441253662,1.5947352949297056e-05,175.66901850700378,234.6050637960434,7.635072734046844e-07,172.8686248064041,242.49898946285248,3.991618359577842e-05,168.6144061088562,249.11959171295166,1.801271537260618e-05,176.54024839401245,234.56131601333618,1.827479718485847e-05,163.19092750549316,236.78610879182816,5.446670911624096e-06,174.3254051208496,238.16249632835388,0.00010587689030217007,174.7304332256317,249.8750216960907,8.811252882878762e-06,176.8985834121704,242.92688643932343,1.5909119611023925e-05,176.93292427062988,239.98374271392822,7.267621640494326e-06,170.9054193496704,239.96435499191284,1.0,172.14989911019802,233.94647598266602,1.3894523362978362e-05
47,181.37902927398682,236.48071712255478,2.135472277586814e-05,175.23790907859802,236.84753262996674,7.316921255551279e-06,171.60715407133102,244.44823932647705,5.5719488045724574e-06,174.4627103805542,246.33741092681885,1.1084515790571459e-05,173.1985605955124,232.3909592628479,1.599630923010409e-05,175.262268781662,234.55364501476288,6.324478931674093e-07,172.85060507059097,242.486013174057,1.9436782167758793e-05,168.92869663238525,249.4274709224701,8.289482138934545e-06,176.48963356018066,234.61390209197998,1.1507408089528326e-05,162.66262912750244,236.59897208213806,9.74209797277581e-06,174.40362191200256,238.0917899608612,7.341757736867294e-05,174.90848660469055,249.86994242668152,5.752417564508505e-06,177.2204999923706,243.0021247267723,8.101659659587312e-06,178.31602013111115,237.7958312034607,5.084187705506338e-06,170.78968286514282,239.75391960144043,1.0,170.9924350976944,236.47369050979614,9.801729902392253e-06
48,181.04381000995636,236.57471626996994,1.5383862773887813e-05,175.13753485679626,236.44588431715965,2.4346575173694873e-06,171.23112750053406,243.82971151173115,3.261454367020633e-06,174.4415681362152,245.82256078720093,1.1330073903081939e-05,173.4244122505188,231.52474880218506,6.4659475356165785e-06,174.80154514312744,245.61566257476807,3.8728231288587267e-07,172.87010604143143,242.15621423721313,9.640957614465151e-06,161.5994257926941,244.21779738366604,7.186240964074386e-06,176.71233654022217,228.65190011262894,1.1104937584605068e-05,163.47456550598145,236.36720877885818,4.909133622277295e-06,173.55190920829773,242.4673889875412,4.9636139010544866e-05,174.37347197532654,249.41924834251404,1.0902287613134831e-05,176.8718500137329,243.05952167510986,1.1914791684830561e-05,178.25027561187744,237.3163846731186,4.48385708295973e-06,170.03989255428314,238.89778232574463,1.0,171.80545116961002,233.54943656921387,1.454463017580565e-05
49,181.10038030147552,236.60432785749435,1.744195651554037e-05,175.1686406135559,236.55510938167572,5.3237072279443964e-06,171.1103075146675,243.7145162820816,3.0822050121059874e-06,174.5529761314392,245.76310408115387,1.2049203178321477e-05,173.3242131471634,231.8705930709839,1.2192420399514958e-05,175.45631742477417,234.29446291923523,5.774297733296407e-07,172.65847444534302,241.77798414230347,1.1810835530923214e-05,174.83369779586792,243.4152403473854,8.730618901608977e-06,176.6467890739441,228.764992415905,2.6093663109350018e-05,163.85250806808472,236.2816442847252,5.624358891509473e-06,174.4596016407013,237.7255928516388,8.832127787172794e-05,173.64488089084625,249.1131889820099,6.309644504653988e-06,176.58220052719116,242.9871425628662,1.650731974223163e-05,172.5526272058487,226.97711563110352,1.4008720427227672e-05,169.97458171844482,238.8697681427002,1.0,171.7422407567501,234.81838035583496,9.690900697023608e-06
50,181.67553842067719,236.39334657788277,2.7913480153074488e-05,175.3031816482544,236.584823012352,6.26337350695394e-06,171.32303315401077,243.68832767009735,3.82195094061899e-06,174.59677696228027,245.77222990989685,1.0951013791782316e-05,173.70697724819183,232.00340461730957,1.692749901849311e-05,175.41978788375854,234.2375316619873,5.532446607503516e-07,172.67860317230225,241.99116730690002,2.0359144400572404e-05,174.8712863922119,243.62984910607338,1.1286472727078944e-05,176.55076360702515,229.22381258010864,2.3472435714211315e-05,162.9988408088684,236.36402955651283,8.051379154494498e-06,174.4948275089264,237.91420984268188,8.483797137159854e-05,173.91823589801788,249.462060213089,6.171852419356583e-06,176.55202436447144,242.74935615062714,1.2149022950325161e-05,173.25860965251923,227.81984519958496,7.937433110782877e-06,171.3075590133667,238.97164058685303,1.0,172.26750907301903,235.07294750213623,1.0764027138066012e-05
51,180.83513444662094,236.51808559894562,2.3799968403181992e-05,175.03644609451294,236.63116592168808,5.436307674244745e-06,170.86628091335297,243.44961726665497,2.5593312784621958e-06,174.37657475471497,245.33495664596558,1.5033247109386139e-05,174.77864527702332,228.2015456110239,1.4698976883664727e-05,175.1676058769226,233.9659068584442,5.277667582959111e-07,172.5390157699585,241.867258310318,7.302825906663202e-06,174.68585181236267,243.17900717258453,8.3039767559967e-06,173.6153118610382,228.91068267822266,3.010542059200816e-05,163.57818126678467,235.98978588636965,6.960059181437828e-06,174.5685670375824,237.89044749736786,7.253870717249811e-05,187.6016843020916,241.50891542434692,6.411769390979316e-06,176.55725860595703,243.00279688835144,1.1320082194288261e-05,172.75146037340164,227.095947265625,1.2370125659799669e-05,169.79358959197998,238.39458084106445,1.0,167.1405816078186,236.87265300750732,1.3228638636064716e-05
52,180.4989838898182,236.67780512571335,2.1178380848141387e-05,175.87055325508118,231.99301552772522,5.916267582506407e-06,170.89860546588898,243.50595539808273,1.7426044678359176e-06,174.45690393447876,245.18382000923157,1.62936448759865e-05,175.19835710525513,227.78241609036922,1.2805315236619208e-05,175.20453333854675,233.62249326705933,3.986210117545852e-07,174.57134103775024,234.85691452026367,4.952895324095152e-06,166.204749584198,244.10791886597872,1.1011008609784767e-05,174.0906732082367,228.27359676361084,3.422662121010944e-05,163.47983169555664,235.59661296010017,9.0562252808013e-06,174.86435508728027,237.78605043888092,5.632874308503233e-05,187.49772322177887,240.80189323425293,8.961505955085158e-06,176.67246389389038,243.09790170192719,6.738360752933659e-06,172.92454290390015,226.46204614639282,1.0145333362743258e-05,170.25141716003418,237.7270212173462,1.0,167.8223361968994,238.33049201965332,1.0929989002761431e-05
53,180.7577584385872,236.75950276851654,1.976071871467866e-05,175.0295057296753,236.3620481491089,5.277162017591763e-06,170.87443566322327,243.45100581645966,2.217115252278745e-06,174.39794206619263,245.4216901063919,2.128439700754825e-05,173.02125191688538,231.5443434715271,1.3678016330231912e-05,175.19035601615906,233.7588095664978,5.5679049637547e-07,172.48009952902794,241.9857451915741,8.885587703844067e-06,166.2705466747284,244.31358712911606,1.0823234333656728e-05,176.05547380447388,228.58061468601227,1.7466823919676244e-05,163.9980435371399,235.967882566154,3.5888715501641855e-06,174.75842690467834,238.0270414352417,7.900631317170337e-05,173.59635078907013,249.2655782699585,4.16987631979282e-06,176.62825345993042,243.0125824213028,1.0147772627533413e-05,178.11761283874512,236.97883135080338,4.336646270530764e-06,169.73145723342896,238.1346616744995,1.0,172.0429445579648,234.61862754821777,1.1218149666092359e-05
54,181.00364077091217,236.65661537647247,1.5155892469920218e-05,175.6295886039734,232.62550973892212,6.397385277523426e-06,170.89369022846222,243.40798646211624,2.0713380308734486e-06,174.64428114891052,245.0468122959137,8.861326023179572e-06,174.61569237709045,228.09303287416697,1.8825872757588513e-05,167.19858479499817,236.2805438041687,4.795464860762877e-07,174.57422137260437,234.85557997226715,2.7713952022168087e-06,166.32200956344604,244.034814350307,4.319178970035864e-06,173.47522938251495,229.28871822357178,3.1712483178125694e-05,163.05644130706787,236.10484194755554,7.572531558253104e-06,174.93517518043518,237.8907905817032,5.1500821427907795e-05,173.83222424983978,248.82304286956787,3.223079147574026e-06,176.84506368637085,243.08953082561493,3.866578481392935e-06,172.46507042646408,226.88105821609497,9.163903087028302e-06,169.56719255447388,238.31553840637207,1.0,167.16410160064697,236.8522720336914,1.3736723303736653e-05
55,180.80848395824432,236.84532630443573,1.06160232462571e-05,175.23678755760193,236.2689097225666,4.725803137262119e-06,170.61998665332794,243.06653136014938,3.750133828361868e-06,174.44368410110474,245.1463131904602,2.7984619009657763e-05,173.05055451393127,231.2916555404663,1.2157425771874841e-05,167.73344540596008,235.87901240587234,5.689901172445389e-07,172.53289633989334,241.39990615844727,9.462587513553444e-06,174.24971890449524,243.31095111370087,1.2351901204965543e-05,173.8250105381012,228.67991638183594,2.915967343142256e-05,162.9573802947998,236.14992402493954,1.589483508723788e-05,174.68776869773865,237.7456535100937,8.582238660892472e-05,172.96861451864243,249.33709192276,7.571064998046495e-06,175.9757616519928,243.16442584991455,1.624735705263447e-05,173.14592003822327,226.72147369384766,9.72905309026828e-06,170.1268904209137,237.68162441253662,1.0,171.98289383389056,233.86475467681885,1.4488865417661145e-05
56,181.04617393016815,236.46658158302307,1.3258596482046414e-05,175.25117874145508,236.5973990559578,4.903537501377286e-06,171.0482901930809,243.4496762752533,3.267899046477396e-06,174.632883310318,245.05472612380981,1.4759448276890907e-05,175.05673217773438,227.96948300674558,1.2623982911463827e-05,167.20630049705505,236.2219115048647,6.009778985571756e-07,172.6709321141243,241.94092845916748,5.544824034586782e-06,174.8929362297058,243.12766820192337,5.576700914389221e-06,173.86154854297638,228.69176197052002,3.4382504964014515e-05,162.43837118148804,236.38541343808174,1.2110109310015105e-05,174.89432501792908,237.83855736255646,6.534607382491231e-05,173.99758577346802,249.09076857566833,4.552096015686402e-06,176.76193475723267,242.82703745365143,6.407698947441531e-06,172.99834543466568,227.07068014144897,7.567311513412278e-06,170.23553907871246,238.06459045410156,1.0,167.81521463394165,236.5715856552124,1.774696102074813e-05
57,180.5375365614891,237.04505491256714,1.0516807378735393e-05,175.2016143798828,236.37156915664673,4.39031828136649e-06,170.67242431640625,243.22923946380615,3.315348976684618e-06,174.78815937042236,244.7407756447792,1.615423934708815e-05,175.17588639259338,227.3365084528923,1.8841426935978234e-05,167.15660786628723,236.1336936801672,3.169330966557027e-07,173.89465963840485,231.16159296035767,3.7839247397641884e-06,166.20609092712402,243.79057379066944,7.889833796070889e-06,173.84881258010864,227.99450731277466,5.2684012189274654e-05,163.5456714630127,235.27853792905807,6.872212452435633e-06,175.08736515045166,237.5904358625412,4.8249981773551553e-05,173.62384009361267,249.13644337654114,3.330528443257208e-06,176.67184495925903,243.19545257091522,4.578681000566576e-06,173.1300666332245,226.3861060142517,2.426823448331561e-05,169.9289288520813,237.150164604187,1.0,171.92036994546652,233.26296424865723,1.1219016414543148e-05
58,180.81494027376175,236.91420501470566,1.0432020644657314e-05,175.80565977096558,231.62364387512207,4.548893230094109e-06,171.08693182468414,243.13669979572296,2.4204980491049355e-06,174.78750467300415,244.73762273788452,1.037517904478591e-05,175.37620854377747,227.42525655031204,2.0164316083537415e-05,167.5024697780609,235.99462438421324,5.299405074765673e-07,173.9561402797699,231.07913327217102,5.929632152401609e-06,166.2836468219757,243.7098359465599,4.781777988682734e-06,173.91220581531525,227.65034341812134,8.199560397770256e-05,163.42814111709595,235.34849750995636,1.1276295481366105e-05,175.28567695617676,237.68660581111908,5.569413769990206e-05,187.3343705534935,240.4734172821045,3.1647991818317678e-06,186.06465673446655,237.64954578876495,5.397198037826456e-06,173.51461458206177,226.24630212783813,2.9471219022525474e-05,170.49739837646484,236.71137237548828,1.0,172.73062378168106,233.13196849822998,1.1554925549717154e-05
59,181.1083606481552,236.68581759929657,1.3744323041464668e-05,175.4017457962036,236.2348314523697,6.248744284675922e-06,170.82534801959991,242.86174821853638,2.611811396491248e-06,184.1600239276886,238.1926007270813,9.543644409859553e-06,175.25636553764343,227.5783474445343,3.050522536796052e-05,167.14662718772888,236.12875433266163,1.3657738691108534e-06,173.94282042980194,231.22069811820984,8.448729204246774e-06,174.2985758781433,242.8834239244461,4.5908618631074205e-06,173.72236728668213,227.8746953010559,8.93528267624788e-05,162.81896495819092,236.28736916184425,4.61607523902785e-05,174.98528671264648,237.48855197429657,9.021464211400598e-05,187.59796890616417,239.97299313545227,5.058391252532601e-06,186.32917475700378,237.22188901901245,6.257892437133705e-06,173.33270263671875,226.55704927444458,2.5310288037871942e-05,170.78768682479858,236.88752365112305,1.0,172.97484356164932,232.6668930053711,1.7321513951173984e-05
60,181.02191948890686,236.68314212560654,1.051534400176024e-05,175.59439492225647,235.85934138298035,6.210158971953206e-06,170.82439804077148,243.17045783996582,2.983537797263125e-06,174.440025806427,244.23641927540302,1.1414635082473978e-05,176.30058097839355,227.2056301832199,1.484647873439826e-05,175.1774389743805,233.36375880241394,6.029929977557913e-07,174.16462469100952,230.59407353401184,8.78017544891918e-06,174.26892399787903,242.7873237133026,5.521247658180073e-06,174.74109625816345,226.1931414604187,6.882513116579503e-05,162.87266969680786,235.28711915016174,1.1336731404298916e-05,175.02713918685913,237.1932430267334,0.00010230892803519964,187.56170824170113,239.80843997001648,8.366368092538323e-06,179.75453233718872,236.26665496826172,1.0244775694445707e-05,174.0294964313507,225.6276412010193,2.5378831196576357e-05,171.37874364852905,236.15418338775635,1.0,173.43984806537628,232.35312747955322,7.388090580207063e-06
61,181.6782989501953,236.2673079073429,2.4300934455823153e-05,175.55883741378784,235.77457010746002,1.3120011317369062e-05,171.07335644960403,243.01078808307648,8.424132829532027e-06,174.90134572982788,244.55133843421936,2.398802462266758e-05,176.18116760253906,227.4688642024994,2.4597064111731015e-05,175.23697805404663,233.29867339134216,9.862591241471819e-07,174.05054879188538,230.91261506080627,1.3476932508638129e-05,174.54698848724365,242.93446016311646,1.6529611457372084e-05,174.37250471115112,227.07190561294556,9.884110477287322e-05,162.78227949142456,235.93376656621695,2.719671101658605e-05,175.02471899986267,237.40445411205292,0.00016632574261166155,188.0758563876152,240.02805089950562,2.0094787032576278e-05,179.66516065597534,236.31740808486938,1.1617386917350814e-05,174.1563458442688,225.81652450561523,1.2378563042148016e-05,171.6568007171154,236.46247673034668,1.0,169.5469605922699,234.76923036575317,2.0321609554230236e-05
62,180.80037266016006,236.54409795999527,9.388286343892105e-06,175.77584600448608,230.92054891586304,7.749173164484091e-06,176.15355920791626,239.454829454422,1.4748969761058106e-06,174.56673979759216,244.44532543420792,8.02882914285874e-06,176.08507442474365,227.30181676149368,1.6843603589222766e-05,173.83559584617615,231.08765578269958,5.096204063192999e-07,174.08016228675842,230.84912252426147,6.864397619210649e-06,174.14712381362915,242.6971024274826,3.6959145290893503e-06,174.2782919406891,226.74050855636597,6.37168122921139e-05,177.10763025283813,233.37072682380676,3.819126959569985e-06,175.16849184036255,237.51892757415771,7.01164681231603e-05,187.88536795973778,240.03355407714844,4.044578872708371e-06,179.6823706626892,236.64774161577225,8.032006917346735e-06,173.77994871139526,225.51603364944458,1.6631423932267353e-05,170.86403369903564,235.91351795196533,1.0,167.9888596534729,234.30888319015503,7.041926437523216e-06
63,176.12914896011353,222.6535186767578,2.0430779841262847e-05,175.84885811805725,231.21449255943298,1.62832820933545e-05,170.78288733959198,243.06004625558853,3.114756054856116e-06,174.77554512023926,244.23545682430267,1.2783255442627706e-05,175.94981408119202,227.3063782453537,3.62036116712261e-05,166.9757206439972,236.02177339419723,1.0358642157370923e-06,174.0597949028015,230.80126810073853,7.904671292635612e-06,174.33087372779846,242.71697306632996,4.423950031196e-06,174.07255959510803,226.91723108291626,0.00013794805272482336,162.2767572402954,235.02849280834198,1.3199388376960997e-05,175.2713131904602,237.44760012626648,6.607986870221794e-05,187.54814675450325,240.13069343566895,9.241431143891532e-06,187.08198153972626,236.97877299785614,6.813207619416062e-06,173.70400536060333,225.15654230117798,1.63076492754044e-05,171.14200115203857,235.81140804290771,1.0,168.50006198883057,234.35145950317383,1.4775304407521617e-05
64,175.804949760437,222.769713640213,1.7512593331048265e-05,175.64344358444214,231.33977580070496,9.42895894695539e-06,176.16139125823975,239.27010798454285,2.1429443677334348e-06,184.21786522865295,237.8849639892578,6.031792963767657e-06,175.45374178886414,227.41564387083054,3.4868553484557196e-05,166.77599024772644,236.04318467900157,1.7215209027199307e-06,174.0852952003479,230.75446915626526,1.0029682016465813e-05,166.63051104545593,243.24726688861847,3.490978997433558e-06,173.81312227249146,227.06396675109863,0.00017216756532434374,162.55043363571167,235.59792748093605,2.589699943200685e-05,175.02791357040405,237.35014867782593,7.564837869722396e-05,187.31839621067047,239.95784854888916,5.961867373116547e-06,179.8965768814087,236.36744472384453,4.026137503387872e-06,173.55901753902435,225.7242283821106,3.531847323756665e-05,170.53452062606812,236.12712574005127,1.0,168.04393434524536,234.39182949066162,2.6532838091952726e-05
65,175.82140922546387,222.20095992088318,4.114866169402376e-05,175.78831219673157,230.64401006698608,1.3140948794898577e-05,176.38100719451904,239.0145401954651,1.5057419204822509e-06,184.29232382774353,237.5153192281723,6.39222662357497e-06,174.20825386047363,224.54462099075317,3.785068111028522e-05,173.78228521347046,230.5091471672058,9.97683173409314e-07,173.92090845108032,230.28758573532104,1.2023239833069965e-05,175.45556688308716,225.58465385437012,4.722338871943066e-06,173.8577139377594,226.08374309539795,0.0001887907856144011,162.26302909851074,234.4672693014145,1.8502965758671053e-05,175.1123390197754,237.18793082237244,4.985958003089763e-05,187.15796941518784,239.4618856906891,5.4370543693949e-06,178.66887855529785,231.15130829811096,4.5869846871937625e-06,173.82211065292358,224.76583337783813,3.9470996853196993e-05,170.53211641311646,235.14553880691528,1.0,167.9711046218872,233.42418432235718,1.3886960005038418e-05
66,175.91530847549438,222.03427410125732,3.238984936615452e-05,175.53363347053528,230.75465059280396,1.1880083548021503e-05,176.13204717636108,238.78778386116028,2.693973783607362e-06,174.6336441040039,243.3496174812317,1.064120078808628e-05,175.50287103652954,227.03656655550003,5.217942452873103e-05,166.4187526702881,235.58955818414688,2.389106839473243e-06,174.01232504844666,230.45121335983276,8.571028047299478e-06,175.42251586914062,225.7149806022644,4.600324245984666e-06,173.7457892894745,226.69007349014282,0.00019235328363720328,161.9764428138733,235.01143944263458,4.3934811401413754e-05,175.1219518184662,237.44408082962036,5.727349343942478e-05,173.08802664279938,229.21420001983643,4.4068456190871075e-06,180.05663967132568,236.2312069684267,5.622058324661339e-06,173.82449662685394,225.0910120010376,3.26328918163199e-05,170.116144657135,235.02905797958374,1.0,173.03918743133545,231.6347894668579,2.4984119590953924e-05
67,180.74097573757172,236.60186821222305,7.196891601779498e-06,175.51466464996338,235.5709472298622,5.141896508575883e-06,170.5416615009308,242.46337819099426,3.7201766645011958e-06,175.04872274398804,243.91526098549366,3.361954804859124e-05,175.9018428325653,226.9218156337738,1.895977766253054e-05,166.93069505691528,235.4662824869156,1.2151049304520711e-06,173.8763666152954,230.46319723129272,1.063796389644267e-05,166.02969551086426,242.74557054042816,1.6162777683348395e-05,174.09637117385864,226.47090005874634,9.055905684363097e-05,162.7320261001587,234.76018571853638,2.898404090956319e-05,175.1741111278534,237.53510236740112,6.842593575129285e-05,187.27105724811554,239.24315929412842,5.377027719077887e-06,180.0551519393921,236.16731628775597,8.818179594527464e-06,174.05060148239136,225.5079860687256,1.2410170711518731e-05,171.02482414245605,235.58237028121948,1.0,173.3149106502533,231.61956691741943,1.1507628187246155e-05
68,176.20409631729126,222.10534143447876,2.487575329723768e-05,175.8567078113556,230.78440952301025,1.0608684533508494e-05,176.24392318725586,238.87535095214844,1.9476319721434265e-06,183.91701984405518,237.47542297840118,1.1653015462798066e-05,175.6550807952881,226.985182762146,3.775943332584575e-05,166.94489312171936,235.73185700178146,1.1781841067204368e-06,173.88293206691742,230.5050368309021,9.237087397195864e-06,166.27975749969482,242.78925681114197,6.205168119777227e-06,173.75559961795807,226.79019498825073,0.00018746590649243444,162.90904235839844,235.17611116170883,1.4999336599430535e-05,175.2680995464325,237.64720046520233,5.103519288240932e-05,173.2179992198944,229.33323192596436,3.7439695006469265e-06,187.24253106117249,236.35280507802963,4.974917374056531e-06,174.25221157073975,225.2038722038269,3.311589534860104e-05,170.9674768447876,235.56922578811646,1.0,170.430104970932,235.17704391479492,1.5778363376739435e-05
69,176.1707468032837,221.69567108154297,2.5920620828401297e-05,175.76246452331543,230.06782579421997,1.0439473953738343e-05,176.16662168502808,238.72495460510254,1.64497089372162e-06,183.87663221359253,237.35389721393585,9.979020433092955e-06,176.30838918685913,226.8244607448578,2.0511328330030665e-05,173.9615511894226,230.1525866985321,6.303494615167438e-07,174.17545437812805,230.0167875289917,6.805180419178214e-06,175.9689815044403,225.60183095932007,4.237259418005124e-06,174.26301550865173,225.49708223342896,0.00012717455683741719,162.647686958313,233.80220985412598,7.298355285456637e-06,175.39953923225403,237.33442318439484,3.930643651983701e-05,186.70554852485657,238.9687111377716,6.227934136404656e-06,187.36333858966827,236.09616612643003,7.346974143729312e-06,174.40731930732727,224.47028970718384,2.9266428100527264e-05,171.10775709152222,234.48319053649902,1.0,168.42372751235962,232.7101821899414,7.464414466085145e-06
70,175.82861709594727,221.68108677864075,4.102363163838163e-05,175.41085600852966,230.03903126716614,1.2835930647270288e-05,175.86867380142212,238.46437907218933,3.0430935566982953e-06,174.76935696601868,242.68874847888947,1.0581222340988461e-05,174.2377541065216,223.85704684257507,3.56506097887177e-05,166.2874972820282,235.78215797245502,1.3318817764229607e-06,174.04054498672485,229.9928433895111,9.863571904134005e-06,175.68732237815857,225.7685751914978,6.4186770032392815e-06,174.05553221702576,225.6820969581604,0.00017313688294962049,161.9674096107483,234.2589704990387,4.890640775556676e-05,175.28739023208618,237.5337530374527,6.42350860289298e-05,173.8262277841568,228.80559921264648,4.829063072975259e-06,179.94763278961182,235.90543822199106,8.855809028318617e-06,174.1077377796173,224.63349437713623,3.685210322146304e-05,170.36801958084106,234.04248189926147,1.0,172.8957005739212,230.2599515914917,1.1966718375333585e-05
71,175.78955936431885,221.68857848644257,4.349596201791428e-05,175.60049414634705,230.0428113937378,1.0676412784960121e-05,176.16089582443237,238.68166065216064,2.469698074492044e-06,174.59603095054626,242.95251047611237,9.567592314851936e-06,174.0712606906891,223.7930428981781,3.8132406189106405e-05,166.3259575366974,235.6719655394554,1.2597732848007581e-06,173.99541747570038,229.9606021642685,1.0047565410786774e-05,162.29994821548462,237.2308931350708,1.0400640348962042e-05,173.89080011844635,225.80537796020508,0.0001932913000928238,162.35779428482056,234.11815416812897,4.23849378421437e-05,175.27914476394653,237.4626830816269,5.806081389891915e-05,173.75986063480377,228.74738883972168,4.937897756462917e-06,179.9415864944458,235.92364832758904,6.931556072231615e-06,173.84622657299042,224.45303201675415,6.05259629082866e-05,170.05203676223755,234.35936307907104,1.0,172.44050496816635,230.38182640075684,1.3834139281243552e-05
72,175.84655451774597,221.9264396429062,3.206236578989774e-05,175.68918013572693,230.01089239120483,1.1509789146657567e-05,175.89277935028076,238.56742930412292,2.331938731003902e-06,174.80081963539124,243.14653158187866,2.834895894920919e-05,174.48456645011902,223.82907676696777,2.2953037841944024e-05,173.749387383461,230.1919391155243,7.607177394675091e-07,173.87595343589783,229.99215865135193,7.826225555618294e-06,165.9638236761093,242.0553764104843,1.2296426575630903e-05,174.17039704322815,225.5914888381958,0.00012030694051645696,162.85526990890503,233.84420442581177,7.975546395755373e-06,175.25087714195251,237.39791429042816,4.759160947287455e-05,186.56490683555603,238.7509789466858,4.770455234393012e-06,179.87872314453125,235.78759703040123,1.0626577022776473e-05,174.1467833518982,224.40603494644165,2.2754989913664758e-05,170.58576917648315,234.13806009292603,1.0,172.6673485636711,230.72209548950195,8.732234164199326e-06
73,175.82933259010315,221.71499514579773,2.990503708133474e-05,175.66633939743042,229.91703271865845,1.070171310857404e-05,176.00156450271606,238.32781887054443,2.328889650016208e-06,174.84914588928223,242.89242017269135,2.0689729353762232e-05,175.95349717140198,226.51417434215546,2.5901692424668e-05,173.9761140346527,229.98349404335022,1.0316998668713495e-06,173.80781364440918,229.89844596385956,1.841700213844888e-05,166.08603429794312,242.03351056575775,2.1166832084418274e-05,174.0206184387207,225.62773942947388,0.0001584823039593175,162.30466079711914,233.61051201820374,2.5863755581667647e-05,175.11510276794434,237.5097428560257,9.058298746822402e-05,186.2908284664154,238.2542085647583,4.9904847401194274e-06,179.7194013595581,235.46036702394485,1.097635777114192e-05,174.464617729187,224.30126333236694,2.8244039640412666e-05,171.08975458145142,234.14027214050293,1.0,172.81300568580627,230.56119632720947,9.971829058486037e-06
74,176.04281187057495,221.8775054216385,3.5081920941593125e-05,175.72352290153503,229.69421648979187,9.63610455073649e-06,175.98198103904724,238.2345576286316,2.78903507933137e-06,184.0157437324524,236.28385511040688,1.864600199041888e-05,174.46814680099487,223.72315979003906,3.555706643965095e-05,165.99413239955902,235.08355802297592,2.765921863101539e-06,173.60496056079865,229.98754954338074,1.4779392586206086e-05,162.8100185394287,237.33501648902893,2.912862692028284e-05,173.99496853351593,225.76574182510376,0.00016713319928385317,161.37639904022217,234.10139727592468,0.00037340863491408527,161.40672254562378,238.94554781913757,0.00013047238462604582,186.2200767993927,238.10106801986694,8.115664059005212e-06,179.64126920700073,235.45842534303665,1.2301904462219682e-05,174.07509231567383,224.36053800582886,2.9545255529228598e-05,170.76101160049438,234.11943578720093,1.0,173.09290671348572,230.06702041625977,1.0533269232837483e-05
75,176.2136526107788,221.31228649616241,1.7725513316690922e-05,175.83675384521484,229.38679313659668,8.94589629751863e-06,176.08160209655762,238.0203320980072,2.555312221375061e-06,184.29095649719238,236.80263954401016,2.691403824428562e-05,176.25341892242432,226.39266049861908,2.8379792638588697e-05,173.9347333908081,229.40865671634674,1.1869876743730856e-06,173.87418115139008,229.5889300107956,1.7146168829640374e-05,175.8857319355011,225.45449829101562,5.890538886887953e-06,174.23753833770752,224.91141414642334,0.00015079672448337078,160.32671070098877,234.06854796409607,0.0008149376371875405,161.120370388031,238.80725717544556,0.00015608457033522427,186.79380643367767,238.58963799476624,9.805030458664987e-06,179.67583417892456,235.1995837688446,1.1015030395356007e-05,174.30714869499207,223.8640842437744,2.1107027350808494e-05,171.27736568450928,233.1512713432312,1.0,168.4130301475525,231.24789428710938,1.0595075764285866e-05
76,176.11066579818726,221.1997675895691,1.673975566518493e-05,175.80861449241638,228.74148905277252,1.0018449756898917e-05,175.85811638832092,237.52005183696747,3.0252660963014932e-06,184.25693726539612,236.54772025346756,2.315499477845151e-05,176.2290415763855,226.36651802062988,2.0890154701191932e-05,174.2342574596405,229.12667512893677,1.0618538226481178e-06,173.76597619056702,229.3839534521103,1.949589204741642e-05,162.7273449897766,237.10050189495087,1.708148920442909e-05,174.56973123550415,224.32894086837769,0.00010682214633561671,161.72740173339844,233.63033437728882,1.772434734448325e-05,175.50008726119995,237.64145040512085,6.064428453100845e-05,186.38553965091705,238.25897216796875,3.4684403544815723e-06,178.74286603927612,230.5571448802948,1.7683403711998835e-05,174.97318029403687,223.607604265213,2.0051906176377088e-05,171.66079664230347,232.8297290802002,1.0,174.0999777317047,229.4583034515381,7.107086275937036e-06
77,176.0892424583435,221.29765462875366,2.965735438920092e-05,176.07356023788452,228.80371993780136,1.2210491149744485e-05,176.14844846725464,237.61540138721466,2.133600901288446e-06,184.41913080215454,236.64032626152039,1.1194114449608605e-05,175.03279781341553,222.299311876297,2.8126201868872158e-05,173.7138010263443,224.60838317871094,9.866702157523832e-07,173.86286747455597,229.19061422348022,1.8591348634799942e-05,162.394926071167,236.82734912633896,1.1413416359573603e-05,174.69306874275208,224.03034687042236,0.00011508998431963846,162.00234842300415,233.14013385772705,7.778863619023468e-06,175.68715023994446,237.43987143039703,3.962003029300831e-05,174.45151209831238,228.088698387146,3.5782700251729693e-06,178.88364934921265,230.50357675552368,8.965625056589488e-06,174.87099194526672,223.0974440574646,2.9870916478103027e-05,171.52816438674927,232.56539869308472,1.0,172.1041490882635,227.5770435333252,4.4715075091517065e-06
78,175.78116106987,220.95953625440598,1.5159476788539905e-05,175.93157124519348,228.6118534207344,4.823880317417206e-06,176.17405033111572,237.42883944511414,1.5684498748669284e-06,184.1980745792389,236.17151767015457,9.510100426268764e-06,176.0534234046936,226.20070338249207,1.4498541531793308e-05,174.31008315086365,229.03736209869385,5.849884701092378e-07,174.09693217277527,229.13418591022491,1.4516402188746724e-05,162.49906587600708,236.60133719444275,1.3655155271408148e-05,174.75107407569885,224.1100025177002,9.558958845445886e-05,162.32529878616333,232.93165588378906,1.1731515769497491e-05,175.62903499603271,237.54250764846802,3.10150753648486e-05,174.34616374969482,228.10832691192627,2.6896993858827045e-06,178.75104188919067,230.6747281551361,6.8206309151719324e-06,174.69883370399475,223.5604898929596,1.3898314136895351e-05,170.84398317337036,232.29941415786743,1.0,173.57440531253815,228.6745948791504,1.5281009837053716e-05
79,176.27281951904297,221.11108088493347,2.294528894708492e-05,176.0447859764099,228.63365137577057,1.8656870452105068e-05,175.8408613204956,237.2295879125595,4.930397608404746e-06,184.50519943237305,236.36000463366508,2.887096161430236e-05,176.43642663955688,226.37066054344177,2.700453478610143e-05,174.35535550117493,228.95820331573486,1.4013446616445435e-06,173.787038564682,229.21350574493408,2.061665873043239e-05,162.73349714279175,236.73220145702362,1.3877837773179635e-05,174.67059183120728,223.99345707893372,0.00011350063141435385,162.30282592773438,233.15247249603271,1.2233008419570979e-05,175.68761491775513,237.565936088562,6.735655188094825e-05,186.71293771266937,237.95094621181488,4.612281372828875e-06,180.0426378250122,234.87223482131958,2.3239213987835683e-05,175.18473315238953,223.2910225391388,2.4002554710023105e-05,172.07644367218018,232.3682098388672,1.0,168.7816505432129,230.5582938194275,6.82520567352185e-06
80,176.1005916595459,220.94814085960388,1.432885073882062e-05,175.82614040374756,228.718011200428,8.622884706710465e-06,175.99325680732727,237.22465109825134,2.9196989999036305e-06,184.1895318031311,236.33883795142174,1.225469350174535e-05,175.94276666641235,226.34005439281464,1.9266793970018625e-05,174.26565265655518,228.81783312559128,6.663749445579015e-07,173.99680089950562,229.04153180122375,1.232016074936837e-05,161.496018409729,236.09000708907843,5.463854904519394e-06,174.83024168014526,223.93474555015564,6.564280192833394e-05,176.60890293121338,232.338454246521,4.67568452222622e-06,175.63570094108582,237.33561027050018,4.693009395850822e-05,174.45922303199768,227.73206090927124,2.4844530344125815e-06,180.12456607818604,234.7381420135498,1.1421821000112686e-05,175.10976433753967,223.13833618164062,1.1498818821564782e-05,171.5573606491089,231.92938685417175,1.0,172.6831603050232,234.30695056915283,7.835389624233358e-06
81,175.98464632034302,220.79033249616623,3.520639438647777e-05,175.61993074417114,228.74247854948044,1.5745084965601563e-05,175.8998076915741,237.4924682378769,2.6596567295200657e-06,175.0697066783905,241.79042625427246,1.0292664228472859e-05,174.31781816482544,222.43986797332764,3.206243127351627e-05,174.0173990726471,229.02369618415833,1.129874135585851e-06,173.78806960582733,229.11782360076904,1.3943797057436313e-05,161.88628435134888,236.36320626735687,1.847533530963119e-05,174.4699649810791,224.04913425445557,0.0001232801441801712,161.92305994033813,232.76011896133423,1.0993591786245815e-05,175.28545880317688,237.39380037784576,4.6983204811112955e-05,174.35480618476868,227.76509046554565,5.05823163621244e-06,178.57266330718994,230.50720500946045,1.689669443294406e-05,174.61801409721375,223.16253447532654,4.085489854332991e-05,170.80767440795898,232.3351755142212,1.0,171.064612865448,227.46008205413818,8.711540431249887e-06
82,175.2834599018097,220.70004338026047,2.0750352632603608e-05,175.3626127243042,228.31722727417946,5.327429789758753e-06,175.87681579589844,237.04581773281097,1.988245685424772e-06,183.3096160888672,235.57304000854492,8.896703548089135e-06,173.72242867946625,221.853799700737,1.5311105016735382e-05,173.78256011009216,228.77455061674118,6.736875093338313e-07,173.72064793109894,229.14694237709045,1.5269328287104145e-05,162.2317271232605,236.4711568057537,2.558495179982856e-05,174.34846186637878,223.7627148628235,6.412259244825691e-05,161.3782410621643,233.16773056983948,2.568851414253004e-05,161.65359735488892,238.88605618476868,5.476285514305346e-05,174.32418727874756,227.96632528305054,2.770039600363816e-06,179.87521362304688,234.7529079914093,1.084773521142779e-05,174.00947737693787,223.13027834892273,1.8560278476797976e-05,169.92572402954102,231.7497329711914,1.0,172.9989767074585,228.44530391693115,1.3357156603888143e-05
83,175.44123768806458,220.68387573957443,2.067326204269193e-05,175.37150835990906,228.4001241326332,5.798031452286523e-06,175.87083625793457,237.15057253837585,1.6233059341175249e-06,174.89911556243896,241.44468450546265,7.860453479224816e-06,173.91560101509094,221.87204551696777,1.460989733459428e-05,174.04059529304504,228.8678079843521,4.5552476990451396e-07,174.03142881393433,229.086021900177,6.147010935819708e-06,161.50002765655518,235.75162614881992,1.2778551536030136e-05,174.51683020591736,223.71887111663818,5.372577652451582e-05,162.45199012756348,231.98738956451416,4.179706593276933e-06,175.67314863204956,237.50022053718567,1.3337794371182099e-05,174.60158967971802,227.70016431808472,2.56297312262177e-06,180.27833461761475,235.09413772821426,8.191430424631108e-06,174.36021256446838,222.77162146568298,1.791923750715796e-05,170.00570726394653,231.67538022994995,1.0,172.99578207731247,229.12996006011963,3.391381369510782e-06
84,175.40008759498596,220.8335661292076,5.0467540859244764e-05,175.1540927886963,224.3117561340332,1.1278307283646427e-05,158.77981567382812,235.8275442570448,3.568816509869066e-06,183.40158891677856,235.93593056499958,6.521976047224598e-06,173.4928081035614,222.5584216117859,3.8947080611251295e-05,173.54547119140625,228.82658523321152,1.0438511708343867e-06,173.68662238121033,229.2479077577591,1.2675300240516663e-05,161.82477569580078,236.78322106599808,2.6856760086957365e-05,173.96945881843567,224.23582124710083,0.00011673653352772817,160.79050159454346,233.81658506393433,4.388108936836943e-05,161.27198219299316,239.22751688957214,0.00011219205771340057,174.02123546600342,227.95845413208008,5.4003689911041874e-06,163.9885869026184,233.91391777992249,1.550201886857394e-05,173.7929309606552,223.34913992881775,4.970989175490104e-05,169.8327054977417,232.30851936340332,1.0,170.20313262939453,227.40604400634766,2.300190317328088e-05
85,175.3211030960083,220.62415939569473,4.518403147812933e-05,174.95856976509094,228.6261493563652,1.1594122042879462e-05,158.73916244506836,235.60944738984108,3.134342478006147e-06,174.6916651725769,241.37890481948853,1.163366232503904e-05,173.38756942749023,222.23606729507446,3.478552753222175e-05,173.60720491409302,228.68918585777283,1.4631416433985578e-06,173.67857801914215,229.2069640159607,1.8586793885333464e-05,161.69142484664917,236.57622277736664,4.36766458733473e-05,173.97650408744812,223.95293927192688,0.00013937031326349825,161.03563356399536,233.22877168655396,2.6815452656592242e-05,161.22391843795776,239.07902550697327,9.718682849779725e-05,173.73393201828003,227.89321279525757,6.953590855118819e-06,179.4092435836792,234.951300740242,1.9731342035811394e-05,173.88616919517517,223.45121240615845,4.677848846768029e-05,169.84303331375122,232.05310153961182,1.0,167.4555196762085,229.75997638702393,2.6694511689129286e-05
86,174.97325491905212,220.4197493493557,2.054901597148273e-05,161.47286701202393,232.28890347480774,5.845713076269021e-06,159.15169262886047,235.99208826292306,2.8144047519162996e-06,174.73053669929504,241.551922082901,1.642569259274751e-05,173.56287670135498,221.48289346694946,1.3014983778703026e-05,174.0500361919403,228.68457221984863,5.348716740627424e-07,173.95819127559662,228.99037873744965,8.35033006296726e-06,160.84102725982666,236.0125493267551,3.405231473152526e-05,174.49779629707336,223.33999013900757,4.873827856499702e-05,161.7543969154358,232.2299530506134,3.6454362088989e-06,175.4231243133545,237.48558616638184,2.455324101902079e-05,177.5481038093567,237.07721281051636,2.9842803996871226e-06,179.8104429244995,234.91302156448364,1.3996061170473695e-05,174.44600319862366,222.8337275981903,1.992784018511884e-05,169.74226999282837,231.60891723632812,1.0,172.78858596086502,229.2140293121338,9.743658665684052e-06
87,175.19756078720093,220.3329839706421,4.327522765379399e-05,174.7986867427826,228.39475107192993,8.472717127006035e-06,158.748441696167,235.49101275205612,3.0389144285436487e-06,175.06681895256042,241.339919090271,1.0465731065778527e-05,173.07116281986237,221.93311071395874,3.636100882431492e-05,173.5201724767685,228.3828428387642,8.059677156779799e-07,173.59181451797485,228.98906219005585,1.3970950021757744e-05,161.17527532577515,235.85415142774582,4.381009057397023e-05,173.79132640361786,223.5874924659729,7.18065639375709e-05,161.27855491638184,232.7410695552826,1.7861468222690746e-05,161.48320627212524,238.86450505256653,3.914301123586483e-05,173.91353702545166,227.59753036499023,4.945565706293564e-06,179.6969861984253,234.49438178539276,1.0996316632372327e-05,173.75845789909363,223.11798334121704,3.174661469529383e-05,169.90881824493408,231.43886280059814,1.0,167.62008237838745,229.0616739988327,3.056637797271833e-05
88,175.45719051361084,220.55063593387604,4.505069591687061e-05,175.2612488269806,224.14466428756714,1.672719736234285e-05,175.43430423736572,236.78386121988297,2.794727606669767e-06,175.4714057445526,241.55103087425232,1.707681622065138e-05,173.92949151992798,221.94568049907684,3.408902921364643e-05,173.58074045181274,223.97378778457642,1.0936211083389935e-06,173.70409834384918,229.01420533657074,1.3997596397530288e-05,161.14390182495117,236.18209393322468,2.3933138436404988e-05,174.17425322532654,223.73457193374634,0.0001001600394374691,161.67214918136597,232.75037622451782,1.0141300663235597e-05,175.56900477409363,237.74451649188995,1.9382325262995437e-05,174.55403852462769,227.56078338623047,4.945112777932081e-06,178.56638193130493,230.3103747367859,1.5171162885962985e-05,174.45581007003784,222.82648348808289,5.3464045777218416e-05,170.3068642616272,231.53398442268372,1.0,170.6661615371704,226.91802406311035,6.1766395447193645e-06
89,175.37989473342896,220.08803834021091,2.1267333067953587e-05,175.18319249153137,223.4088532924652,6.823584953963291e-06,175.66119265556335,236.24935987591743,1.8839097037925967e-06,183.5031132698059,234.8153476715088,7.117422683222685e-06,173.80216217041016,221.11980211734772,2.0597242837538943e-05,173.78320968151093,223.2006392478943,4.5403888293549244e-07,173.60693228244781,228.53378212451935,1.040231654769741e-05,161.63377046585083,235.70552557706833,1.4862869647913612e-05,174.3903694152832,222.81999588012695,4.858472675550729e-05,161.65480995178223,232.09165811538696,5.8636642279452644e-06,175.32357907295227,237.3649663925171,1.5982888726284727e-05,176.77377843856812,230.2660939693451,2.997898491230444e-06,180.16100215911865,233.9924509525299,1.1658740731945727e-05,174.46378374099731,222.61111640930176,2.1336607460398227e-05,170.5362892150879,230.66039729118347,1.0,168.3767704963684,227.86866030097008,7.709148121648468e-06
90,175.35562229156494,219.9426121301949,1.6959267668426037e-05,175.4355022907257,223.20097160339355,8.237046131398529e-06,173.4838410615921,231.3532154560089,1.8564526271802606e-06,183.54451704025269,234.4645026922226,4.428306510817492e-06,173.7455735206604,220.77642983198166,2.2241983970161527e-05,174.1395890712738,223.19682025909424,6.64251956550288e-07,173.67151415348053,228.5031657218933,1.359999987471383e-05,161.61612844467163,235.53814187645912,1.0619920431054197e-05,174.63408160209656,222.41415143013,5.638651782646775e-05,161.55756282806396,231.70281648635864,6.782549462513998e-06,171.7793557047844,222.7054512500763,1.5009151866252068e-05,174.84703063964844,226.41335582733154,3.1114486773731187e-06,178.3359260559082,229.51394593715668,1.00386014310061e-05,174.5521378517151,221.97235012054443,1.9649920432129875e-05,170.09453582763672,230.15894222259521,1.0,170.94186115264893,224.71206951141357,7.174304755608318e-06
91,175.4695427417755,220.11420783400536,3.579849726520479e-05,175.42109417915344,223.46701216697693,1.8356928194407374e-05,173.27237808704376,231.21232223510742,3.02819876196736e-06,174.03975319862366,236.8546850681305,6.1925525187689345e-06,173.73855328559875,221.26874375343323,4.6215100155677646e-05,173.6885917186737,223.2786886692047,1.0151721880902187e-06,173.54159927368164,228.56480515003204,1.091876947612036e-05,176.076801776886,223.9499716758728,8.822309609968215e-06,174.30549597740173,222.79059886932373,7.521527732023969e-05,161.1273741722107,232.15832901000977,1.1382056982256472e-05,171.7379722893238,222.42120671272278,1.440328560420312e-05,176.91339874267578,229.6259777545929,4.6791233216936234e-06,180.26667881011963,233.97495245933533,8.43091584101785e-06,174.33232140541077,221.79657471179962,2.8040529286954552e-05,170.02349424362183,230.0030927658081,1.0,171.08921629190445,224.69169425964355,9.0057474153582e-06
92,175.1718029975891,219.62552791833878,3.425430986681022e-05,174.94941759109497,222.8318407535553,1.6729445633245632e-05,173.2616161108017,230.69117403030396,4.815882221009815e-06,173.74370312690735,236.7665267586708,2.1513855244847946e-05,173.17522418498993,220.9627909064293,3.651445877039805e-05,173.58455729484558,228.10962032526731,1.4911815924278926e-06,173.64950621128082,228.0979575663805,2.6821513529284857e-05,161.39987087249756,234.9397109746933,1.4184164683683775e-05,174.34493684768677,222.34355306625366,8.09545090305619e-05,160.52454137802124,231.92342901229858,5.239772144705057e-05,175.2150342464447,237.31945276260376,4.118591459700838e-05,176.56315422058105,230.06804585456848,7.785974048601929e-06,180.0868673324585,233.59085631370544,3.0263681765063666e-05,174.2318835258484,222.37171864509583,2.730732194322627e-05,169.4540147781372,229.888822555542,1.0,168.218435049057,226.6514414548874,3.2556516089243814e-05
93,175.51911807060242,219.78571474552155,2.2658454327029176e-05,175.14040231704712,223.09724712371826,1.4834123248874675e-05,173.30183053016663,231.03124833106995,4.272964815754676e-06,174.13109874725342,237.07191669940948,1.4645343981101178e-05,173.56955206394196,220.7452210187912,3.0373146728379652e-05,173.76465904712677,228.05241215229034,9.517172543382912e-07,173.57489204406738,228.2139901816845,1.8681528672459535e-05,161.05916547775269,235.03164929151535,1.6135179976117797e-05,174.2002592086792,222.41933631896973,6.306029536062852e-05,160.92439556121826,231.67061281204224,1.5886105757090263e-05,175.27457284927368,237.41331911087036,3.132289566565305e-05,177.18457221984863,236.15123315155506,6.3135935306490865e-06,180.1513786315918,233.79852747917175,2.380262412771117e-05,174.4912040233612,222.25587344169617,3.167983595631085e-05,170.27084350585938,229.8347955942154,1.0,170.84669542312622,225.17142581939697,1.8698159692576155e-05
94,174.89182782173157,219.63671350479126,2.98065224342281e-05,174.9483344554901,222.95470690727234,1.5106109458429273e-05,173.00350952148438,230.96247100830078,3.630504124885192e-06,173.98986172676086,236.88318294286728,1.3074198250251357e-05,173.4140042066574,220.41828015446663,3.091269900323823e-05,174.24990510940552,222.74091005325317,8.008113923096971e-07,173.61091089248657,228.16673251986504,1.5218823136819992e-05,175.9146866798401,224.33924674987793,1.02417970992974e-05,174.3516662120819,222.07833123207092,5.709696779376827e-05,161.23907375335693,231.5738320350647,8.588848686486017e-06,175.4595718383789,237.3557230234146,2.2531472495757043e-05,176.79659795761108,229.9266449213028,5.309337666403735e-06,178.24158382415771,229.26889443397522,1.5499859728151932e-05,174.4408278465271,221.97658133506775,3.9856920921010897e-05,169.74197053909302,229.7374792098999,1.0,170.72208976745605,224.68526554107666,1.1547974281711504e-05
95,175.31332230567932,219.39506655931473,1.3639081771543715e-05,175.09385228157043,222.78226113319397,4.321947926655412e-06,173.0832484960556,230.66969990730286,2.3773786779202055e-06,173.88637506961823,236.326716452837,1.152258482761681e-05,173.62192833423615,220.05122780054808,1.5212002836051397e-05,174.44168853759766,222.14896607398987,4.908029609396181e-07,173.80198538303375,227.91036972403526,1.549431908642873e-05,160.53002214431763,234.81290543079376,2.4840268451953307e-05,174.86748790740967,221.68497931957245,3.4670702007133514e-05,161.41404390335083,230.95279169082642,6.040698281140067e-06,175.59633708000183,237.31357550621033,1.763428190315608e-05,177.19261026382446,235.69823732972145,4.033589448226849e-06,180.3208532333374,233.0230028629303,1.2337502994341776e-05,174.70221996307373,222.4776692390442,1.4290886610979214e-05,170.13802671432495,229.2408059835434,1.0,169.26806783676147,226.70650434494019,1.834921022236813e-05
96,175.04845476150513,219.62213450670242,2.1123460101080127e-05,175.25376200675964,222.7131426334381,9.721151400299277e-06,173.197203874588,230.76737594604492,2.858419975382276e-06,183.57233428955078,234.1157615184784,8.155916475516278e-06,173.6122294664383,220.12294495850801,3.307657243567519e-05,174.52884435653687,222.17390942573547,1.1188938060513465e-06,173.59647452831268,227.9209889099002,2.3157865143730305e-05,160.70561170578003,234.59315311908722,2.1274900063872337e-05,174.7025649547577,221.53234386444092,6.514423876069486e-05,160.9071855545044,230.72814655303955,5.900310497963801e-06,172.1095406115055,222.4346101284027,3.406663381610997e-05,176.75409126281738,229.60737824440002,5.116446118336171e-06,179.858868598938,233.00800442695618,1.2918960237584542e-05,174.57139372825623,221.83377420902252,2.519322697480675e-05,170.310405254364,229.1171236038208,1.0,171.27921783924103,223.64135265350342,1.278472973353928e-05
97,175.04148936271667,219.14295315742493,4.235184678691439e-05,174.55872988700867,222.36663913726807,1.822478043322917e-05,172.8079068660736,230.06125330924988,6.7634946390171535e-06,173.49461817741394,235.96729506924748,4.3473526602610946e-05,172.95743536949158,220.1654790043831,4.9143200158141553e-05,174.04756474494934,221.8947390317917,1.6081482954177773e-06,173.5377720594406,227.70374006032944,3.508041481836699e-05,160.90189409255981,234.5204018354416,2.0080053218407556e-05,174.4949917793274,221.68335831165314,8.356550097232684e-05,160.5234661102295,231.4057478904724,8.87635542312637e-06,175.22570943832397,236.91190212965012,3.263037069700658e-05,176.02413606643677,229.9515256881714,9.851511094893795e-06,179.56339502334595,232.81736516952515,5.289858017931692e-05,174.34489822387695,222.340567111969,4.109955989406444e-05,169.74244451522827,229.26525115966797,1.0,168.43860459327698,225.4094433784485,7.755955448374152e-05
98,174.8690664768219,219.32385194301605,2.167268394259736e-05,174.97331070899963,222.51873230934143,8.825028089631815e-06,172.8075133562088,230.55018758773804,3.549777375155827e-06,173.48768484592438,236.08068842440844,1.3211479199526366e-05,173.4600385427475,219.79687225818634,2.5860723326331936e-05,174.4960286617279,222.00506901741028,8.215285447477072e-07,173.47612500190735,227.78346222639084,2.1930221919319592e-05,160.98306512832642,234.62450993061066,2.4953284082585014e-05,174.70473551750183,221.42728579044342,5.067104575573467e-05,160.2592215538025,230.9778151512146,1.3807686627842486e-05,161.10155963897705,237.69913458824158,3.294284761068411e-05,176.4100022315979,229.64810299873352,6.003190719638951e-06,179.56610012054443,232.77735471725464,2.0689572920673527e-05,174.51617550849915,222.0362479686737,2.5527264369884506e-05,170.05384016036987,228.94405937194824,1.0,168.90978908538818,226.30726146697998,1.7614733224036172e-05
99,175.27407670021057,219.1462350487709,3.436103361309506e-05,174.69887256622314,222.32395267486572,2.1170650143176317e-05,172.80725985765457,230.13422012329102,7.514655408158433e-06,173.44500732421875,236.01710613071918,2.4692983060958795e-05,173.39446699619293,219.77275794744492,4.3071064283140004e-05,174.35563111305237,221.67864191532135,1.6708371504137176e-06,173.5079768896103,227.65730240941048,4.005456139566377e-05,160.81970930099487,234.74552941322327,6.720411329297349e-05,174.6710958480835,221.4766068458557,8.684007480042055e-05,160.36011457443237,231.37909936904907,1.2819305993616581e-05,161.27146768569946,238.12900972366333,4.863655340159312e-05,176.19116258621216,230.0636694431305,1.0433930583531037e-05,179.5703706741333,232.28714656829834,4.657493263948709e-05,174.76255917549133,222.35251140594482,5.0854854634962976e-05,170.16418504714966,229.0594940185547,1.0,169.15832996368408,225.39580416679382,6.21117142145522e-05
100,174.88812732696533,219.3004287481308,5.869606320629828e-05,174.64795851707458,222.2789134979248,3.317889786558226e-05,172.66490137577057,229.81193375587463,1.015276757243555e-05,173.3715934753418,235.4822235107422,3.5589837352745235e-05,172.9755482673645,219.90186236798763,9.120801405515522e-05,174.12980103492737,221.62410652637482,2.016132384596858e-06,173.24053728580475,227.78856739401817,3.1344290619017556e-05,160.1261773109436,234.0355031490326,3.393084989511408e-05,174.48592615127563,221.45423090457916,9.855077223619446e-05,162.2496314048767,229.0684438943863,1.6430332834715955e-05,172.54199522733688,222.56902194023132,4.142394391237758e-05,176.21097803115845,229.73514580726624,1.1643851394183002e-05,179.7593870162964,232.2730643749237,3.6530163924908265e-05,174.3141269683838,221.78986489772797,4.541011730907485e-05,169.8425555229187,228.26894187927246,1.0,169.19955110549927,224.90819644927979,7.709793862886727e-05
101,175.14140629768372,219.07632261514664,3.137398380204104e-05,174.76707458496094,222.43363904953003,2.1174384528421797e-05,172.67092913389206,229.95250725746155,6.902510904183146e-06,173.2951101064682,235.57551261782646,2.5151723093586043e-05,173.14992761611938,219.6583031117916,4.602813351084478e-05,174.1944601535797,221.41723895072937,1.559237375658995e-06,173.30688524246216,227.67300775647163,2.548754127928987e-05,175.60131859779358,223.7904806137085,1.642365714360494e-05,174.51331448554993,221.15900003910065,6.46174667053856e-05,162.0895586013794,229.29556620121002,2.0205317923682742e-05,161.1466155052185,237.26231253147125,3.534256393322721e-05,176.39765453338623,229.7486710548401,1.2585251170094125e-05,179.8144235610962,232.25083804130554,2.2314939997158945e-05,174.47532296180725,221.96635234355927,2.5918443498085253e-05,170.10283756256104,228.29685592651367,1.0,169.249014377594,225.9508605003357,7.570265006506816e-05
102,175.4200897216797,219.09154933691025,3.06579313473776e-05,174.92559695243835,222.28815627098083,2.0508980014710687e-05,172.51032185554504,229.8795952796936,7.880591510911472e-06,173.38658010959625,235.6343593597412,2.4902314180508256e-05,173.3062469959259,219.31009531021118,4.77398352813907e-05,174.39560294151306,221.2936977148056,1.2856175999331754e-06,173.32191586494446,227.50972041487694,2.6535622964729555e-05,160.15579223632812,233.8090159893036,2.428504558338318e-05,174.69652247428894,221.08783447742462,6.286659481702372e-05,160.65780544281006,230.35456562042236,5.857482392457314e-06,172.89232259988785,222.70986557006836,3.819985067821108e-05,176.51323461532593,229.51972806453705,1.0294518688169774e-05,179.79276657104492,232.1139760017395,3.302019104012288e-05,174.72764706611633,221.77865719795227,3.4747128665912896e-05,170.39964628219604,228.0021152496338,1.0,169.4459946155548,224.49166011810303,5.198928920435719e-05
103,175.42251706123352,219.0092521905899,3.6429104511626065e-05,174.8053162097931,222.1612045764923,3.576891322154552e-05,172.44235154986382,229.68905448913574,1.12629040813772e-05,173.24752163887024,235.387699842453,4.648109097615816e-05,173.29170787334442,219.3408241868019,6.580161425517872e-05,174.36667585372925,221.1141815185547,1.8995546042788192e-06,173.370992064476,227.5257307291031,2.679584576981142e-05,175.78917527198792,223.71710896492004,1.995143793465104e-05,174.64961910247803,220.92626708745956,7.655251829419285e-05,160.23054790496826,230.4032015800476,6.831763130321633e-06,173.00426197052002,222.51326608657837,4.497677946346812e-05,176.57687139511108,229.4275085926056,1.2170939953648485e-05,179.83075952529907,232.17101192474365,4.0175102185457945e-05,174.78816866874695,221.6109597682953,5.0646744057303295e-05,170.23062562942505,227.6623396873474,1.0,169.58597207069397,224.07790875434875,5.7258806918980554e-05
104,175.14116263389587,219.1098716855049,4.231305138091557e-05,174.77240705490112,222.0757246017456,3.9628797821933404e-05,172.49472478032112,229.43896162509918,1.2266373232705519e-05,172.92519986629486,235.04693514108658,3.19554383167997e-05,172.61667263507843,219.50958502292633,9.430196223547682e-05,174.08240127563477,221.09662199020386,3.1651977678848198e-06,173.15651547908783,227.50113731622696,3.3574375265743583e-05,175.4102861881256,223.3493709564209,2.387239146628417e-05,174.21253943443298,221.01675581932068,8.334378799190745e-05,159.5757839679718,230.43368768692017,1.613091808394529e-05,172.61990422010422,222.26691198349,5.60504813620355e-05,176.2195816040039,229.07368648052216,1.635042644920759e-05,179.5441598892212,231.7955346107483,2.913774187618401e-05,174.2763237953186,221.3331903219223,4.3533720599953085e-05,169.8337550163269,227.43635988235474,1.0,169.21346712112427,223.67948389053345,0.00010261435090797022
105,175.36759448051453,219.05301612615585,2.98044196824776e-05,174.58480787277222,221.9721019268036,2.3697033611824736e-05,172.38567918539047,229.4569263458252,8.566737960791215e-06,173.2559196949005,235.16603881120682,4.392907067085616e-05,172.54331308603287,219.29594790935516,5.518170655705035e-05,173.85903072357178,220.66700184345245,1.5851863963689539e-06,173.21028697490692,227.46148455142975,2.8642058168770745e-05,159.83533120155334,233.53011322021484,1.787748624337837e-05,174.45133137702942,220.80481892824173,4.354680277174339e-05,174.70938158035278,230.58987522125244,4.93189736516797e-06,172.98469591140747,222.85134935379028,3.1010753446025774e-05,176.2871961593628,229.4139437675476,9.315609531768132e-06,179.78839874267578,231.67928838729858,2.6780746338772587e-05,174.3797481060028,221.6494654417038,2.2114869352662936e-05,170.05054330825806,227.42620754241943,1.0,169.5480923652649,224.8327226638794,0.00010168616427108645
106,175.41703724861145,218.94126284122467,3.000604920089245e-05,174.60462188720703,222.02228450775146,2.5321298380731605e-05,172.50032198429108,229.46054422855377,1.0245557859889232e-05,173.4088990688324,235.29066026210785,5.543180668610148e-05,172.6828425526619,219.4154526591301,5.788633643533103e-05,173.92001104354858,220.76999586820602,1.8658756744116545e-06,173.39809358119965,227.49397093057632,4.0109640394803137e-05,175.3656725883484,223.5225315093994,1.4968157302064355e-05,174.39664912223816,220.91237020492554,5.425447670859285e-05,162.29478645324707,228.9600669145584,8.56042515806621e-06,173.00017893314362,223.07299423217773,3.09005263261497e-05,176.31639099121094,229.55598521232605,1.0328239113732707e-05,179.7600917816162,231.74512386322021,4.025514135719277e-05,174.41588616371155,221.7999062538147,2.1871552235097624e-05,170.0063705444336,227.5596170425415,1.0,169.41313886642456,224.28074860572815,0.00012112744298065081
107,180.6167232990265,220.41738709807396,1.873900146165397e-05,174.4528522491455,221.69636714458466,1.7210832083947025e-05,172.31999093294144,229.23135316371918,8.15026396594476e-06,173.282212972641,234.9543033838272,7.202025153674185e-05,172.5925509929657,218.92750489711761,3.5259043215774e-05,174.13281798362732,220.2841761112213,9.949123978003627e-07,173.11874210834503,227.38497400283813,1.888564474938903e-05,169.2804479598999,235.0929896235466,1.591628279129509e-05,174.56179809570312,220.35054579377174,2.848486474249512e-05,162.3974461555481,228.67004537582397,7.393764917651424e-06,173.23259449005127,222.7016565799713,2.210352431575302e-05,176.16689157485962,234.8868203163147,8.818247806630097e-06,179.8111171722412,231.6343388557434,3.4033742849715054e-05,178.297469496727,222.81857228279114,1.2541174328362104e-05,170.17838525772095,227.02423095703125,1.0,169.5006628036499,224.11088609695435,9.868816414382309e-05
108,175.5346486568451,219.06709229946136,2.6421235816087574e-05,174.63611149787903,222.09973049163818,2.820423287630547e-05,172.6074234843254,229.39243614673615,9.335228241980076e-06,173.30778062343597,235.08255857229233,3.323833880131133e-05,172.46716743707657,219.54601684212685,6.168012623675168e-05,173.53316414356232,220.71386700868607,2.250513944090926e-06,173.15307891368866,227.43896985054016,2.9708984584431164e-05,160.11843299865723,233.48733115196228,1.7124353689723648e-05,174.1640145778656,220.92748683691025,4.7952464228728786e-05,159.69556140899658,230.53834104537964,1.449894261895679e-05,172.64743322134018,222.85824632644653,3.268755244789645e-05,176.37038898468018,229.45436370372772,1.2767100088240113e-05,179.715229511261,231.9466905593872,2.160400981665589e-05,174.26998329162598,221.62213730812073,1.5759596863063052e-05,169.99685382843018,227.6024432182312,1.0,169.5328266620636,224.21449184417725,0.0001432763965567574
109,175.45986247062683,219.17328822612762,3.413997546886094e-05,174.78872108459473,221.90430784225464,4.498591442825273e-05,172.49884602427483,229.04296362400055,1.3615026546176523e-05,172.85600179433823,234.8914978504181,4.926801557303406e-05,172.4857756793499,219.4758847951889,8.953997166827321e-05,173.65149569511414,220.65680593252182,2.4342814413103042e-06,173.04112350940704,227.40625470876694,3.1764844607096165e-05,175.48295211791992,223.0949466228485,1.32861878228141e-05,174.4759771823883,220.7526004910469,4.9351623601978645e-05,161.82120561599731,229.06994438171387,1.4579193702957127e-05,172.95022356510162,222.73089051246643,5.090856211609207e-05,175.91562747955322,234.56459772586823,1.91632079804549e-05,179.3712887763977,231.5486855506897,4.418093158164993e-05,174.25131058692932,221.34510898590088,1.495781270932639e-05,170.02262115478516,227.0082812309265,1.0,169.6948001384735,223.54689502716064,0.0001905949757201597
110,181.17393624782562,220.38036155700684,4.133456968702376e-05,175.01913404464722,222.03595161437988,4.951865048496984e-05,172.57570260763168,229.36302375793457,1.278045147046214e-05,173.25371074676514,234.84025287628174,4.576473656925373e-05,173.37514448165894,219.09929263591766,7.562695100205019e-05,166.61902832984924,222.45178723335266,3.626050784077961e-06,173.36187648773193,227.20126354694366,2.7701358703779988e-05,175.91872143745422,223.28204035758972,1.8172366253565997e-05,174.66671776771545,220.18465004861355,6.697782373521477e-05,161.3299674987793,228.83417391777039,6.424463208531961e-05,172.88271111249924,222.59845089912415,8.267703378805891e-05,176.63876819610596,228.97327762842178,1.2604481526068412e-05,179.67701196670532,231.12664461135864,3.178229962941259e-05,174.93981289863586,221.24106752872467,2.0328725440776907e-05,170.94820547103882,226.98282289505005,1.0,171.0406797528267,224.64996910095215,7.882757927291095e-05
111,175.33315563201904,218.8707058429718,3.860131255351007e-05,174.56550765037537,221.45278429985046,4.930439536110498e-05,172.0149220637977,228.50822722911835,1.677902582741808e-05,172.55456286668777,234.19067096710205,4.742153760162182e-05,172.31173038482666,218.82817721366882,0.000106594423414208,166.4411325454712,222.21195101737976,6.252285402297275e-06,172.9869214296341,227.13212937116623,3.2076070056064054e-05,175.60335421562195,222.70470571517944,1.784222877176944e-05,165.51594078540802,220.85510283708572,5.397406857809983e-05,161.17665433883667,228.30682429671288,7.992199243744835e-05,173.28538620471954,221.9227330684662,0.00010894957085838541,175.3786883354187,234.2772765159607,1.9272420104243793e-05,179.08592653274536,230.83530569076538,2.912104537244886e-05,174.39874792099,220.74637180566788,1.8373812054051086e-05,170.2417426109314,225.76132678985596,1.0,170.58931636810303,222.57238817214966,0.0002072155912173912
112,181.12108278274536,220.64931398630142,1.81749837793177e-05,175.1693503856659,221.4810380935669,1.9528028133208863e-05,172.10384076833725,228.79345703125,1.3636818948725704e-05,172.46777045726776,233.6927239894867,5.94565317442175e-05,172.980100274086,218.3322125673294,4.267053009243682e-05,174.324716091156,220.0190362520516,1.6864986491782474e-06,172.96053665876389,226.80972242355347,2.4213910364778712e-05,175.85469317436218,227.73187786340714,1.1472213373053819e-05,175.14536023139954,219.80981095135212,3.18424281431362e-05,161.34037446975708,227.862537920475,3.315014691906981e-05,173.35416173934937,221.50867986679077,8.871006139088422e-05,175.32423329353333,233.88552498817444,2.1642799765686505e-05,179.3027515411377,230.65845441818237,4.0069651731755584e-05,174.68359684944153,220.72582298517227,1.1973727851000149e-05,170.8253755569458,225.37268590927124,1.0,170.23396980762482,221.3753113746643,5.317259638104588e-05
113,181.08898842334747,220.56801217794418,7.491755968658254e-05,174.99169874191284,221.53245294094086,5.9000285546062514e-05,171.85831113159657,228.9254133105278,2.119594137184322e-05,172.6165093779564,233.9780580997467,3.7461271858774126e-05,173.51923370361328,218.33248615264893,6.727374420734122e-05,174.53695392608643,219.83289298415184,1.9910028186131967e-06,173.07151091098785,227.02010703086853,2.3394775780616328e-05,176.04495811462402,223.16589856147766,1.681776120676659e-05,175.16609525680542,219.7836648374796,3.872120942105539e-05,177.47570610046387,219.08056545257568,6.59493434795877e-06,173.72514939308167,222.11953783035278,0.00012228892592247576,175.8259093761444,234.27491772174835,9.828894690144807e-06,179.47084856033325,230.4263334274292,2.8131058570579626e-05,178.89683651924133,222.23793983459473,2.452094850013964e-05,171.28427076339722,225.69869375228882,1.0,171.04652512073517,221.56358003616333,4.9046990170609206e-05
114,181.93667340278625,220.2215003669262,5.5206764955073595e-05,175.05069589614868,221.3662712574005,4.1897594201145694e-05,171.78464311361313,228.97611463069916,2.407986539765261e-05,172.8153105378151,233.7951099872589,4.073095988132991e-05,173.97353625297546,218.0972489118576,4.755014742841013e-05,174.8276035785675,219.63474148511887,1.4740701317350613e-06,173.28451800346375,226.83055102825165,3.0067405532463454e-05,176.01087093353271,228.0534592755139,1.608991078683175e-05,175.62732601165771,219.457577586174,3.235147596569732e-05,174.13377380371094,230.06126880645752,7.324664238694822e-06,173.97847974300385,222.04956030845642,0.00012942173634655774,175.76730275154114,234.32228088378906,1.0908423973887693e-05,179.35686349868774,230.16947889328003,2.333265911147464e-05,175.66090965270996,220.81551557779312,2.0162218788755126e-05,171.8457055091858,225.4105305671692,1.0,171.9693700429052,221.0185055732727,3.324325371067971e-05
115,181.5128537416458,220.3787324130535,9.971842519007623e-05,174.95269513130188,221.32890486717224,5.248788875178434e-05,171.86670899391174,228.90678369998932,2.2224150598049164e-05,172.77879029512405,233.8552176952362,3.8658708945149556e-05,173.71067929267883,218.1008584499359,5.541013888432644e-05,174.81390810012817,219.7861423790455,1.6434735243819887e-06,173.13414704799652,226.97279357910156,2.5116896722465754e-05,175.92956924438477,228.07737916707993,1.3658424904861022e-05,175.62641763687134,219.65621683001518,3.31156152242329e-05,177.600332736969,218.79861843585968,6.8567428570531774e-06,173.99752247333527,221.98829972743988,0.00013585032138507813,175.88373947143555,234.2357473373413,1.048625199473463e-05,179.4938621520996,230.34923458099365,1.9046619854634628e-05,179.16720527410507,222.35898876190186,2.0551035049720667e-05,171.54533576965332,225.2414255142212,1.0,171.49614650011063,221.26453924179077,2.7134821721119806e-05
116,181.5106542110443,220.03945826366544,5.801326915388927e-05,174.7592658996582,221.10671031475067,6.218674388946965e-05,171.73191326856613,228.64030873775482,3.3815271308412775e-05,172.81080156564713,233.70166611671448,6.0349317209329456e-05,173.53420221805573,217.5825047492981,5.9891699493164197e-05,174.79579710960388,219.32672250270844,3.1986373869585805e-06,173.2184487581253,226.81774306297302,3.793845826294273e-05,175.87745928764343,223.13586807250977,2.2587322746403515e-05,175.40316486358643,219.3141341805458,4.900509520666674e-05,176.7848982810974,218.82602405548096,1.2420221537468024e-05,173.76129758358002,222.22374272346497,0.00022110184363555163,176.03634309768677,234.03804051876068,1.1306457054161001e-05,177.2840757369995,226.8308322429657,2.844165101123508e-05,175.4760615825653,220.9599842429161,3.560280674719252e-05,171.7404589653015,224.93170642852783,1.0,168.21653938293457,224.05142831802368,6.709423178108409e-05
117,181.22943544387817,220.1637706309557,5.994066668790765e-05,174.68637704849243,221.1253969669342,5.4317275498760864e-05,171.64183324575424,228.36026936769485,2.8468404707382433e-05,172.5366963148117,233.47587966918945,4.37444650742691e-05,173.26405084133148,217.86070013046265,6.770733307348564e-05,174.46025490760803,219.3254712820053,2.33828336604347e-06,173.02157080173492,226.92600989341736,2.414298251096625e-05,175.72976112365723,227.64358818531036,1.8985307178809308e-05,175.4437222480774,219.32526153326035,3.263634425820783e-05,177.2475504875183,218.66248643398285,9.441322617931291e-06,174.02918934822083,221.89528024196625,0.00016684818547219038,175.7683596611023,234.10378646850586,1.6657188098179176e-05,179.35328197479248,230.2832260131836,1.893868829938583e-05,178.815563082695,222.18014454841614,2.1662579456460662e-05,171.05795621871948,224.55466270446777,1.0,171.35263186693192,220.88289499282837,6.897171260789037e-05
118,180.89306783676147,220.09823420643806,4.2217772715957835e-05,174.6842164993286,221.1675820350647,6.501137249870226e-05,171.85680666565895,228.02280308492482,3.1075560400495306e-05,172.37754195928574,233.6093933582306,5.040337782702409e-05,172.6504710316658,217.93365049362183,8.749924745643511e-05,174.0709056854248,219.07785481214523,4.062113475811202e-06,172.9843932390213,226.75061440467834,3.6164725315757096e-05,175.6766266822815,227.53099742531776,2.064997170236893e-05,165.8264605998993,219.80878703296185,3.884914985974319e-05,161.59239673614502,227.82962818443775,3.165048474329524e-05,173.80258536338806,221.77171301841736,0.00016289445920847356,175.7399401664734,233.84623193740845,1.774113843566738e-05,179.43418502807617,230.26766347885132,2.5018189262482338e-05,174.71475338935852,220.60540038347244,2.211834907939192e-05,170.56328010559082,224.42272996902466,1.0,170.5541534423828,221.30428433418274,0.00017885086708702147
119,180.93053269386292,220.34235462546349,3.4623953979462385e-05,174.90254402160645,220.85413604974747,3.214313255739398e-05,171.7243467271328,228.16665469110012,1.6690228221705183e-05,172.15593439340591,233.09420943260193,3.423909220146015e-05,173.13441908359528,217.12948346138,4.184632052783854e-05,174.6589572429657,218.74386167526245,1.9586925645853626e-06,173.01240515708923,226.67532980442047,2.6078312657773495e-05,175.5408992767334,227.50367629528046,1.5089811313373502e-05,175.6809332370758,213.19197940826416,2.3537866582046263e-05,162.71050930023193,221.2240972518921,1.2756390788126737e-05,173.9976291656494,221.6523321866989,0.00016562007658649236,175.348450422287,233.86889362335205,1.3547675735026132e-05,178.97929096221924,229.43102645874023,2.0859914002357982e-05,173.1842211484909,214.84051728248596,1.583262564963661e-05,170.97222232818604,223.85274839401245,1.0,171.28334164619446,220.00969076156616,5.177574712433852e-05
120,181.33385288715363,219.8168739527464,8.002173854038119e-05,174.49955105781555,221.10193645954132,9.12088798941113e-05,171.66423150897026,228.15573424100876,2.7930678697885014e-05,172.5957733988762,233.31510472297668,4.9597099859965965e-05,173.16614365577698,217.8317837715149,8.821294613881037e-05,174.50386238098145,219.149797976017,5.090917511552107e-06,173.08059990406036,226.87754213809967,3.4970889828400686e-05,175.629088640213,222.78029918670654,3.079711677855812e-05,175.26452255249023,218.98839700222015,6.330177711788565e-05,162.38984489440918,222.64001202583313,3.599022238631733e-05,173.75226545333862,222.0374813079834,0.0002598170831333846,175.74871158599854,223.81410431861877,1.3586868590209633e-05,176.7462830543518,226.7336666584015,2.6398065529065207e-05,175.13521695137024,220.6777074933052,3.9428938180208206e-05,171.52353858947754,224.70908308029175,1.0,171.96099090576172,221.40613532066345,0.00010854058928089216
121,181.20901811122894,220.0087894508615,0.00010453709546709433,174.90624070167542,221.03631043434143,6.092135299695656e-05,171.73795801401138,228.25746515393257,2.8871514587081037e-05,172.52743870019913,233.19881081581116,4.858658212469891e-05,173.6472727060318,217.3794903755188,6.187264079926535e-05,174.79931640625,218.85798621177673,2.6733889626484597e-06,173.12805020809174,226.8104269504547,2.7046104150940664e-05,175.64796996116638,227.67807427048683,2.200175731559284e-05,175.9511375427246,218.62059235572815,4.049532435601577e-05,177.40137004852295,218.22593533992767,1.2082965440640692e-05,174.21174120903015,221.8241045475006,0.00025155729963444173,175.6447606086731,233.86681628227234,1.2759334822476376e-05,177.15790843963623,226.74733412265778,1.6153055184986442e-05,179.01161354780197,221.66269624233246,2.7574873456615023e-05,171.81033897399902,223.97823071479797,1.0,171.9572375304997,220.25139951705933,3.032388849533163e-05
122,181.54151320457458,219.95308342203498,0.00012896665430162102,174.96024799346924,220.7774887084961,6.46910848445259e-05,171.75045177340508,228.2280732691288,3.361784911248833e-05,172.571135699749,233.32015585899353,5.6242697610286996e-05,173.8431568145752,217.1845188140869,5.798069105367176e-05,174.9929394721985,218.7996484041214,2.7514074645296205e-06,173.21645545959473,226.67539978027344,3.3135671401396394e-05,175.6160008907318,227.70183849334717,2.398686046944931e-05,176.01665353775024,218.5905717611313,3.943002229789272e-05,177.2711582183838,218.30472922325134,1.3863299500371795e-05,174.13020205497742,221.86295175552368,0.00028918430325575173,175.63037991523743,233.86793899536133,1.2468559361877851e-05,177.1325511932373,226.61739659309387,2.4773718905635178e-05,175.4812114238739,220.46848985552788,2.1774570996058173e-05,172.18076038360596,223.89996314048767,1.0,169.0965690612793,225.02010822296143,2.9545906727435067e-05
123,180.92074590921402,220.14906412363052,6.773800851078704e-05,174.72784066200256,220.6628813147545,2.638563273649197e-05,171.6213862299919,227.97129889950156,2.3077660443959758e-05,172.36234974861145,233.01900720596313,6.792087515350431e-05,173.08637511730194,217.03702306747437,3.5538727388484403e-05,174.51639533042908,218.6294560432434,1.51278607063432e-06,172.72157555818558,226.7318012714386,2.2648860976914875e-05,168.80870723724365,233.2514772415161,2.4109138394123875e-05,175.74536037445068,213.0107935667038,2.268128446303308e-05,161.707444190979,227.3853349685669,6.643953383900225e-06,174.06272053718567,221.75962853431702,0.00011818419443443418,175.3414168357849,234.00259268283844,1.2420020539138932e-05,179.3502459526062,229.74756622314453,1.609617356734816e-05,178.5337918996811,221.670774102211,1.5962372344802134e-05,171.0830798149109,223.63939905166626,1.0,171.34101819992065,220.2466254234314,3.884970283252187e-05
124,181.1327098608017,219.86899119615555,3.4941920603159815e-05,174.65171790122986,220.71698731184006,4.0350227209273726e-05,171.59761163592339,227.77996104955673,2.6756495572044514e-05,172.6035389304161,232.80250763893127,9.168386895908043e-05,173.06404531002045,216.94866013526917,5.0599144742591307e-05,174.65639066696167,218.53309333324432,3.1608899462298723e-06,172.98091650009155,226.6988526582718,3.0563842301489785e-05,175.18046355247498,227.3306161761284,3.2216568797593936e-05,175.80839824676514,218.37873363494873,3.6866833397652954e-05,162.17432928085327,222.13611364364624,2.4926548576331697e-05,173.82479774951935,221.87133145332336,0.00021827973250765353,175.1008358001709,233.83098077774048,1.3878047866455745e-05,178.22446966171265,221.32644128799438,2.696798946999479e-05,175.02992343902588,220.44583949446678,1.8200984413851984e-05,171.60381364822388,223.61162281036377,1.0,172.17494010925293,219.9861691845581,7.088050188031048e-05
125,181.36099922657013,220.0150315221399,0.00012113380216760561,174.85890531539917,220.88267314434052,5.6989647418959066e-05,171.54627427458763,227.95951363816857,3.813320290646516e-05,172.82611334323883,233.034273147583,8.86441848706454e-05,173.52011108398438,216.9898533821106,6.280595698626712e-05,174.84274220466614,218.52387523651123,2.8490167096606456e-06,173.27453744411469,226.72174215316772,3.563663631211966e-05,175.51277828216553,227.60627207159996,2.4206497982959263e-05,176.05869483947754,212.90309035778046,3.7253648770274594e-05,177.0835542678833,218.14115238189697,1.3171850696380716e-05,174.0936918258667,221.88356721401215,0.00026544154388830066,175.8176670074463,233.8061556816101,1.1201035704289097e-05,177.40451049804688,226.82625818252563,3.360820119269192e-05,174.07690048217773,215.07911658287048,3.108205055468716e-05,171.59596633911133,223.23938179016113,1.0,167.92594146728516,222.42874956130981,3.2035779440775514e-05
126,181.14953207969666,219.78595632314682,9.193495498038828e-05,174.6745846271515,220.88930982351303,7.553484465461224e-05,171.37013214826584,227.4819394350052,2.7288733690511435e-05,174.67520093917847,229.33910596370697,8.112908835755661e-05,172.90342700481415,216.82780027389526,8.326656825374812e-05,174.41638708114624,218.1282994747162,4.864979473495623e-06,173.06611275672913,226.68403351306915,2.2630812964052893e-05,175.16405296325684,227.15623331069946,3.019627729372587e-05,175.78317713737488,212.99567717313766,5.396115011535585e-05,162.17108869552612,221.47265148162842,3.724814087036066e-05,173.98522281646729,221.71861398220062,0.00031054209102876484,176.27234888076782,222.6948070526123,1.1628903848759364e-05,178.63250255584717,221.13224506378174,3.480590021354146e-05,173.66053819656372,215.14433908462524,3.512882176437415e-05,171.37219333648682,222.76159000396729,1.0,168.02360343933105,222.16720461845398,0.0001152253826148808
127,181.243927359581,219.990936961025,6.123372440924868e-05,174.8778691291809,220.67292749881744,4.302360684960149e-05,171.45045894384384,227.70623543858528,1.7818083506426774e-05,174.39498662948608,229.4740493297577,3.9081987779354677e-05,173.06252241134644,216.69342279434204,6.648857379332185e-05,174.59189796447754,218.37644600868225,3.1453557767235907e-06,172.8158157467842,226.59463512897491,2.1240619389573112e-05,175.10439276695251,227.33638232946396,2.2121892470750026e-05,175.91122579574585,212.68443232774734,5.1893541240133345e-05,160.8609037399292,226.76480960845947,5.201809835853055e-05,174.01543021202087,221.7721449136734,0.00034966503153555095,174.99389743804932,233.45247435569763,1.0905418093898334e-05,178.35408067703247,221.05570340156555,2.3761778720654547e-05,173.6360158920288,215.04910397529602,2.3318354578805156e-05,171.22911977767944,222.87090754508972,1.0,167.67641925811768,221.5945827960968,5.2662719099316746e-05
128,180.44773811101913,219.9994146314566,5.1157687266822904e-05,174.50116324424744,220.44243943691254,2.8743465009029023e-05,170.98004710674286,227.35844904184341,2.0482866602833383e-05,171.83109833300114,232.14585709571838,0.00010044324153568596,172.68492931127548,216.15424799919128,3.861154618789442e-05,174.44205451011658,217.94241166114807,2.345360599065316e-06,172.57565021514893,226.52221655845642,1.4279973584052641e-05,165.9434733390808,228.28067752718925,5.037281880504452e-05,175.86729264259338,212.07995714247227,4.22735683969222e-05,176.79695415496826,218.02139699459076,1.2531226275314111e-05,174.13917875289917,221.86326432228088,0.00018505661864764988,174.57159543037415,233.46543550491333,1.2566962141136173e-05,176.71041679382324,226.71397852897644,3.4864766348619014e-05,173.394273519516,214.87513518333435,4.203306161798537e-05,170.5123996734619,222.20960664749146,1.0,166.92016792297363,221.1846240758896,7.134719635359943e-05
129,180.73193883895874,220.2430116981268,3.904317054548301e-05,174.65145540237427,220.4077495932579,2.339533602935262e-05,171.26519566774368,227.0249868631363,1.2341940418991726e-05,174.2434368133545,229.3576090335846,4.6591459977207705e-05,172.26223880052567,216.41154766082764,6.162691715871915e-05,166.87894439697266,220.55644470453262,3.4815436720236903e-06,173.9873058795929,219.12738221883774,2.3075570425135083e-05,174.60586881637573,226.98726403713226,2.172789754695259e-05,175.35155034065247,212.6401333808899,5.973210500087589e-05,160.6997356414795,226.9441533088684,0.0003904333570972085,159.6627652645111,227.34077334403992,0.0007461455534212291,174.00806164741516,233.53217720985413,8.863878974807449e-06,176.0999240875244,226.44521141052246,2.8737489628838375e-05,172.84447395801544,214.91374945640564,4.471415013540536e-05,170.4708399772644,222.4870626926422,1.0,171.72012528777122,218.939040184021,0.00013235599908512086
130,180.28587144613266,220.5498086810112,1.9225313735660166e-05,174.85274577140808,220.4325559437275,8.591544428782072e-06,171.24300473928452,227.1289665699005,7.91496040619677e-06,174.56665301322937,229.05652272701263,3.963057679357007e-05,174.284809589386,211.81149217486382,2.657870572875254e-05,174.39387154579163,217.67316341400146,1.1560616712813498e-06,172.42915084958076,226.36829161643982,1.4335056221170817e-05,161.02550506591797,227.8497173935175,3.1885181670077145e-05,174.01529622077942,213.1100034713745,5.105699892737903e-05,163.34581661224365,220.00060569535708,2.613826836750377e-05,174.32297134399414,221.3399636745453,0.0001278288837056607,174.47002530097961,233.2037115097046,1.4390776414074935e-05,176.88141584396362,226.8500018119812,1.0946545444312505e-05,173.1852400302887,211.29965257644653,9.025541658047587e-05,169.85294723510742,221.6498670578003,1.0,171.25173991918564,218.44375801086426,5.59126419830136e-05
131,180.77961665391922,219.98133605532348,4.051166251883842e-05,174.7695963382721,220.49527740478516,2.3387146939057857e-05,171.37180697917938,227.59133157134056,1.7391264918842353e-05,174.47963690757751,229.5789691209793,5.5812226491980255e-05,173.00134992599487,216.20165157318115,3.1770086934557185e-05,174.6470320224762,217.87017035484314,1.3343483260541689e-06,172.7290582060814,226.71006000041962,1.488529596826993e-05,168.78346347808838,232.9699501991272,2.5531697247060947e-05,176.1238236427307,212.44154524803162,3.471944000921212e-05,177.11408805847168,218.0132966041565,6.839116394985467e-06,174.4145827293396,222.0166301727295,0.00015282953972928226,175.23849296569824,233.81943488121033,9.147670425591059e-06,177.18073987960815,226.95091688632965,1.6844534911797382e-05,173.20930993556976,211.33022785186768,7.282204023795202e-05,170.19699585437775,222.34578800201416,1.0,171.49511241912842,219.57303428649902,3.272214235039428e-05
132,181.30313289165497,219.71487480401993,6.303215923253447e-05,174.7698996067047,220.62139350175858,4.7294230171246454e-05,171.31706249713898,227.47066295146942,2.3598102416144684e-05,174.76853585243225,229.18097019195557,7.660538540221751e-05,173.24767410755157,216.13962531089783,5.1411858294159174e-05,174.49864959716797,217.70346474647522,3.3096819151978707e-06,173.02933156490326,226.4499328136444,2.3924101697048172e-05,175.1486737728119,227.32209622859955,2.357747325731907e-05,175.90969491004944,212.51304256916046,5.629963197861798e-05,161.98794412612915,221.322491645813,4.0635633922647685e-05,174.04979538917542,222.07273244857788,0.0003595631569623947,176.47394561767578,222.84370231628418,8.094840268313419e-06,178.8969612121582,221.20990693569183,4.746289050672203e-05,178.54740142822266,221.80087673664093,1.8355651263846084e-05,171.7441577911377,222.50246834754944,1.0,169.23402953147888,221.14424991607666,7.441842899424955e-05
133,180.65668493509293,219.93888180330396,6.662681698799133e-05,174.72236680984497,220.35323110222816,3.323707278468646e-05,171.08827632665634,227.04945039749146,1.94051863218192e-05,174.56004357337952,228.95298182964325,9.803973807720467e-05,173.04987132549286,216.0101170539856,4.7507357521681115e-05,174.37698674201965,217.62541484832764,2.464810904712067e-06,172.51878261566162,226.3513524532318,1.6778241842985153e-05,165.9567173719406,228.21509438753128,4.887502655037679e-05,175.82576274871826,212.28871795535088,6.526928336825222e-05,162.59211683273315,220.92369347810745,1.707123010419309e-05,174.1279215812683,221.86494863033295,0.00022913086286280304,174.49497747421265,233.44426679611206,1.1971603271376807e-05,178.89726448059082,221.08360695838928,3.13644741254393e-05,172.99675303697586,211.39406061172485,5.537474498851225e-05,171.1778702735901,221.9330631494522,1.0,167.51233768463135,220.98147016763687,6.548874080181122e-05
134,181.25070917606354,219.8506030291319,3.80654055334162e-05,174.947429895401,220.4720305800438,2.2487316527985968e-05,171.25873565673828,227.28480803966522,1.6990219592116773e-05,174.55499410629272,229.09590578079224,6.686983397230506e-05,173.4367482662201,215.88200664520264,3.100898175034672e-05,174.73487424850464,217.64406085014343,1.7843287878349656e-06,172.78947204351425,226.44125854969025,1.9757138943532482e-05,165.9108805656433,228.4334498643875,4.368947702459991e-05,176.13473081588745,212.61843353509903,4.8781948862597346e-05,162.39111137390137,220.8192544579506,2.3396651158691384e-05,174.29128074645996,221.9080752134323,0.00017463423137087375,174.99658465385437,233.47445726394653,1.2291009625187144e-05,179.0131540298462,221.153329372406,2.8484020731411874e-05,173.83269047737122,214.95324659347534,2.1160030883038417e-05,171.52837419509888,221.84826588630676,1.0,167.96198844909668,220.70987302064896,4.015947342850268e-05
135,180.6920506954193,219.9502348303795,2.2878100935486145e-05,174.68822574615479,220.25738403201103,1.8238062693853863e-05,170.81058418750763,226.95621609687805,1.3637521078635473e-05,174.81545090675354,229.1114478111267,0.00012337892258074135,173.3171410560608,215.67220211029053,3.1462765036849305e-05,174.6585066318512,217.63196969032288,1.6212017044381355e-06,172.33418703079224,226.09380674362183,1.6833246263558976e-05,165.87060248851776,228.10233795642853,0.00012997144949622452,176.14071321487427,212.2947932779789,5.1066395826637745e-05,176.8005337715149,217.83868598937988,1.0767847015813459e-05,174.21950030326843,221.91089379787445,0.00015915589756332338,173.25201070308685,233.4910967350006,1.2536234862636775e-05,178.9171781539917,220.89812487363815,3.104872303083539e-05,173.14335227012634,211.86947441101074,4.987417923985049e-05,170.78881740570068,221.7258083820343,1.0,168.40059423446655,220.01757144927979,4.345731940702535e-05
136,180.9937905073166,219.9488041512668,4.842883936362341e-05,174.95863485336304,220.42145603895187,3.349228063598275e-05,171.27141159772873,227.21306371688843,1.9683717255247757e-05,174.6086196899414,229.0323097705841,8.73286189744249e-05,173.26322090625763,215.86924171447754,4.8399062507087365e-05,174.61707019805908,217.63716745376587,3.1720207971375203e-06,172.63934588432312,226.5001404285431,2.385466177656781e-05,165.83031749725342,228.00733541324735,5.2503255574265495e-05,176.10947465896606,212.20117051899433,5.945403972873464e-05,162.24759531021118,220.6047123670578,3.3887099561979994e-05,174.25781345367432,221.7046525478363,0.00035117368679493666,187.5807711482048,224.75992488861084,1.1927900231967214e-05,178.88627767562866,220.82609629631042,4.473944136407226e-05,173.17208242416382,211.23459768295288,5.469406460179016e-05,170.52486097812653,221.41240787506104,1.0,167.85188674926758,220.18298621475697,5.637151843984611e-05
137,180.66902214288712,219.76891708374023,3.283686237409711e-05,174.74376440048218,220.33367663621902,4.722212179331109e-05,170.9676525592804,226.8054814338684,1.6386220522690564e-05,174.51204419136047,228.88191545009613,0.0001713346573524177,172.97336280345917,215.7201542854309,6.177384057082236e-05,166.87096285820007,219.98297785036266,7.250273483805358e-06,172.24493457376957,226.25435769557953,2.003743611567188e-05,165.79983639717102,227.8755729869008,0.000170314364368096,175.9525625705719,212.17539662122726,9.306522406404838e-05,162.06826639175415,220.7237766981125,4.2350395233370364e-05,174.13283157348633,221.948086977005,0.00032415264286100864,176.30026388168335,222.50087189674377,1.014483132166788e-05,178.87190675735474,220.78550779819489,5.60490443604067e-05,173.07776355743408,211.5501208305359,8.647482172818854e-05,170.39779102802277,221.16814613342285,1.0,167.8140697479248,219.9431578554213,8.785952377365902e-05
138,180.55458694696426,219.96567840874195,2.1433395886560902e-05,174.9354178905487,220.22603198885918,1.801379767130129e-05,171.13585555553436,226.98352813720703,1.08088052002131e-05,174.77393174171448,228.9343836903572,9.347122977487743e-05,173.04363369941711,215.48940563201904,3.117719461442903e-05,166.9288284778595,219.980278480798,4.986745352653088e-06,172.34601297974586,226.33945178985596,1.5065898878674489e-05,165.8952829837799,227.8168714940548,0.00010043721704278141,176.1926155090332,212.291088193655,5.309770494932309e-05,162.1804552078247,220.57533514499664,6.838914123363793e-05,174.2670373916626,221.80409014225006,0.00017977172683458775,186.9914847612381,224.0921607017517,1.1148272278660443e-05,179.13760948181152,220.5993648171425,2.2136686311569065e-05,173.37252712249756,211.54513359069824,6.764240970369428e-05,170.3384940624237,221.26602268218994,1.0,171.78389263153076,217.64612102508545,4.587418879964389e-05
139,181.02128982543945,220.10182762891054,3.422486042836681e-05,175.04461812973022,220.30411106348038,3.9622904296265915e-05,171.3292390704155,226.66939651966095,1.5420127965626307e-05,174.6743245124817,228.60628259181976,7.413001731038094e-05,173.16056537628174,215.77391910552979,6.112689152359962e-05,166.91290402412415,219.853066816926,1.9144010366289876e-05,172.56228429079056,226.2641144990921,3.0444398362305947e-05,166.04723572731018,227.66212710738182,7.265626481967047e-05,175.71186661720276,212.36960729956627,9.054032125277445e-05,161.6030740737915,220.87637847661972,0.00016754487296566367,174.1263463497162,221.65068364143372,0.0003690687008202076,174.1307671070099,233.2242431640625,1.0162270882574376e-05,179.07454252243042,220.46245574951172,3.6422712582862005e-05,173.3881846666336,211.10506296157837,5.0567647122079507e-05,170.80239713191986,221.307354927063,1.0,167.9216718673706,219.61941775679588,8.495276415487751e-05
140,180.68846583366394,220.0924078077078,3.271786408731714e-05,175.03551506996155,220.26996797323227,2.592699820525013e-05,171.21644055843353,226.8004583120346,1.2605563824763522e-05,174.6864197254181,228.6217079758644,0.00011108101170975715,172.86632418632507,215.3132553100586,4.283455200493336e-05,166.84987092018127,220.07522563636303,3.539335466484772e-06,172.59489160776138,226.3430359363556,1.9821378373308107e-05,166.08523654937744,227.76120498776436,5.9905636589974165e-05,175.794362783432,212.11868953704834,6.776431109756231e-05,161.7588667869568,220.6022201180458,7.208325405372307e-05,174.23422598838806,221.82452630996704,0.0003079341258853674,186.9647777080536,224.35115671157837,6.883946298330557e-06,179.23611068725586,220.50140970945358,2.8848340662079863e-05,173.32790315151215,211.13624620437622,6.870932702440768e-05,170.4649121761322,221.02497577667236,1.0,167.4973382949829,219.13680547475815,0.00010353088146075606
141,181.15255463123322,220.10251593589783,2.6778907340485603e-05,175.19487929344177,220.09143244475126,2.0337567548267543e-05,171.2966651916504,226.87283420562744,1.0474887858435977e-05,174.90809440612793,228.69706469774246,6.971476977923885e-05,175.12973523139954,211.53834906220436,2.969793786178343e-05,166.74403977394104,220.13456062972546,4.5770261749567e-06,172.40734082460403,226.13844883441925,1.4605133401346393e-05,166.23958230018616,227.91170465946198,5.573000089498237e-05,173.54211473464966,212.22174263000488,8.958386024460196e-05,161.67407608032227,220.7124233841896,9.857820987235755e-05,174.41115403175354,221.853973031044,0.0001905099197756499,187.27784287929535,223.9920847415924,1.126048755395459e-05,179.32894802093506,220.59117537736893,2.3556100131827407e-05,173.50960052013397,210.77958297729492,7.434387953253463e-05,170.8235968351364,220.98460865020752,1.0,168.69184589385986,219.62260007858276,3.7678928492823616e-05
142,180.58405619859695,220.1931739896536,3.2595005905022845e-05,174.9753212928772,219.84992916882038,1.974698534468189e-05,170.90535402297974,226.65002059936523,7.508444468840025e-06,174.84370136260986,228.29249277710915,8.734926814213395e-05,175.20577263832092,210.9802234172821,4.774393528350629e-05,166.66930961608887,220.13637563586235,5.396749656938482e-06,173.7760204076767,215.09172296524048,9.908326319418848e-06,166.38540363311768,227.31328576803207,2.03486251848517e-05,173.3552839756012,211.48446702957153,0.00016137167403940111,161.53186559677124,220.6033952832222,0.00034438466536812484,174.4969379901886,221.96216583251953,0.00020295831200201064,187.47492986917496,223.74674582481384,1.06763509393204e-05,179.55706214904785,220.1792128533125,2.353476702410262e-05,173.17736899852753,210.27610778808594,0.0002392302267253399,171.16700410842896,220.21950435638428,1.0,167.7931842803955,218.28198993206024,3.5032273444812745e-05
143,180.88729614019394,219.98381532728672,3.078560621361248e-05,174.9347860813141,219.93010433763266,2.0354835214675404e-05,171.0048110485077,226.55224931240082,1.2289661754039116e-05,175.06119513511658,228.57140040397644,0.00017679536540526897,174.90264773368835,211.2858531475067,3.668516728794202e-05,166.83583402633667,219.956159055233,3.5689151900442084e-06,172.3116690516472,225.9651083946228,1.3666843187820632e-05,166.1208336353302,227.45166325569153,9.84709186013788e-05,173.60642659664154,211.9243941307068,0.00014067019219510257,161.8317747116089,220.31778216362,7.431736594298854e-05,174.31253671646118,222.09033846855164,0.00016531164874322712,187.37880128622055,224.2503604888916,8.317513675137889e-06,179.00406169891357,220.5946046113968,3.6242508940631524e-05,434.14873111248016,294.9633889198303,0.001254249713383615,170.68521237373352,220.5361785888672,1.0,168.62757468223572,218.91320991516113,5.697492088074796e-05
144,180.53814655542374,220.18315985798836,1.4076535990170669e-05,175.15307712554932,219.864145308733,2.3521441107732244e-05,170.8982230424881,226.71176481246948,8.695886208442971e-06,174.81570291519165,228.1955832093954,4.653382711694576e-05,173.2942144870758,215.202983379364,2.6902846002485603e-05,166.37007856369019,220.0253128465265,4.195928795525106e-06,173.53382527828217,214.88252353668213,6.195210971782217e-06,165.8396178483963,227.29064232110977,4.0999970224220306e-05,173.6586241722107,211.2647066116333,7.573715993203223e-05,161.9937286376953,219.8372289687395,4.571243698592298e-05,174.45167875289917,221.62914323806763,0.00011619779252214357,176.82097387313843,222.01127743721008,3.963521521654911e-06,428.4863941371441,291.07707166671753,5.342246004147455e-05,423.4956474304199,291.39531403779984,0.910185694694519,171.33119916915894,220.2455358505249,1.0,171.915687084198,216.25059938430786,3.7472316762432456e-05
145,180.66346049308777,220.00391343189403,1.5127806364034768e-05,175.02532768249512,219.66930529475212,1.349335434497334e-05,170.82397782802582,226.43033289909363,8.553733096050564e-06,174.83379197120667,228.29597428441048,9.363663411932066e-05,173.23036575317383,214.83270740509033,2.1070745788165368e-05,174.78500843048096,216.7194163799286,1.2795849215763155e-06,172.27899181842804,226.1082706451416,1.1007302418875042e-05,165.99267077445984,227.44075137376785,8.569080091547221e-05,173.77338337898254,211.2779393196106,7.818116137059405e-05,162.74521684646606,219.65043571591377,1.2121039617341012e-05,174.49345421791077,221.84923803806305,0.0001354603300569579,173.32269942760468,233.20185256004333,5.389755187934497e-06,420.8972752094269,282.08186542987823,0.00017261090397369117,173.7674241065979,210.44379043579102,7.953203748911619e-05,171.2094349861145,220.26797676086426,1.0,172.49873146414757,217.06256294250488,3.7353507650550455e-05
146,175.6686532497406,205.9968237876892,1.1864629414048977e-05,174.86965537071228,219.58829763531685,1.3220403161540162e-05,170.80718314647675,226.10021150112152,1.0015842235588934e-05,174.9990255832672,228.3397800028324,0.00020911026513203979,174.8398950099945,210.94047152996063,3.0382792829186656e-05,166.466210603714,219.85827273130417,2.548257043599733e-06,170.64753913879395,232.15663146972656,1.3562116691900883e-05,165.99991965293884,227.7367168366909,0.0002319682389497757,173.35650897026062,211.43049240112305,0.00011167448974447325,162.3253607749939,219.9064344316721,3.8307283830363303e-05,174.74840807914734,222.04212141036987,9.46786894928664e-05,172.9568390250206,233.40362334251404,8.93228207132779e-06,413.20905363559723,280.29867935180664,0.00016547818086110055,173.6846982240677,210.34184455871582,0.0001382260088576004,170.74894618988037,220.1281394958496,1.0,172.62774580717087,217.23186683654785,3.566387022146955e-05
147,180.80715668201447,219.72305569052696,1.69218510563951e-05,174.9992880821228,219.7141668200493,2.159169343940448e-05,170.8339160680771,226.2338079214096,8.822706149658188e-06,175.03238201141357,227.992139371112,9.991639672080055e-05,174.94122695922852,211.0820336341858,5.599845098913647e-05,166.34612822532654,219.7044998407364,6.016309725964675e-06,173.64930593967438,214.91125988960266,1.1648617146420293e-05,166.25328516960144,226.97346472740173,2.9122851628926583e-05,173.32376062870026,211.2943525314331,0.00016390781092923135,160.98298597335815,220.29473987221718,0.0009507956565357745,404.60391533374786,282.3639907836914,0.00021533977997023612,176.7458519935608,222.06301045417786,6.184956419019727e-06,410.131786942482,278.08728075027466,0.0003656646003946662,404.1636024713516,275.07380372285843,0.7301120758056641,171.2329559326172,219.57436609268188,1.0,169.7923665046692,218.62011241912842,0.00015790187171660364
148,175.46163487434387,205.7793825864792,2.2300771888694726e-05,174.73687314987183,219.53160166740417,1.88191970664775e-05,170.76649594306946,226.01952290534973,8.430353773292154e-06,174.93162512779236,228.01493929233402,0.00013357875286601484,174.755859375,210.95860195159912,5.7468318118480965e-05,166.21258974075317,219.69407019019127,6.635600129811792e-06,173.46905088424683,214.854798078537,1.0142267456103582e-05,165.9392466545105,227.07069218158722,8.946016896516085e-05,173.251735329628,211.2453293800354,0.00017049844609573483,161.4141731262207,220.12072697281837,0.00020649490761570632,174.4551010131836,221.9866805076599,0.0001571895118104294,186.60601258277893,223.45700764656067,5.364391654438805e-06,405.15020990371704,274.1489975452423,0.02100120484828949,399.3021330833435,273.2185182571411,0.19913798570632935,170.88577127456665,219.84577417373657,1.0,169.186616897583,219.15488195419312,7.191640906967223e-05
149,180.72981077432632,220.07617969065905,1.9841330868075602e-05,174.8950583934784,219.42278677225113,2.180426599807106e-05,170.71958124637604,225.86823320388794,1.0508296327316202e-05,175.1080493927002,227.96573524549603,0.00018389745673630387,174.93480253219604,210.867133975029,5.455976861412637e-05,166.52839612960815,219.47707492113113,6.681314062007004e-06,172.27758702635765,226.10489881038666,1.6119891370180994e-05,165.9636596441269,227.32433879375458,0.00025137484772130847,173.2995855808258,211.48135375976562,0.00021799374371767044,161.6608738899231,219.84555493295193,0.00010428331734146923,388.9934377670288,274.80741798877716,0.00033273271401412785,186.9146739244461,223.3874065876007,9.665565812611021e-06,395.8272603005171,268.35574644804,0.10101787745952606,391.41397356987,266.25569128990173,0.1870417445898056,171.3842215538025,219.89821529388428,1.0,172.32521057128906,215.61839199066162,6.515821587527171e-05
150,175.69845485687256,205.66025984287262,1.9980267097707838e-05,382.5315818786621,267.7713509052992,1.0721254511736333e-05,170.77259278297424,226.3205053806305,5.86238957112073e-06,175.1536750793457,227.90746937692165,6.551079422933981e-05,174.76871299743652,210.93633127212524,2.9718054065597244e-05,390.3189821243286,270.6049909591675,1.0673387805582024e-05,173.49143636226654,214.6324179172516,8.378153324883897e-06,165.8488245010376,227.0506443977356,6.553653656737879e-05,173.23712754249573,210.99957752227783,0.0001444586378056556,162.19874715805054,219.0956271290779,4.492748121265322e-05,174.58535885810852,221.7772741317749,6.402433791663498e-05,388.0495241098106,273.5794813632965,9.249516551790293e-06,393.8166244029999,268.19694831967354,0.019752759486436844,386.11926770210266,264.88156390190125,0.9988250136375427,170.841157913208,219.72640943527222,1.0,167.77076625823975,217.66419124603271,4.106809865334071e-05
151,175.90846586227417,205.6294937133789,1.7430616935598664e-05,175.03435492515564,219.4202492237091,1.3080471035209484e-05,170.53686952590942,225.94045662879944,6.21522440269473e-06,174.91670489311218,228.1948972195387,0.00013402146578300744,175.2159070968628,210.6383180618286,3.551460395101458e-05,380.1252042800188,270.03654623031616,3.7405970942927524e-06,173.51575422286987,214.5541889667511,9.88086685538292e-06,165.78146147727966,227.36989933252335,0.00020199189020786434,173.48970794677734,210.59673690795898,0.00014744217332918197,162.41825485229492,218.94170784950256,2.334494456590619e-05,174.58923768997192,221.8483648300171,0.0001328101207036525,187.07442688941956,223.03908944129944,7.761198503430933e-06,385.44680428504944,261.40172827243805,0.018101556226611137,378.05081593990326,259.4584820866585,0.999962329864502,170.9403567314148,219.5990014076233,1.0,167.3897476196289,217.23976135253906,4.036373502458446e-05
152,374.0261158943176,273.41769313812256,2.2015610738890246e-05,175.10169196128845,219.34134232997894,1.6795162082416937e-05,170.84890985488892,225.85519576072693,1.0458996257511899e-05,175.1367528438568,227.67455768585205,9.707466961117461e-05,175.0006387233734,210.81255567073822,4.096671182196587e-05,379.3932851552963,271.14380049705505,1.6994965335470624e-05,173.6716275215149,214.35546135902405,2.4461132852593437e-05,166.1368978023529,226.6749325990677,8.270912803709507e-05,173.18541634082794,210.51990842819214,0.00025555212050676346,161.11116647720337,219.3440380692482,0.0002854713820852339,372.67214465141296,259.55458986759186,0.00167927797883749,371.08801555633545,263.90865564346313,3.537490192684345e-05,378.17600071430206,256.4325284957886,0.08222229778766632,372.194297850132,254.73549699783325,1.0,171.48555421829224,219.17251443862915,1.0,377.09439849853516,252.4969953596592,0.000187476456630975
153,362.11361968517303,255.43298411369324,1.8710359654505737e-05,365.2148324251175,250.5171707868576,1.702422923699487e-05,359.90111684799194,249.2260193824768,7.554606781923212e-06,175.03170037269592,227.24468517303467,9.798834071261808e-05,175.22583103179932,210.70657551288605,3.469494913588278e-05,374.9151749610901,256.8037619590759,7.081012881826609e-06,173.43511998653412,214.44345903396606,3.168993134750053e-05,165.9728091955185,225.9563808441162,7.654462388018146e-05,173.56684350967407,210.1163272857666,0.00017429186846129596,161.28406476974487,219.54790556430817,0.00043489737436175346,364.8889470696449,258.50719237327576,0.005671416874974966,360.09250569343567,261.34815859794617,3.371693310327828e-05,369.7561242580414,253.077162027359,0.027953704819083214,364.14771270751953,250.9907808303833,1.0,171.51658535003662,218.68480396270752,1.0,371.6139106750488,250.82991671562195,0.00015893038653302938
154,175.395681142807,205.0935262441635,2.1756884962087497e-05,174.9272174835205,219.23373675346375,1.4361478861246724e-05,170.58489763736725,225.6107361316681,7.212729542516172e-06,175.1857614517212,227.12525975704193,5.74926525587216e-05,174.99695563316345,210.71447038650513,3.613552325987257e-05,363.33524495363235,255.2741515636444,7.315693892451236e-06,363.64360496401787,256.0401539802551,2.0749561372213066e-05,161.62440633773804,221.13268423080444,7.67674355302006e-05,173.70028626918793,209.66260290145874,0.00018100150919053704,359.2898874282837,250.00093495845795,0.00021280167857185006,362.15598356723785,256.9653570652008,0.00471752742305398,357.1581826210022,260.01038596220315,0.0001295987021876499,365.5311839580536,252.5949404835701,0.0016494295559823513,359.3808710575104,249.30175971984863,1.0,170.9751877784729,218.3271951675415,1.0,167.24872875213623,216.04639601707458,8.591966616222635e-05
155,176.211567401886,205.02511882781982,2.5968050977098756e-05,174.88218331336975,219.07801359891891,2.7902753572561778e-05,175.5841748714447,221.79123890399933,9.367538041260559e-06,175.2355034351349,227.03623950481415,9.387587488163263e-05,174.94431614875793,210.40456473827362,8.514766523148865e-05,362.3460376262665,256.7711753845215,1.4728682799614035e-05,173.52434158325195,213.9922970533371,2.4855646188370883e-05,162.78738117218018,221.57561349868774,5.381889786804095e-05,173.4505068063736,210.01819562911987,0.0002548919292166829,160.51177644729614,218.95699214935303,0.0032495432533323765,160.86870861053467,223.7200050354004,0.00042693616705946624,355.4473533630371,258.8706855773926,0.00017763127107173204,363.153302192688,249.45177698135376,0.0003063782933168113,355.6046233177185,247.94954419136047,1.0,171.74190855026245,218.2987675666809,1.0,168.0069694519043,215.79570960998535,0.00023794884327799082
156,356.364577293396,259.4361071586609,3.7789872294524685e-05,348.10528971999884,237.39341115951538,2.810459045576863e-05,358.8919515609741,240.47726392745972,1.1670321327983402e-05,175.36766910552979,226.52841079235077,0.00011816728510893881,357.94097089767456,255.95058512687683,0.0001008927938528359,361.68536257743835,257.6024646759033,6.632968870690092e-05,173.66672348976135,213.8173131942749,2.2062373318476602e-05,161.38259601593018,221.14374566078186,0.00014059805835131556,173.56060099601746,209.51149988174438,0.000220560934394598,350.1706736087799,246.93005657196045,5.064355718786828e-05,354.2447156906128,246.61644339561462,0.00019431837426964194,353.38608264923096,252.3241101205349,5.898689414607361e-05,357.3911181688309,246.05925464630127,0.0008215807611122727,353.05441427230835,244.47559642791748,1.0,170.80254983901978,217.71068716049194,1.0,168.18027019500732,215.57429718971252,0.00012529318337328732
157,347.6853778064251,239.60413646697998,2.3661355953663588e-05,347.8023557215929,236.94871872663498,4.307040580897592e-05,347.3913976550102,241.8385467529297,3.716830542543903e-05,175.4417064189911,226.53451240062714,0.0001680860441410914,174.62083983421326,210.41169106960297,5.916485679335892e-05,360.92014241218567,256.9808883666992,4.12275294365827e-05,347.5279603600502,243.58193063735962,4.6175984607543796e-05,166.07041025161743,225.70857310295105,0.0001341781171504408,173.45160114765167,209.2694001197815,0.00021649843256454915,349.61494076251984,245.84865713119507,0.00016587057325523347,348.70932471752167,247.4654564857483,0.00022661038383375853,343.8151116371155,245.21477508544922,4.2378713260404766e-05,351.46085715293884,243.0545215010643,0.0010119967628270388,351.027382850647,242.80144929885864,1.0,171.59965801239014,217.53937196731567,1.0,167.50761127471924,215.21572065353394,0.00022211798932403326
158,345.70856046676636,241.63354873657227,1.7930417016032152e-05,174.96591067314148,218.643328666687,1.5130462088563945e-05,346.9511989355087,240.76359796524048,2.677019983821083e-05,183.9481282234192,221.37545156478882,0.00012048018106725067,346.08025884628296,239.69287014007568,4.1130300814984366e-05,347.89231649041176,241.93813943862915,1.7590275092516094e-05,347.1412981748581,243.09178400039673,4.055746830999851e-05,166.0931568145752,225.90151739120483,0.0001132720717578195,173.78098595142365,209.33265447616577,0.0002441957767587155,344.0572009086609,236.43791070580482,0.00015760990208946168,347.2054022550583,245.99094128608704,0.0006441606092266738,341.43960428237915,243.4820375442505,2.5892975827446207e-05,349.13282680511475,241.39242887496948,0.0012495475821197033,347.5540680885315,239.83104419708252,1.0,172.15343284606934,217.93911361694336,1.0,168.04416942596436,215.4774613380432,9.349369793199003e-05
159,180.56976002454758,219.93693248927593,2.1606545487884432e-05,332.31530570983887,238.44617748260498,1.481930485169869e-05,345.09929490089417,240.00485229492188,2.868440242309589e-05,183.98929500579834,221.3573786020279,0.00015443007578141987,346.3901461362839,257.3413815498352,4.378661833470687e-05,350.0372951030731,254.7476041316986,5.411140955402516e-05,347.21918988227844,242.93718481063843,3.067889701924287e-05,166.25353908538818,225.7241473197937,0.00011348300176905468,173.72814345359802,209.02576208114624,0.00016083235095720738,343.742422580719,237.01156270503998,0.00018669103155843914,344.45861196517944,244.8930556178093,0.0003700637898873538,339.097806930542,248.13978815078735,4.6963403292465955e-05,345.56720209121704,240.94487237930298,0.04276140406727791,344.61252307891846,239.9607343673706,1.0,172.09081745147705,217.60718488693237,1.0,346.04311096668243,240.87203884124756,0.00012441800208762288
160,180.8702399134636,219.94035866111517,2.4021745048230514e-05,174.88507843017578,218.78266835212708,1.8736427591647953e-05,344.7031075954437,240.08606815338135,3.124142676824704e-05,183.97481679916382,221.5559639930725,0.00010560172813711688,174.85301852226257,210.62133634090424,5.5419543059542775e-05,347.42899572849274,249.69721937179565,1.8260059732710943e-05,173.54890382289886,213.7582803964615,3.2819865737110376e-05,161.86206245422363,221.27513444423676,6.51679074508138e-05,173.58356046676636,209.05642127990723,0.00027230283012613654,161.34345149993896,218.37665581703186,9.526136273052543e-05,342.5241196155548,246.18141269683838,0.000572562450543046,186.8893005847931,222.95542788505554,1.849128784670029e-05,343.7825918197632,243.5761445760727,0.10586310923099518,343.53948044776917,241.38725900650024,1.0,172.1905164718628,217.6167254447937,1.0,344.8574125766754,242.98140025138855,0.00025202351389452815
161,176.02947664260864,204.39116525650024,1.6705133020877838e-05,175.43017482757568,212.9204775094986,1.2465765394154005e-05,343.6620030403137,240.58693408966064,6.476030648627784e-06,175.62211394309998,225.90867733955383,9.015306568471715e-05,175.05836820602417,210.35019755363464,3.0945378966862336e-05,345.5594916343689,242.20632600784302,6.735938768542837e-06,173.61615359783173,213.38730418682098,2.2107868062448688e-05,161.86953115463257,220.91089302301407,7.425354124279693e-05,173.83825278282166,208.50772428512573,0.0001668437325861305,161.93408870697021,217.49271655082703,4.860006083617918e-05,175.01112532615662,221.76968586444855,7.74770524003543e-05,186.49450027942657,222.46324944496155,1.4168375855660997e-05,343.5156774520874,242.6211109161377,0.010870438069105148,342.7943797111511,242.39754509925842,1.0,171.63416242599487,216.683922290802,1.0,347.0293354988098,244.49109694361687,0.00016734290693420917
162,180.38167163729668,219.75698667764664,2.2278347387327813e-05,331.2615897655487,239.22057032585144,1.6001022231648676e-05,330.7659500837326,241.4451389312744,2.046092413365841e-05,183.69881057739258,221.08601021766663,0.00012085425260011107,174.6845064163208,210.38571763038635,4.852369966101833e-05,173.25612246990204,213.20843768119812,1.9205572243663482e-06,173.64195847511292,213.66090202331543,2.988787309732288e-05,162.2090458869934,221.20840513706207,0.00012636669271159917,173.51000845432281,209.18653917312622,0.00025534507585689425,161.06035137176514,218.49065172672272,0.0002555175160523504,161.63963985443115,223.65976810455322,0.00017649370420258492,186.1605988740921,222.65911746025085,1.8257536794408225e-05,341.025039434433,242.74811255931854,0.05871734395623207,340.9866716861725,242.78268456459045,0.999997615814209,171.61746501922607,217.31655740737915,1.0,172.00385427474976,217.79181957244873,0.0003347470483276993
163,176.18328332901,204.53077632188797,2.8237765945959836e-05,175.06627702713013,213.07875442504883,2.1295340047799982e-05,175.09238648414612,220.84655338525772,8.516876732755918e-06,175.67112708091736,226.00815200805664,0.00012743553088512272,174.66901063919067,210.3214316368103,4.7416429879376665e-05,345.8375425338745,240.94695043563843,4.584430826071184e-06,173.63056468963623,213.4706506729126,2.6292318580090068e-05,161.6691665649414,221.24231326580048,0.00011784097296185791,173.60176217556,208.82659101486206,0.00026225909823551774,161.6143021583557,218.04008758068085,5.9564077673712745e-05,174.75868797302246,221.8706773519516,0.0001353881525574252,186.80264472961426,222.43849325180054,1.1933600035263225e-05,340.7882214188576,242.14899349212646,0.15841466188430786,340.89073407649994,241.99657249450684,0.9999880790710449,171.7799515724182,217.01083278656006,1.0,343.1140055656433,243.64645445346832,0.0007847733213566244
164,176.3046054840088,204.4953654408455,2.882766057155095e-05,175.3854808807373,212.85020381212234,2.151199078070931e-05,175.2266767024994,220.96070206165314,8.019921551749576e-06,175.82363867759705,226.07776772975922,0.0002202133764512837,174.21937203407288,206.38721466064453,4.282279041945003e-05,173.55819284915924,212.9159430861473,1.5656073628633749e-06,173.77133238315582,213.4164228439331,2.612426396808587e-05,166.16812872886658,225.4442481994629,0.00015982092008925974,173.86262369155884,208.55360651016235,0.00025400766753591597,161.8160047531128,217.78974723815918,4.117484058951959e-05,174.87253212928772,221.92628514766693,0.00014866855053696781,186.96151840686798,222.48617577552795,1.7737400412443094e-05,179.70745611190796,218.7550357580185,5.801111547043547e-05,339.91475965082645,241.95076751708984,0.00036668305983766913,172.27472686767578,217.08780145645142,1.0,168.4138708114624,214.357319355011,0.0001052351071848534
165,176.10985660552979,204.33705079555511,3.609670966397971e-05,175.1490933895111,213.10378658771515,2.961340760521125e-05,175.024738073349,220.7061585187912,8.961975254351273e-06,183.7671046257019,220.5624766945839,8.491494372719899e-05,174.29380011558533,210.35361099243164,7.597964577144012e-05,173.165433883667,212.75885313749313,3.1218723961501382e-06,173.59310030937195,213.46636819839478,4.5678141759708524e-05,162.0925784111023,221.21016001701355,0.0001283438177779317,173.33507585525513,208.49649333953857,0.00035779442987404764,160.91264820098877,218.3071562051773,0.0002680393517948687,161.46315813064575,223.3836646080017,0.00020632939413189888,186.66161608695984,222.28585863113403,1.6064890587585978e-05,339.6435160636902,241.07093954086304,0.44725942611694336,339.9518421664834,241.58430123329163,0.8472422361373901,171.82019758224487,216.74054431915283,1.0,170.67627716064453,215.18633222579956,0.0004920997889712453
166,176.37491035461426,204.18807817995548,4.1420113120693713e-05,175.07475781440735,212.70274728536606,3.1184928957372904e-05,174.96488881111145,220.48796409368515,1.0560546797933057e-05,183.8661036491394,220.8261947631836,0.00021112465765327215,173.7632039785385,206.17164015769958,8.24644448584877e-05,173.03432142734528,207.66142225265503,2.226166316177114e-06,173.42983305454254,213.2409199476242,4.7614397772122175e-05,162.11431884765625,221.40554893016815,0.00026942879776470363,173.57674133777618,208.39088582992554,0.0003029459621757269,161.05251264572144,218.31458854675293,0.00019922015781048685,161.7182011604309,223.87957119941711,0.00024674402084201574,186.41502904891968,222.26728296279907,1.375933970848564e-05,338.07475566864014,241.36267614364624,0.0033223533537238836,339.255922973156,241.38406229019165,0.012028944678604603,172.24505138397217,216.64132595062256,1.0,168.4552459716797,213.89377689361572,0.000357059296220541
167,176.05477476119995,204.03001045808196,2.5305123926955275e-05,175.1648919582367,212.49411740899086,2.1137966541573405e-05,175.2918689250946,220.3252018392086,7.743979949736968e-06,183.5438675880432,220.55668258666992,0.00011608105705818161,173.44218146800995,205.96564269065857,4.7469817218370736e-05,172.9185110926628,207.62055110931396,1.784109372238163e-06,173.40762281417847,213.2761913537979,3.7365905882325023e-05,162.28372859954834,220.9703667163849,0.00015442181029357016,173.45638489723206,207.99218702316284,0.00018167497182730585,161.0805163383484,217.84481978416443,0.0001374339044559747,161.74626636505127,223.46417021751404,0.00014177603588905185,186.1286984682083,221.8713822364807,1.098015854950063e-05,337.3017907142639,239.25977635383606,0.000577458762563765,174.50342559814453,208.20349407196045,0.00022952922154217958,172.02605438232422,216.09648275375366,1.0,169.82172441482544,213.71129488945007,0.00014707371883559972
168,176.21670770645142,203.894168227911,2.6647685444913805e-05,175.12932062149048,212.52783274650574,2.3325916117755696e-05,175.35571837425232,220.5260694026947,1.0597420441627037e-05,183.576810836792,220.6059587597847,0.00014116925012785941,173.6354593038559,205.8635529279709,4.655637530959211e-05,162.711905002594,206.9491274356842,1.9393507955101086e-06,173.33798682689667,213.04642391204834,2.7813171982415952e-05,161.60279417037964,220.9716528058052,9.844726446317509e-05,173.6272828578949,207.8868384361267,0.0001593689521541819,161.65075778961182,217.90123105049133,5.9505371609702706e-05,175.11471366882324,221.91839289665222,9.86449740594253e-05,186.294686794281,222.04043769836426,8.674094715388492e-06,337.4779849052429,238.7691352367401,0.001040944131091237,174.8988118171692,208.12864923477173,0.00017369510896969587,171.90661525726318,215.9744508266449,1.0,172.2243971824646,217.41582870483398,0.0002171902306145057
169,176.3186583518982,203.8042020648718,3.702640606206842e-05,175.17106676101685,207.674302816391,4.53510474471841e-05,173.14450693130493,215.56166648864746,7.648382052138913e-06,183.81180667877197,220.26934695243835,0.00021684073726646602,173.91208446025848,205.56375634670258,8.067669114097953e-05,184.85127234458923,214.7664875984192,2.3555980988021474e-06,173.391703248024,212.71530944108963,4.4714321120409295e-05,162.43590211868286,221.00388610363007,0.0001873377914307639,173.59178221225739,207.5874240398407,0.00025040729087777436,161.64947652816772,217.4237961769104,4.3676187488017604e-05,175.02682185173035,221.63741433620453,9.661560761742294e-05,186.12515783309937,221.63893246650696,2.6905285267275758e-05,179.8970775604248,217.75351786613464,4.3904026824748144e-05,175.2293360233307,207.61957669258118,0.00037436067941598594,172.4396629333496,215.60680532455444,1.0,172.46677684783936,216.74273300170898,0.00012880063150078058
170,176.15175008773804,203.8883955925703,2.7262021831120364e-05,174.88658332824707,207.7064564228058,2.871609467547387e-05,172.89236336946487,215.55126690864563,6.411506547010504e-06,175.79748249053955,224.9138708114624,0.00012834760127589107,173.900817155838,205.44841754436493,4.965933476341888e-05,173.53148555755615,207.16100358963013,1.910766741275438e-06,173.31458032131195,212.8887546658516,4.598759187501855e-05,161.8429036140442,220.83767300844193,0.00035142237902618945,173.68204021453857,207.51275610923767,0.00018313087639398873,176.0325951576233,216.17312335968018,1.0014915460487828e-05,174.9081690311432,221.62717401981354,9.374329965794459e-05,172.90338343381882,211.68928956985474,7.919777090137359e-06,338.22041034698486,234.24590468406677,0.00025345172616653144,175.19858121871948,208.08189487457275,0.0003408527991268784,172.4468011856079,215.70890164375305,1.0,171.88626019656658,214.39514636993408,0.00011657235154416412
171,176.2821741104126,203.67844152450562,1.7343894796795212e-05,175.16365718841553,207.7716212272644,1.860598240455147e-05,175.51129817962646,220.1943216919899,4.9801628847490065e-06,183.59623622894287,220.66193121671677,0.00013133263564668596,173.84676837921143,205.50328183174133,3.720231325132772e-05,173.42769467830658,207.2778458595276,1.0233284228888806e-06,173.3300095796585,212.92705881595612,2.247535485366825e-05,161.61182355880737,220.80863988399506,0.00011387561971787363,173.59186708927155,207.36281490325928,0.00011067933519370854,162.10204076766968,217.28199672698975,1.1600547622947488e-05,175.17262434959412,221.67172646522522,5.25500436197035e-05,186.28141856193542,221.84017074108124,1.0371796633990016e-05,179.94070291519165,217.9088373184204,2.6357614842709154e-05,175.06989073753357,207.73574018478394,0.0001928182173287496,172.55650901794434,215.45156526565552,1.0,172.52340745925903,217.07528591156006,8.313731814268976e-05
172,180.2943896651268,205.413947224617,1.7427042621420696e-05,175.19446206092834,207.35660648345947,2.0605513782356866e-05,158.93230509757996,219.3923243880272,9.380965821037535e-06,175.83383131027222,224.85867643356323,9.282973041990772e-05,174.08057117462158,205.0703845024109,2.3163078367360868e-05,174.29920434951782,207.12192225456238,7.006731266301358e-07,173.7381091117859,212.46104216575623,1.4855258996249177e-05,161.31731271743774,220.34062203764915,9.460828732699156e-05,174.16518568992615,207.0990355014801,7.87848184700124e-05,176.79902172088623,215.53088426589966,3.981626832683105e-06,175.5828776359558,221.57763946056366,4.068076304974966e-05,186.60945892333984,221.742870926857,4.774705303134397e-06,180.97137832641602,218.20490860939026,1.8452848962624557e-05,179.05768114328384,208.50977849960327,0.0001949636498466134,171.37052536010742,214.93581819534302,1.0,174.87490153312683,212.89788341522217,7.301897130673751e-05
173,176.11773252487183,203.41062569618225,2.000697895709891e-05,174.9175341129303,207.27594256401062,2.074067924695555e-05,158.8653724193573,219.29776960611343,7.436157829943113e-06,175.7036907672882,224.14248847961426,1.6930163837969303e-05,173.5217912197113,205.1628441810608,4.046397589263506e-05,173.83807742595673,206.90372228622437,1.3048062328380183e-06,173.64778411388397,212.35936629772186,2.6403959054732695e-05,160.82865238189697,219.70873022079468,0.00012312144099269062,173.91224801540375,206.90818858146667,0.00010870477126445621,161.54003238677979,216.73401618003845,2.827565185725689e-05,161.9017448425293,223.09419989585876,5.089735350338742e-05,173.6748960018158,210.59832525253296,6.0237043726374395e-06,180.32413291931152,217.6219449043274,1.616444205865264e-05,175.12899804115295,207.29122877120972,9.815966768655926e-05,171.3332004547119,214.6316843032837,1.0,171.51281547546387,213.09087371826172,0.00015005057503003627
174,176.4476318359375,203.54183200001717,2.2501581042888574e-05,175.01585268974304,207.32435488700867,3.547807864379138e-05,173.1101599931717,215.17790746688843,8.828008503769524e-06,183.93959760665894,220.1750067770481,0.00010708711488405243,173.91616344451904,205.1438558101654,5.439835149445571e-05,173.70538127422333,206.81335949897766,1.3482076610671356e-06,173.52919113636017,212.4340924322605,3.50987866113428e-05,161.83044910430908,220.4767885506153,0.0001748000067891553,173.8457431793213,207.06850361824036,0.00013720305287279189,161.618558883667,216.99372148513794,3.243794708396308e-05,175.23741364479065,221.59844493865967,0.00011314533185213804,186.1630917787552,221.54647302627563,8.42298504721839e-06,180.09446716308594,217.89092874526978,3.860072320094332e-05,175.40229892730713,207.5754749774933,0.00012337398948147893,172.2009916305542,214.95238852500916,1.0,172.05108642578125,217.10151195526123,0.00015495724801439792
175,176.1779317855835,203.39305365085602,3.101903712376952e-05,174.81813621520996,207.25581097602844,4.518428977462463e-05,172.82257395982742,214.98870635032654,9.344045793113764e-06,183.48176383972168,220.38211950659752,5.8547808293951675e-05,173.80052721500397,205.0127203464508,6.11155919614248e-05,173.79680860042572,206.56537342071533,1.8865617903429666e-06,173.41273140907288,212.48654767870903,3.8294860132737085e-05,161.76325941085815,220.18662558495998,0.00015168549725785851,173.64420449733734,206.92996835708618,0.00016391859389841557,161.3594250679016,216.67140579223633,2.7862814022228122e-05,175.0543384552002,221.57261407375336,8.671445539221168e-05,173.039541721344,211.1103057861328,7.945915058371611e-06,179.82227611541748,217.70080041885376,5.281163248582743e-05,175.32911658287048,207.73968267440796,0.00033368318690918386,172.0985221862793,214.71105885505676,1.0,172.20616914331913,213.64280700683594,0.000223064111196436
176,181.03065526485443,205.06862950325012,4.08093401347287e-05,174.98188161849976,207.28756380081177,5.519796832231805e-05,172.94082069396973,214.77018904685974,1.2768865417456254e-05,183.75039339065552,220.05064617097378,0.00026073947083204985,173.8675113916397,204.84665900468826,8.170104410964996e-05,173.4081553220749,206.41076159477234,1.999782853090437e-06,173.13752496242523,212.39591559767723,4.871490818914026e-05,162.31311655044556,220.4344579577446,0.00013527987175621092,173.6614626646042,206.7675380706787,0.0001499431673437357,160.8541669845581,217.17122840881348,5.841151505592279e-05,162.26752996444702,223.35504388809204,9.208051778841764e-05,185.8544421195984,221.30728101730347,1.346542194369249e-05,179.79852390289307,217.16272354125977,5.993700688122772e-05,175.3231074810028,207.33738803863525,0.00022642378462478518,172.51006603240967,214.55597805976868,1.0,172.48087212443352,213.43041896820068,0.00018670935241971165
177,175.61989450454712,203.2223760485649,2.859959022316616e-05,174.9252414703369,207.1880099773407,2.0152687284280546e-05,172.96050506830215,214.8740119934082,6.301562734734034e-06,183.54648399353027,219.64858269691467,5.964194133412093e-05,173.85181081295013,204.43483725190163,3.706428105942905e-05,174.17590880393982,206.40547490119934,1.3412364978648839e-06,173.5661073923111,212.18748727440834,3.3794894989114255e-05,161.0610432624817,219.4416766166687,0.00017160245624836534,174.2035174369812,206.15290236473083,0.00010310399375157431,161.86760139465332,215.59392976760864,1.1843274478451349e-05,175.4784939289093,221.426939368248,4.516666740528308e-05,174.06447839736938,210.79334115982056,6.543500148836756e-06,180.07544136047363,217.34045314788818,2.6546533263172023e-05,175.12039160728455,207.1452193260193,0.00010960040526697412,171.59896898269653,214.09195637702942,1.0,171.32369822263718,212.38411235809326,4.8442467232234776e-05
178,181.11853063106537,204.8520742058754,5.955203596386127e-05,175.2807047367096,207.1581678390503,6.548899546032771e-05,172.82309180498123,214.85865426063538,1.250725381396478e-05,184.20195817947388,219.9335085004568,7.067289698170498e-05,174.24899077415466,204.37130013108253,6.407552427845076e-05,174.190274477005,206.40659189224243,2.033110149568529e-06,173.44106805324554,212.0663430020213,2.6137819077121094e-05,161.5118432044983,219.9071727991104,0.00013706221943721175,174.14313292503357,206.13314056396484,0.00013022786879446357,161.6931014060974,215.9853072166443,7.911427928775083e-06,171.83162523806095,208.03095388412476,3.661156370071694e-05,174.15466332435608,210.39291667938232,8.697279554326087e-06,178.30416202545166,212.96333330869675,2.6751951736514457e-05,175.80181288719177,206.520733833313,0.00020465068519115448,172.25212383270264,214.0777723789215,1.0,172.39581134915352,212.16901111602783,5.448505544336513e-05
179,180.89821863174438,205.14099085330963,3.203675805707462e-05,175.06495809555054,207.22654795646667,3.6923975130775943e-05,172.89284485578537,215.00454998016357,8.287774107884616e-06,183.96114492416382,219.73948329687119,0.00011080985859734938,173.89148008823395,204.5364569425583,5.061618139734492e-05,174.14161109924316,206.50051593780518,1.5722056332378997e-06,173.55803310871124,212.24302883446217,2.6664769393391907e-05,161.29688692092896,219.76365719735622,0.00014702422777190804,174.10044980049133,206.4462230205536,0.00013158773072063923,161.8993535041809,215.90771532058716,5.555892130360007e-06,162.33258247375488,222.87033891677856,4.267692202120088e-05,173.98619043827057,210.67387294769287,6.787506208638661e-06,178.17874145507812,212.95292729139328,2.1018964616814628e-05,175.53410625457764,206.9575834274292,0.00016568500723224133,171.58600664138794,214.26398420333862,1.0,171.53001976013184,212.33790683746338,6.733048212481663e-05
180,175.41251850128174,202.94765293598175,4.441827331902459e-05,174.2487678527832,206.8106861114502,2.0987699826946482e-05,158.42141675949097,218.28556108474731,1.0851780643861275e-05,173.7485169172287,219.9512817375362,4.961938611813821e-05,172.95885580778122,204.40729689598083,7.309379725484177e-05,173.65956795215607,205.88798606395721,1.946428710652981e-06,173.65285849571228,211.88398767262697,4.039704435854219e-05,160.57022523880005,218.50543808937073,0.0002207563811680302,174.12148022651672,205.9886827468872,0.0001168086746474728,161.09480905532837,214.90488815307617,4.3903022742597386e-05,161.84670495986938,222.0603005886078,6.736953218933195e-05,176.98057413101196,219.74857208132744,1.1002726751030423e-05,180.13517665863037,216.9486541748047,3.765611836570315e-05,174.4662959575653,207.04222798347473,8.33690573927015e-05,170.61240911483765,213.13202571868896,1.0,171.2427258491516,211.13136529922485,0.0005846474086865783
181,180.58455556631088,204.69996058940887,3.275467315688729e-05,174.82607412338257,206.86138033866882,3.3817334042396396e-05,172.8660912513733,214.21741557121277,9.981838047679048e-06,174.0875060558319,219.9388022571802,3.2471340091433376e-05,173.40368521213531,204.2498173415661,6.555522122653201e-05,174.00564694404602,205.88125109672546,2.434629550407408e-06,173.68532514572144,211.72337886691093,3.628798731369898e-05,160.55686950683594,218.50153625011444,0.00015359446115326136,174.18851280212402,205.8272922039032,0.0001292801316594705,161.17925596237183,215.06447839736938,4.100403384654783e-05,175.55396842956543,221.357048869133,3.929762533516623e-05,174.24849033355713,209.78140830993652,1.037327092490159e-05,180.24618339538574,216.99190258979797,2.8513237339211628e-05,175.18304181098938,206.49989223480225,0.00010822001058841124,171.3484263420105,213.06443321704865,1.0,171.98277139663696,211.03989791870117,0.0002726956445258111
182,180.91771739721298,204.7437071800232,4.028052353532985e-05,174.91496300697327,206.6261007785797,3.5573786590248346e-05,172.91290301084518,214.0203173160553,1.1025676030840259e-05,183.24852180480957,218.64314126968384,7.001290214248002e-05,173.5754770040512,203.85849957168102,6.0650534578599036e-05,174.29772329330444,205.5428876876831,2.0355760170787107e-06,173.73019409179688,211.59957399964333,2.7522564778337255e-05,161.01247262954712,218.35363924503326,0.00014884641859680414,174.3389801979065,205.50777769088745,0.00011035316128982231,162.4460744857788,212.9775030016899,4.5296328607946634e-05,162.13073921203613,221.5561784505844,7.538430509157479e-05,174.57031965255737,209.79500818252563,8.660208550281823e-06,180.47814083099365,216.70983719825745,2.6494357371120714e-05,175.30286931991577,206.37085103988647,0.00011275070573901758,171.13458013534546,212.57342731952667,1.0,171.67291450500488,210.47979736328125,0.00015191709098871797
183,180.7468952536583,204.71544295549393,4.017322862637229e-05,175.06708478927612,206.58640384674072,2.1620397092192434e-05,172.71556276082993,214.02508068084717,1.0511172149563208e-05,173.86730182170868,219.51853772997856,3.697235297295265e-05,173.5075807571411,203.50898560881615,4.181345138931647e-05,174.3557071685791,205.58083307743073,1.2545184517875896e-06,173.627490401268,211.50837057828903,2.3556505766464397e-05,160.72281122207642,218.12925493717194,0.00010323019523639232,174.52138900756836,205.2655792236328,6.370089977281168e-05,161.4405426979065,214.06647300720215,1.3252856660983525e-05,175.3838086128235,221.11303091049194,3.579109034035355e-05,176.94650793075562,219.48743891716003,8.535414963262156e-06,180.177321434021,216.4173903465271,2.8294887670199387e-05,178.937722325325,207.26616644859314,8.144511957652867e-05,171.13223886489868,212.57061862945557,1.0,171.276780128479,209.99651527404785,7.509422721341252e-05
184,180.56264853477478,204.88222408294678,3.206680412404239e-05,175.00050568580627,206.41080927848816,1.872583743534051e-05,172.622592151165,213.9133152961731,8.499423529428896e-06,173.74230766296387,219.45914548635483,3.169751653331332e-05,173.48102462291718,203.44452571868896,3.39037760568317e-05,174.49606943130493,205.41745924949646,1.0783226116473088e-06,173.48751771450043,211.5165234208107,2.6791960408445448e-05,160.73066186904907,218.02985751628876,0.00020243687322363257,174.64605379104614,205.34262895584106,5.271603004075587e-05,161.59217357635498,213.91134119033813,8.366839210793842e-06,162.3143606185913,221.7330675125122,3.155326339765452e-05,176.91285705566406,219.3775054216385,7.236658348119818e-06,180.30575466156006,216.23527574539185,2.2818659999757074e-05,178.8801658153534,207.36638808250427,7.149185694288462e-05,170.94768619537354,212.40306949615479,1.0,170.8212070465088,209.82773208618164,0.00010617868974804878
185,180.51913607120514,204.69799727201462,2.4957020286819898e-05,174.86831402778625,206.37505626678467,2.2752688892069273e-05,172.55203938484192,213.60110998153687,1.0680751074687578e-05,173.59146010875702,219.152372777462,5.35880280949641e-05,173.194598197937,203.40436112880707,4.483327938942239e-05,174.19404530525208,205.26681566238403,1.6568230876146117e-06,173.41802406311035,211.36123323440552,2.954987940029241e-05,160.67254495620728,217.86056900024414,0.00011505388101795688,174.51358485221863,205.01562523841858,6.281709647737443e-05,162.58413410186768,212.7788702249527,2.2047524907975458e-05,162.0521583557129,221.5550525188446,3.9572154491906986e-05,176.60732460021973,219.13227140903473,1.1442230970715173e-05,180.2073860168457,215.96630191802979,2.6997171516995877e-05,276.70308393239975,179.86388897895813,0.9999996423721313,170.68009281158447,212.0989122390747,1.0,170.7983055114746,209.4630069732666,0.00013579567894339561
186,180.50349819660187,204.71608316898346,2.9719076337642036e-05,174.89044547080994,206.46091318130493,2.3769302060827613e-05,172.70469719171524,213.5817837715149,1.2773920389008708e-05,173.51769733428955,219.28160309791565,6.127542292233557e-05,173.02541625499725,203.46717458963394,6.076156932977028e-05,174.15592074394226,205.16979467868805,2.4688997655175626e-06,173.38197672367096,211.4324854016304,5.209842856856994e-05,160.8489933013916,218.03341960906982,0.0002517984830774367,174.18090891838074,205.24468731880188,9.324865823145956e-05,160.79330348968506,214.2959361076355,3.790736082009971e-05,162.06387901306152,221.78458380699158,0.00017002179811242968,176.52011728286743,219.12795746326447,1.523860282759415e-05,179.97018718719482,216.24419331550598,4.2951702198479325e-05,273.6343352794647,179.91498804092407,1.0,170.28116035461426,212.31046962738037,1.0,170.3682985305786,209.8940567970276,0.0002015505451709032
187,175.5014305114746,202.850111246109,4.043323133373633e-05,174.30209231376648,206.26496648788452,2.7273334126221016e-05,172.52689391374588,213.31351566314697,1.5198503206192981e-05,173.53737497329712,219.1619827747345,7.243163418024778e-05,172.60041964054108,203.63143640756607,7.036711758701131e-05,281.8219196796417,192.92718648910522,3.7193465232121525e-06,173.48063778877258,211.42842024564743,6.221260264283046e-05,160.9825792312622,217.82793593406677,0.00010786601342260838,174.1312325000763,205.3272430896759,9.926313941832632e-05,160.9682855606079,214.41169548034668,2.0587265680660494e-05,162.44596195220947,221.76951348781586,4.509746213443577e-05,176.74132442474365,219.0454820394516,1.612984124221839e-05,180.15092945098877,216.2716028690338,4.146896390011534e-05,271.91513228416443,182.11464405059814,1.0,170.36039686203003,211.6496779024601,1.0,170.7134691476822,210.24528074264526,0.0005522507126443088
188,180.65906935930252,204.69578927755356,3.3695974707370624e-05,174.72522521018982,206.34461665153503,3.3991447708103806e-05,172.51926505565643,213.42740869522095,1.8279610230820253e-05,173.6546460390091,218.87553918361664,5.458021769300103e-05,173.22223734855652,203.60420161485672,6.613042205572128e-05,173.9968023300171,205.2483413219452,2.160194753741962e-06,268.2622602880001,191.74659132957458,3.7028847145847976e-05,160.87695932388306,218.07950747013092,0.00019036504090763628,174.21149325370789,205.53527355194092,7.990522135514766e-05,268.953562438488,185.34388399124146,4.306662594899535e-05,162.26490211486816,221.7549787759781,4.481933865463361e-05,176.87314653396606,219.0489890575409,1.0484632184670772e-05,180.23451805114746,216.0988495349884,3.2121250114869326e-05,269.82018744945526,183.75179767608643,1.0,170.7436180114746,211.7867156714201,1.0,171.06011772155762,210.02067184448242,0.00022601074306294322
189,180.7362608909607,204.6496500968933,3.7435667763929814e-05,174.78614020347595,206.4725158214569,3.926735735149123e-05,172.41986221075058,213.52264440059662,1.645054180698935e-05,173.68529641628265,218.82336556911469,8.679337770445272e-05,173.2545006275177,203.5593716800213,6.301743269432336e-05,173.99944841861725,205.1541908979416,1.9768581296375487e-06,267.4769831895828,193.06711339950562,3.4283460990991443e-05,160.9228105545044,218.20258116722107,9.461100125918165e-05,174.37985587120056,205.17092633247375,6.524065975099802e-05,268.8015102148056,182.5441608428955,2.2128919226815924e-05,271.58650517463684,194.9760798215866,0.0002498570829629898,176.57789850234985,219.03043764829636,1.312929998675827e-05,180.007661819458,216.00611925125122,4.1725899791345e-05,267.52190351486206,185.24642848968506,1.0,171.01373958587646,211.48515897989273,1.0,171.47766542434692,209.2302303314209,0.00016575910558458418
190,181.0150625705719,204.39927884936333,4.7551551688229665e-05,174.69400668144226,206.1966676712036,4.8990565119311213e-05,172.34601452946663,213.30261313915253,2.7280224458081648e-05,173.741819024086,218.76518750190735,7.591206667711958e-05,173.36721050739288,203.22586810588837,7.427089440170676e-05,269.2305598258972,192.85495567321777,5.300903922034195e-06,266.85225307941437,193.53502368927002,0.0001389513781759888,160.6593918800354,217.7321858406067,8.412308670813218e-05,174.48101544380188,204.87334954738617,9.108762606047094e-05,264.6527621746063,186.35123932361603,4.121369420317933e-05,269.4181237220764,195.4774493575096,0.0006257580243982375,176.70027112960815,218.95133769512177,1.1994517080893274e-05,180.21886920928955,215.62664651870728,3.1038358429213986e-05,266.1698684692383,188.35949516296387,1.0,170.93749856948853,211.19948917627335,1.0,171.33488845825195,209.0599627494812,0.00021585143986158073
191,175.4522156715393,202.83884727954865,2.4170512915588915e-05,174.85605931282043,206.2415156364441,2.0323548596934415e-05,172.2492186576128,213.53727805614471,1.3977332855574787e-05,173.52686202526093,218.7280592918396,7.215684308903292e-05,173.57925808429718,202.94914209842682,3.266075509600341e-05,267.17697924375534,193.1846570968628,2.7689013677445473e-06,265.77939653396606,193.26564836502075,3.2416453905170783e-05,160.28189086914062,217.73766541481018,6.455186667153612e-05,174.80548548698425,204.70428371429443,4.941091174259782e-05,257.7115230560303,184.72160148620605,8.326816168846563e-05,266.7434194087982,194.65835869312286,0.0002751612919382751,176.5306215286255,218.8875458240509,9.280556696467102e-06,264.43778133392334,189.848353266716,3.668135468615219e-05,263.15388774871826,187.83580684661865,1.0,170.9237241744995,211.528067111969,1.0,170.9061975479126,208.62939977645874,5.826886263093911e-05
192,175.77929377555847,203.05845195055008,3.190741699654609e-05,175.0346121788025,206.1578221321106,5.148059062776156e-05,172.5118865966797,213.37518548965454,2.2747395632904954e-05,262.55646109580994,199.94317293167114,0.00015555370191577822,173.42523646354675,203.2709288597107,7.190633186837658e-05,265.42949748039246,192.91315364837646,4.691356934927171e-06,173.45537793636322,211.09437972307205,3.872083834721707e-05,160.93150568008423,217.94578671455383,0.00019931932911276817,174.48142313957214,204.91855078935623,7.883660146035254e-05,256.077702999115,185.2479977607727,3.651922816061415e-05,255.258563041687,192.02365970611572,7.55285145714879e-05,259.7464122772217,199.0309362411499,1.0634079444571398e-05,180.10741519927979,215.58373880386353,4.17998198827263e-05,260.3959448635578,188.86114025115967,1.0,170.9209122657776,211.81322288513184,1.0,171.20115613937378,208.92829942703247,0.0001442038919776678
193,263.02979135513306,193.83613920211792,6.865063915029168e-05,174.85200262069702,206.32687282562256,6.560407200595364e-05,260.47526836395264,182.44966316223145,4.650986738852225e-05,256.511923789978,200.5771300792694,0.0001811303081922233,173.86009776592255,203.36026042699814,7.035194721538574e-05,263.4414653778076,192.0279664993286,3.6008088954986306e-06,173.60736119747162,211.28559792041779,3.8644626329187304e-05,161.12869834899902,218.34736120700836,0.00010360900341765955,174.74048018455505,204.7825158238411,0.00010833770647877827,254.14865279197693,185.52281284332275,3.203476808266714e-05,172.73191314935684,206.96060466766357,8.277161396108568e-05,258.3559741973877,197.43618619441986,1.4164633284963202e-05,268.37558966875076,190.94341373443604,5.3258259868016466e-05,257.1825866699219,188.58786296844482,1.0,171.3709225654602,211.67033129930496,1.0,171.59166622161865,209.10616302490234,9.596633026376367e-05
194,175.45513606071472,203.02549934387207,3.434321115491912e-05,174.9804220199585,206.14960026741028,3.514373383950442e-05,172.766470849514,213.34300255775452,1.8640703274286352e-05,173.95097589492798,218.92211437225342,6.986417429288849e-05,173.47983169555664,203.22519505023956,6.780593685107306e-05,174.1776077747345,204.86086750030518,3.176043492203462e-06,173.2994123697281,211.17571061849594,5.529574991669506e-05,161.55502557754517,218.2124536037445,0.00018976355204358697,174.46025776863098,204.78030163049698,0.00010117923375219107,162.04622268676758,212.62322664260864,3.741107866517268e-05,172.21965347230434,206.74402713775635,9.385797602590173e-05,174.88272356987,209.34987878799438,1.1124356205982622e-05,180.0654411315918,215.5369520187378,4.230413833283819e-05,254.6095290184021,188.26253986358643,1.0,171.37994480133057,211.51426261663437,1.0,171.74363088607788,208.94515562057495,7.585823186673224e-05
195,260.74035835266113,194.75094509124756,4.752208405989222e-05,174.88406777381897,206.17279744148254,2.5493036446277983e-05,172.5766435265541,213.52199137210846,1.576651084178593e-05,173.86681926250458,219.10857969522476,9.101747127715498e-05,173.56172049045563,203.1253224015236,4.677888864534907e-05,261.0715260505676,193.46202325820923,7.885426384746097e-06,173.4198043346405,211.1178234219551,4.838613676838577e-05,161.1664628982544,217.95435619354248,0.0001710284559521824,174.82606983184814,204.6110835671425,8.131242066156119e-05,162.2704997062683,212.58231991529465,3.2576394005445763e-05,172.55292111635208,206.66957640647888,8.461950346827507e-05,259.5180959701538,191.1133997440338,9.208300070895348e-06,179.91520595550537,215.52226400375366,4.250304846209474e-05,252.52867698669434,188.20767974853516,1.0,171.2517967224121,211.39469158649445,1.0,171.50700092315674,208.73397254943848,9.258546924684197e-05
196,175.4718210697174,202.9006335735321,4.2191768443444744e-05,174.8104121685028,206.16305875778198,6.22773077338934e-05,172.46620950102806,213.45262777805328,3.0048573535168543e-05,173.76003181934357,218.87497913837433,0.00010338595893699676,173.53034961223602,203.320725440979,7.569961599074304e-05,174.33756566047668,205.01286268234253,5.226242592470953e-06,173.3808389902115,211.1425232887268,5.658690497511998e-05,161.09523677825928,217.85353350639343,8.314247679663822e-05,174.64942908287048,204.71493941545486,0.00011749179975595325,162.4034161567688,212.8297289609909,2.172017229895573e-05,172.5651547908783,206.45884323120117,0.00013408104132395238,175.04772543907166,208.78492164611816,1.310254265263211e-05,177.5610694885254,211.66108310222626,5.3906478569842875e-05,251.48908472061157,188.8685131072998,1.0,171.1772541999817,211.27671420574188,1.0,171.22724103927612,209.09464931488037,0.00014094154175836593
197,175.40611147880554,203.0001448392868,3.111220939899795e-05,241.21098518371582,190.11694431304932,5.743987640016712e-05,172.37790274620056,213.39953243732452,2.871042670449242e-05,173.9888905286789,219.15103137493134,0.0001619602262508124,173.6591775417328,202.97763562202454,4.9888971261680126e-05,260.21052265167236,193.38375043869019,4.010421889688587e-06,173.37264132499695,211.16242349147797,5.529301051865332e-05,161.37699174880981,218.16691374778748,0.00019802818133030087,174.7479383945465,204.67382049560547,9.340066026197746e-05,162.602294921875,212.7336642742157,1.8958531654789113e-05,172.54827111959457,206.82111120224,8.779511699685827e-05,243.42295652627945,197.3867301940918,1.0948601811833214e-05,179.79711246490479,215.46244382858276,6.978014425840229e-05,249.74155378341675,189.7211036682129,1.0,171.3925724029541,211.4805811047554,1.0,171.33388423919678,208.7609829902649,0.00011145575990667567
198,175.0364019870758,202.95015907287598,2.973600203404203e-05,240.44373512268066,190.234605550766,7.489685231121257e-05,172.43590745329857,213.23207366466522,2.6197310944553465e-05,173.51983284950256,218.60558032989502,9.832021896727383e-05,173.4534134864807,202.9160760641098,4.623661516234279e-05,174.4671459197998,204.84272813796997,2.4409182515228167e-06,173.3919234275818,211.06627935171127,4.4220978452358395e-05,161.18784093856812,217.68918442726135,0.00010439644393045455,174.80366969108582,204.64162558317184,6.3146828324534e-05,241.94390296936035,186.96167314052582,1.867497485363856e-05,162.41727447509766,221.29206550121307,0.00010412274423288181,234.45211136341095,196.47965717315674,1.1723798706952948e-05,179.81830024719238,215.57976388931274,4.980721132596955e-05,248.40650463104248,189.64547443389893,1.0,170.62014293670654,211.15470790863037,1.0,170.25654458999634,208.18045473098755,4.883658766630106e-05
199,180.62151324748993,204.75527721643448,3.044390177819878e-05,240.05067443847656,190.80281972885132,0.00016020465409383178,172.38807582855225,213.2980853319168,2.573782876424957e-05,248.38633012771606,201.34377527236938,6.9996684032958e-05,173.3899039030075,203.1374409198761,5.452315235743299e-05,249.01313710212708,194.76045751571655,3.1853167001827387e-06,173.60059094429016,211.10076344013214,3.463779285084456e-05,160.7290539741516,217.79838800430298,6.062890315661207e-05,174.77334308624268,204.73378950357437,6.0862414102302864e-05,241.19158124923706,187.38554459810257,2.8983458832954057e-05,173.2080216407776,206.39216113090515,6.080910316086374e-05,233.5828354358673,197.02068614959717,2.2632215404883027e-05,249.43469619750977,191.67046785354614,7.429186371155083e-05,247.57011675834656,190.12780380249023,1.0,170.70032930374146,211.12755346298218,1.0,170.53142070770264,208.4998116493225,0.00010253726941300556
200,175.3314347267151,202.9714411497116,3.071086393902078e-05,240.420569896698,190.6040382385254,0.00015151419211179018,239.37808775901794,192.9287314414978,2.3615728423465043e-05,173.575737118721,218.81352984905243,0.0001016979877022095,173.34454953670502,202.97229182720184,5.693451385013759e-05,248.89858484268188,194.37012672424316,4.697746135207126e-06,173.4597098827362,211.13490784168243,6.912948447279632e-05,161.3118381500244,217.66877794265747,0.00014844148245174438,174.57564163208008,204.69958209991455,8.601123408880085e-05,241.24415493011475,187.263363301754,2.8251364710740745e-05,162.1633596420288,221.23539578914642,0.00020030775340273976,233.75541353225708,196.72426509857178,2.0948027668055147e-05,249.89817142486572,191.73640966415405,6.404876330634579e-05,247.54387283325195,190.4090175628662,1.0,170.41612339019775,211.58104515075684,1.0,170.1723394393921,208.93738794326782,7.751843804726377e-05
201,249.7747664451599,193.09247493743896,4.022409484605305e-05,239.93411374092102,190.00535345077515,0.0001382873160764575,172.26683181524277,213.199662566185,2.4358963855775073e-05,173.5411639213562,218.7353150844574,9.794713696464896e-05,173.1708060503006,203.10113906860352,6.034494435880333e-05,248.5460765361786,193.3691782951355,3.517325694701867e-06,173.4322690963745,211.08915197849274,4.0957842429634184e-05,160.39075469970703,217.7308931350708,0.0001252614165423438,174.72248601913452,204.8384228348732,6.282458343775943e-05,240.57399082183838,187.1506125330925,1.6470397895318456e-05,173.0511395931244,206.41620469093323,5.60389416932594e-05,176.60287189483643,218.89778447151184,1.4956013728806283e-05,253.9293270111084,192.9745545387268,6.131974078016356e-05,246.20401191711426,190.15789031982422,1.0,170.62178659439087,211.02617645263672,1.0,170.42689085006714,208.30684089660645,0.00020486698485910892
202,249.13484740257263,194.146381855011,3.22408159263432e-05,240.21753406524658,190.26712489128113,5.512274947250262e-05,172.57259529829025,213.4893046617508,2.3395983589580283e-05,173.7983057498932,219.03792309761047,0.00015359987446572632,173.507559299469,203.18730473518372,5.1660936151165515e-05,248.08423805236816,193.61403560638428,3.843274498649407e-06,173.49878191947937,211.24881905317307,6.115523137850687e-05,161.08957386016846,218.29764568805695,0.0001841928024077788,174.71150469779968,204.80787754058838,7.302412268472835e-05,239.6797320842743,186.5917615890503,3.277470023022033e-05,161.98431539535522,221.75459015369415,9.836589742917567e-05,232.22250819206238,196.5120553970337,1.1260336577834096e-05,179.6742763519287,215.7021164894104,5.573346061282791e-05,245.26969850063324,189.7180938720703,1.0,171.1405258178711,211.3306164741516,1.0,171.1088342666626,208.88090658187866,0.00013963195669930428
203,249.41007447242737,193.8239245414734,3.837382610072382e-05,240.53721046447754,190.66317915916443,6.636670150328428e-05,172.5080807209015,213.2171529531479,3.229001595173031e-05,247.6727294921875,201.09845423698425,0.00016561565280426294,173.30994379520416,203.25466352701187,6.680890510324389e-05,174.13986825942993,204.95680767297745,4.101722424820764e-06,173.3898389339447,211.17204719781876,4.107362110516988e-05,160.85011434555054,218.25178933143616,0.00012390193296596408,174.51206493377686,204.79772120714188,9.27956571104005e-05,160.32501220703125,214.44733572006226,2.8049460524925962e-05,172.64888089895248,206.52987575531006,9.045074693858624e-05,175.095543384552,208.84365034103394,1.0193388334300835e-05,255.63717889785767,193.81157684326172,4.348044967628084e-05,245.8938193321228,189.57054138183594,1.0,170.93277597427368,211.24888157844543,1.0,171.0411696434021,209.2095446586609,0.00026517268270254135
204,175.35799956321716,202.92914009094238,3.524314524838701e-05,239.61982822418213,190.47177386283875,4.39239593106322e-05,172.3235078752041,213.05240714550018,3.6549990909406915e-05,173.67787778377533,218.74681329727173,0.00017634077812545002,172.69478756189346,203.37433969974518,6.893225508974865e-05,173.8450448513031,204.8139778971672,3.0525459351338213e-06,173.1403112411499,211.27081108093262,5.1071459893137217e-05,160.77767181396484,217.9224932193756,0.00013642605335917324,174.32413864135742,205.01157212257385,6.86317216604948e-05,160.34826850891113,214.55324172973633,2.7661548301693983e-05,162.18631601333618,221.89489567279816,6.770301115466282e-05,176.4763207435608,219.23246544599533,1.3797708561469335e-05,179.73489093780518,215.7625880241394,4.9612663133302703e-05,244.89851731061935,189.1032886505127,1.0,170.70351791381836,211.11433988809586,1.0,171.00160598754883,208.90848541259766,0.0005041126860305667
205,248.80239081382751,194.31469106674194,3.0157980290823616e-05,240.33321332931519,190.26513504981995,3.8099293306004256e-05,172.3158094882965,213.18264484405518,2.7187170417164452e-05,246.82609748840332,200.4778904914856,9.299390512751415e-05,173.37482833862305,202.96157109737396,4.25879297836218e-05,247.54926347732544,193.1147985458374,2.6560601327219047e-06,173.47903621196747,211.00039553642273,3.276982533861883e-05,160.78458881378174,217.7666585445404,7.804053166182712e-05,174.66333174705505,204.73211187124252,4.81743918498978e-05,240.0653305053711,186.22352123260498,1.400437940901611e-05,173.02000772953033,206.29322600364685,4.98397093906533e-05,176.77879667282104,218.75376772880554,1.1864436601172201e-05,253.381209731102,191.67162561416626,7.07019426045008e-05,245.13492012023926,188.479097366333,1.0,170.80799102783203,211.0254259109497,1.0,170.3089771270752,208.45734119415283,9.811839845497161e-05
206,180.74777287244797,204.60938501358032,2.370766014792025e-05,174.8251657485962,206.10472202301025,3.4277967642992735e-05,172.44502919912338,213.2253258228302,2.1858500986127183e-05,173.6535896062851,218.55933845043182,6.16332035860978e-05,173.36503946781158,203.14809942245483,5.476389924297109e-05,174.23628640174866,204.865785241127,2.7334685910318512e-06,173.6643670797348,211.04534989595413,4.41824049630668e-05,160.457266330719,217.61614322662354,0.00010329243377782404,174.56789755821228,204.6476103067398,6.818037945777178e-05,162.39047718048096,212.6069228053093,2.1685358660761267e-05,172.65453106164932,206.36278557777405,6.993376155151054e-05,177.02409744262695,218.84911060333252,1.1139951311633922e-05,180.13944911956787,215.549644947052,4.161931428825483e-05,243.31294918060303,186.5729784965515,1.0,171.07113075256348,210.91695272922516,1.0,171.57397937774658,208.2790231704712,0.00015328516019508243
207,175.4718554019928,203.06284934282303,2.768305603240151e-05,174.71248078346252,206.04559874534607,5.0732203817460686e-05,172.56815832853317,213.46266436576843,2.402220525254961e-05,173.78591978549957,219.06345683336258,6.193049193825573e-05,173.52717971801758,203.248064994812,6.272760219871998e-05,174.3976230621338,205.11975717544556,3.1003003186924616e-06,173.61426305770874,211.1936017870903,4.303099194657989e-05,160.82353734970093,217.981853723526,0.00010635551006998867,174.61860918998718,204.9437838792801,8.389765571337193e-05,162.2583818435669,212.97266644239426,2.2310856365947984e-05,172.69223642349243,206.55709838867188,6.941637548152357e-05,176.96897172927856,219.0542157292366,8.54300469654845e-06,179.99347448349,215.98363161087036,3.386732714716345e-05,244.29205417633057,187.112398147583,1.0,170.9836082458496,211.26424372196198,1.0,170.84128046035767,208.94119119644165,0.0001563473342685029
208,175.27115321159363,202.90295934677124,2.0746987502207048e-05,240.14235162734985,190.314519405365,3.6540757719194517e-05,172.51969200372696,213.42086052894592,1.5533540135947987e-05,173.38023555278778,218.79377806186676,3.000885590154212e-05,173.19790267944336,203.1005072593689,4.878449908574112e-05,244.3125095665455,184.02720499038696,3.1290919650928117e-06,173.24498057365417,211.23057413101196,3.839535202132538e-05,161.0337061882019,217.81866693496704,8.006050484254956e-05,174.43903279304504,204.7333745956421,5.959117697784677e-05,160.5615725517273,214.35701370239258,3.5052624298259616e-05,162.20944118499756,221.66966927051544,9.662517550168559e-05,231.00881147384644,195.53854894638062,1.1414950677135494e-05,248.1608247756958,188.2123094201088,3.9574042602907866e-05,245.2559461593628,187.21534633636475,1.0,170.5921483039856,211.508318901062,1.0,170.13830661773682,208.93131589889526,8.094455552054569e-05
209,180.6888781785965,204.61362493038177,2.9740820536972024e-05,174.8733344078064,206.02947568893433,2.967039472423494e-05,172.67700535058975,213.41016268730164,1.9760358554776758e-05,173.6405566930771,218.71158981323242,4.8216079449048266e-05,173.51387000083923,203.1439225077629,4.6722005208721384e-05,174.49731922149658,204.91022735834122,2.206368435508921e-06,173.75505709648132,211.1559774875641,3.9872847992228344e-05,160.64214372634888,217.84159135818481,9.96770613710396e-05,174.76646876335144,204.5439640879631,5.975717431283556e-05,162.3047800064087,212.63336473703384,2.76119499176275e-05,172.75146424770355,206.22251105308533,7.376593566732481e-05,177.2931842803955,218.99753594398499,8.545001037418842e-06,244.33298206329346,187.26641464233398,4.010593329439871e-05,245.19247817993164,186.12884759902954,1.0,170.82598686218262,211.27860641479492,1.0,170.95815229415894,208.30773639678955,8.319441985804588e-05
210,180.82930582761765,204.62732273340225,2.4876631869119592e-05,174.80717206001282,206.17962169647217,4.111943417228758e-05,172.5518622994423,213.51686298847198,1.7275637219427153e-05,173.97844326496124,219.03808897733688,5.897727533010766e-05,173.52158665657043,203.2896202802658,4.328236900619231e-05,242.96478354930878,183.48666858673096,2.416662255200208e-06,173.61204659938812,211.1730020046234,3.1390176445711404e-05,160.8303084373474,218.1486543416977,6.361748819472268e-05,240.74083375930786,182.05195236206055,7.212602213257924e-05,239.6862554550171,182.934574842453,1.560504642839078e-05,172.73311460018158,206.9494273662567,3.8039750506868586e-05,177.07612466812134,219.16877895593643,7.156210358516546e-06,243.09973096847534,185.0337257385254,4.2722811485873535e-05,243.00906348228455,184.57180786132812,1.0,171.1333909034729,211.36195313930511,1.0,171.01131391525269,209.20497465133667,0.00013859568571206182
211,180.8322012424469,204.58251756429672,5.8879948483081535e-05,174.56866073608398,206.2685465812683,8.406687993556261e-05,172.37174093723297,213.46177995204926,2.9175527743063867e-05,173.9929358959198,218.89214026927948,9.956638677977026e-05,173.808562874794,203.5249626338482,6.903317262185737e-05,174.30039834976196,205.1851875782013,3.2021960123529425e-06,173.6496388912201,211.21589463949203,3.576921881176531e-05,160.88993549346924,218.35883176326752,5.7963723520515487e-05,174.7133936882019,205.02952122688293,0.00010315847612218931,240.27429914474487,182.6831247806549,1.050593073159689e-05,172.69386619329453,206.98196077346802,6.560381007147953e-05,174.81678009033203,209.24605226516724,9.617036994313821e-06,177.86738348007202,211.5220127403736,4.0817125409375876e-05,243.23877334594727,184.17186164855957,1.0,171.83577919006348,211.5544090270996,1.0,172.66861724853516,209.11994123458862,0.0001591366162756458
212,180.75828140974045,204.48458248376846,5.439591041067615e-05,174.9045524597168,206.19224047660828,8.402071398450062e-05,172.34203854203224,213.53019630908966,4.053287921124138e-05,174.0315067768097,218.8101428747177,0.00014953181380406022,174.12378692626953,203.02764064073563,7.056177855702117e-05,174.67045879364014,204.9692747592926,3.5668736018124036e-06,173.52967739105225,211.07787281274796,4.091615119250491e-05,161.20075130462646,218.1375514268875,0.00010145854321308434,174.6621265411377,204.71776431798935,0.00010760485747596249,239.85779786109924,182.18566274642944,1.4484375242318492e-05,172.6683356165886,206.68049550056458,0.00010603046393953264,234.43911969661713,184.14965724945068,1.159632120106835e-05,178.0233187675476,211.527239382267,6.193019362399355e-05,243.19693791866302,183.56467628479004,1.0,171.5230107307434,211.45233005285263,1.0,171.50150346755981,208.90086317062378,7.171336619649082e-05
213,180.69003403186798,204.6253121495247,5.7098663091892377e-05,174.91502356529236,206.0942165851593,0.0001189112663269043,172.43596982955933,213.37910795211792,4.0341146814171225e-05,173.91491043567657,218.8069097995758,9.730831516208127e-05,174.1146547794342,203.0853111743927,8.454110502498224e-05,242.76963639259338,182.99495458602905,4.530480509856716e-06,173.49198412895203,211.0689309835434,3.759806349989958e-05,169.56795263290405,219.33210426568985,5.8519450249150395e-05,174.73483633995056,204.6237597465515,0.00011172177619300783,239.4083833694458,182.56462407112122,2.596255399112124e-05,172.7462608218193,206.74533462524414,0.0001102606111089699,175.14768934249878,209.02614736557007,1.1192289093742147e-05,243.1016755104065,184.79600048065186,6.684885738650337e-05,243.15304046869278,184.23058891296387,1.0,171.70642852783203,211.2297604084015,1.0,172.16986274719238,208.61440324783325,6.941789615666494e-05
214,175.5019567012787,202.91766381263733,2.9587548851850443e-05,238.35912108421326,175.68347573280334,4.951614755555056e-05,172.3807321190834,213.09351634979248,3.014788671862334e-05,173.77427291870117,218.64667510986328,0.00010911654680967331,173.54181098937988,202.9048628807068,5.9699988923966885e-05,239.45214939117432,179.5454616546631,4.582678229780868e-06,173.34467732906342,210.88589322566986,5.101534043205902e-05,160.7251377105713,217.86475205421448,8.603707101428881e-05,240.26242923736572,181.60919952392578,0.00016372036770917475,238.158273935318,176.2503023147583,6.429851055145264e-05,236.77135008573532,182.89809894561768,0.00012418509868439287,234.68015825748444,184.25929164886475,2.336899888177868e-05,241.99281692504883,184.36607265472412,0.000131470340420492,242.20969593524933,183.80442905426025,1.0,171.3491759300232,210.81073641777039,1.0,171.48710680007935,208.3106231689453,0.00015262505621649325
215,175.9546513557434,202.87446522712708,2.617124300741125e-05,175.07056260108948,206.10459280014038,4.0793271182337776e-05,172.78947520256042,213.15228652954102,2.670785215741489e-05,173.58884358406067,218.7830843925476,9.423759911442176e-05,173.39514660835266,203.1458798646927,8.423121471423656e-05,242.1550235748291,182.44881439208984,5.209914888837375e-06,173.59088718891144,210.92135572433472,7.652740168850869e-05,160.7238392829895,217.59289646148682,0.0002629558730404824,240.42428636550903,181.47616863250732,0.00014617656415794045,160.5280704498291,213.97889757156372,4.08717714890372e-05,172.45867109298706,206.1554720401764,0.00013194720668252558,235.11287647485733,184.53113079071045,1.7707568986224942e-05,242.35310316085815,184.61332368850708,6.769371248083189e-05,241.85028791427612,184.3085765838623,1.0,171.10633850097656,211.51316356658936,1.0,171.417742729187,208.91136932373047,0.00014015912893228233
216,175.5705144405365,202.97011637687683,3.888128048856743e-05,174.8480360507965,206.01755142211914,6.136437150416896e-05,172.7049270272255,213.27130675315857,2.6121148039237596e-05,183.92183351516724,217.30964255332947,7.566980639239773e-05,173.57594180107117,202.95380783081055,8.921865082811564e-05,241.84326243400574,183.146324634552,5.320037416822743e-06,173.57578194141388,210.97100961208344,7.620704855071381e-05,161.10096216201782,217.83210158348083,0.00018069818906951696,239.9550232887268,182.30957221984863,0.0001563917612656951,237.89327895641327,182.8127636909485,7.846093649277464e-05,172.46054282784462,206.4895043373108,0.00014100634143687785,234.34668838977814,184.49740886688232,1.575510214024689e-05,241.36603832244873,185.8816156387329,0.00019031311967410147,241.83803415298462,184.99935722351074,1.0,171.16793537139893,211.33164727687836,1.0,171.29639291763306,208.85290384292603,0.00012980919564142823
217,180.89629662036896,204.5579023361206,3.8285917980829254e-05,174.8602318763733,205.93816435337067,7.288289634743705e-05,172.47109720110893,213.31137716770172,3.326133082737215e-05,174.01745653152466,218.940997838974,7.70910264691338e-05,173.42147564888,202.99718165397644,8.901002729544416e-05,174.54795789718628,204.6722527742386,4.3599429773166776e-06,173.56848883628845,210.87233817577362,5.161980880075134e-05,161.06457948684692,218.03445279598236,0.00017471502360422164,239.65039682388306,181.96900463104248,0.0001592623011674732,162.28443908691406,213.02267336845398,3.02423595712753e-05,172.84087771177292,206.33345103263855,0.00011040915705962107,234.33945429325104,184.6536693572998,1.1948824976570904e-05,240.66382551193237,185.76623249053955,6.471286178566515e-05,240.38360404968262,185.05928468704224,1.0,170.9865870475769,211.4091567993164,1.0,171.107741355896,208.63689804077148,0.00017743914213497192
218,175.61640572547913,202.93682265281677,3.98517913708929e-05,174.66147828102112,205.92540192604065,9.55857613007538e-05,172.39932230114937,213.19666659832,3.4147036785725504e-05,173.86355352401733,218.7423849105835,5.778352715424262e-05,173.52586817741394,203.18796902894974,9.150490222964436e-05,174.43664002418518,204.87289905548096,3.4100364700861974e-06,173.45209562778473,210.93169713020325,3.852658119285479e-05,160.2061424255371,217.78114366531372,9.012160444399342e-05,174.61744570732117,204.7010350227356,7.960527000250295e-05,161.7827525138855,212.71904224157333,3.2722171454224735e-05,173.08065056800842,206.1141698360443,7.878992619225755e-05,176.58082914352417,218.9609351158142,1.0664861292752903e-05,240.10867166519165,187.68853616714478,5.193596734898165e-05,240.18966245651245,186.2240071296692,1.0,171.46379899978638,210.82658565044403,1.0,171.95063877105713,207.98101091384888,0.00029932340839877725
219,181.08694064617157,204.4743444621563,3.6581688618753105e-05,174.96102643013,206.25318002700806,6.24146414338611e-05,172.63423109054565,213.57989883422852,3.0254390367190354e-05,184.5135464668274,217.74321961402893,8.869720477377996e-05,174.1429419517517,203.01576328277588,6.402556027751416e-05,174.6260793209076,205.00919115543365,3.199098273398704e-06,173.63074374198914,211.15440672636032,7.273729715961963e-05,161.32559204101562,218.44560766220093,0.00010627815208863467,174.72052574157715,204.97058486938477,0.00012193449219921604,161.91335821151733,213.41480040550232,2.111586400133092e-05,172.48264601826668,207.02567982673645,8.132645598379895e-05,174.74526596069336,209.45654773712158,9.993600542657077e-06,177.80709838867188,211.50886341929436,4.334201003075577e-05,240.95916175842285,187.41839170455933,1.0,172.16271114349365,211.69231560826302,1.0,172.73421096801758,209.23743677139282,0.00010211613698629662
220,181.07524740695953,204.15448233485222,5.955123924650252e-05,174.84071159362793,206.0724105834961,0.00011841701780213043,172.58440446853638,213.38215327262878,5.6427394156344235e-05,174.17602515220642,219.04243326187134,0.00010803637997014448,174.0412974357605,202.88645601272583,9.033937385538593e-05,174.7734022140503,204.7398431301117,5.15299097969546e-06,173.50640058517456,211.12043112516403,0.00010276799002895132,161.5749545097351,218.21793627738953,0.0001270003995159641,174.56637907028198,204.70454943180084,0.00016542800585739315,160.38635301589966,214.230571269989,4.6809993364149705e-05,172.7019367814064,206.9306640625,0.00011555657692952082,174.50824856758118,209.1215000152588,1.553842957946472e-05,177.77515411376953,211.39132410287857,7.701328286202624e-05,239.99342250823975,187.88409519195557,1.0,172.31252479553223,211.45633727312088,1.0,168.99267196655273,211.35254669189453,0.00015924210310913622
221,180.9181135892868,204.55104196071625,2.6316525691072457e-05,174.93791222572327,206.12597846984863,4.157662988291122e-05,172.54803264141083,213.2059895992279,2.2148997231852263e-05,173.6642028093338,218.7412542104721,3.783278225455433e-05,173.63495206832886,202.92164814472198,6.192635919433087e-05,174.48369789123535,204.7138437628746,2.9469736091414234e-06,173.66953492164612,211.06693464517593,4.7369921958306804e-05,160.58349895477295,217.57622027397156,6.000488792778924e-05,174.8219175338745,204.51628869771957,8.388693822780624e-05,162.22583484649658,212.85856127738953,4.079011705471203e-05,172.81503212451935,206.44583702087402,8.396160410484299e-05,176.99837923049927,219.04859775304794,1.2002697985735722e-05,180.05519008636475,215.71806859970093,3.261748861405067e-05,238.70109248161316,188.37900066375732,1.0,171.19638538360596,211.05965304374695,1.0,172.0678367614746,208.28931522369385,0.00015355991490650922
222,181.0514533519745,204.6138657927513,2.6917399736703373e-05,174.91787028312683,206.17040753364563,3.6768735299119726e-05,172.4042380452156,213.58534979820251,2.6153726139455102e-05,174.09157419204712,218.8792645931244,4.775559500558302e-05,174.04944324493408,202.8592813014984,3.326611840748228e-05,237.16808378696442,193.856614112854,2.9126294975867495e-06,173.74133896827698,211.11636728048325,2.6309475288144313e-05,160.4583339691162,217.8779604434967,4.901799911749549e-05,174.9945297241211,204.7353559732437,4.366119537735358e-05,235.23573398590088,186.58704352378845,1.4559632290911395e-05,173.15860497951508,206.7240812778473,4.1255378164350986e-05,177.4704146385193,219.2542542219162,5.931102350587025e-06,180.61672973632812,215.61852836608887,2.586136179161258e-05,238.8167006969452,189.5224485397339,1.0,171.52560758590698,211.25596952438354,1.0,172.08275508880615,208.72647714614868,4.079673090018332e-05
223,181.21763837337494,204.38968607783318,3.113972707069479e-05,175.0006811618805,206.16661834716797,5.719173714169301e-05,172.56632554531097,213.40024173259735,2.537353429943323e-05,174.1408975124359,218.88874399662018,3.520323662087321e-05,174.0863790512085,202.8595745563507,5.7913552154786885e-05,174.58371257781982,204.64291429519653,2.6699210593505995e-06,173.71048510074615,211.03146129846573,4.7558718506479636e-05,160.6605315208435,217.7760500907898,5.996611071168445e-05,174.82779359817505,204.55602991580963,8.373013406526297e-05,234.55523574352264,186.71400904655457,1.362723924103193e-05,172.82498413324356,206.6971628665924,7.131434540497139e-05,175.13021802902222,209.0260238647461,8.449389497400261e-06,178.22380876541138,211.33266919851303,2.6912008252111264e-05,237.96711385250092,188.86779117584229,1.0,171.77731847763062,211.22446370124817,1.0,172.47151851654053,208.62142992019653,8.245256321970373e-05
224,180.87404894828796,204.34423005580902,3.0261664505815133e-05,174.71200823783875,205.9705729484558,4.300026557757519e-05,172.33337932825089,213.3479299545288,2.3189577404991724e-05,174.02469277381897,218.99015295505524,3.7058409361634403e-05,173.78612506389618,202.72939372062683,4.474337038118392e-05,174.74942874908447,204.6906058192253,1.9568908555811504e-06,173.80914115905762,211.0400354862213,2.3894370315247215e-05,160.4390902519226,218.02991437911987,3.8127276638988405e-05,174.75159335136414,204.54813712835312,5.97640173509717e-05,235.23165637254715,186.1387972831726,7.854594514355995e-06,173.1269577741623,206.45986533164978,5.909685205551796e-05,175.54177069664001,209.03596687316895,6.704489805997582e-06,247.50412321090698,188.2473739683628,3.5824930819217116e-05,238.46869039535522,187.63881492614746,1.0,171.43188095092773,210.88171577453613,1.0,171.45332193374634,208.07304763793945,6.471366214100271e-05
225,181.10684859752655,204.43326750397682,2.754220440692734e-05,174.92487025260925,206.04508018493652,4.729025749838911e-05,172.40356323122978,213.3174637556076,2.577939085313119e-05,173.72438204288483,218.65393996238708,7.984055991983041e-05,174.00675439834595,202.6141937971115,5.297702955431305e-05,236.1123726144433,193.42077255249023,3.453771341810352e-06,173.58144688606262,210.92290842533112,3.851835572277196e-05,161.1428656578064,217.3441240787506,5.1560236897785217e-05,174.99448943138123,204.53150963783264,8.011122554307804e-05,162.61450386047363,212.6077726483345,1.2895744475827087e-05,173.06857931613922,206.5334129333496,6.920282612554729e-05,176.7526936531067,218.797016620636,9.25481890590163e-06,177.92962312698364,211.5111953318119,4.053473094245419e-05,237.09744358062744,187.8704957962036,1.0,171.3648600578308,211.06050443649292,1.0,171.14292883872986,208.61710596084595,4.416138835949823e-05
226,181.27474331855774,204.32989120483398,4.465675010578707e-05,175.06745791435242,206.11074352264404,4.946881017531268e-05,172.60647296905518,213.58380794525146,2.905497058236506e-05,184.24120831489563,217.41755557060242,4.745366095448844e-05,174.37314295768738,202.76915991306305,4.66077690361999e-05,236.14800791442394,193.7206597328186,2.3517980025644647e-06,173.82211863994598,211.01263219118118,5.073336433270015e-05,160.94533443450928,217.78857231140137,4.7609679313609377e-05,175.09208798408508,204.4784494638443,8.341788634425029e-05,233.61968159675598,186.60766506195068,1.0033318176283501e-05,173.053609251976,206.43040990829468,6.897257117088884e-05,175.386394739151,209.0635862350464,7.389760867226869e-06,178.3189845085144,211.43287485837936,2.6245274057146162e-05,236.3911247253418,187.0863175392151,1.0,171.43032217025757,211.04921770095825,1.0,171.65325993299484,208.7070050239563,3.727176954271272e-05
227,181.1944169998169,204.46948662400246,3.694193947012536e-05,174.8735384941101,205.93427753448486,5.97676589677576e-05,172.53883737325668,213.39989972114563,3.787772948271595e-05,173.83808958530426,218.7433180809021,8.336587779922411e-05,174.0945794582367,202.80441009998322,6.479739386122674e-05,236.06770227849483,193.38597536087036,4.2672800191212445e-06,173.6300196647644,210.9963573217392,5.652110485243611e-05,160.6402587890625,217.85601925849915,0.0001714498648652807,174.99674582481384,204.70062041282654,9.936049173120409e-05,233.58526015281677,186.5531690120697,1.6482827049912885e-05,172.90828347206116,206.41768670082092,9.844097075983882e-05,177.01824283599854,219.1804297566414,1.1319726581859868e-05,180.12408065795898,215.33906984329224,4.6784247388131917e-05,237.25181007385254,187.21235466003418,1.0,171.45161247253418,211.1889533996582,1.0,172.11860942840576,208.45789051055908,6.291889440035447e-05
228,181.23340260982513,204.26441338658333,2.186110577895306e-05,175.07022953033447,205.88621127605438,3.146408562315628e-05,172.5319146513939,213.40752840042114,2.1902234948356636e-05,174.0534589290619,218.7596937417984,4.9388538172934204e-05,174.16629362106323,202.53900372982025,3.58067627530545e-05,236.022969936952,193.2759394645691,3.6038247799297096e-06,173.8121188879013,210.94767141342163,4.594857455231249e-05,160.58203840255737,217.96694612503052,0.00015619058103766292,175.07927417755127,204.35731574892998,5.782729567727074e-05,162.19027471542358,212.62122958898544,1.5921337762847543e-05,173.06291711330414,206.4887616634369,5.51392586203292e-05,177.37815475463867,219.20079922676086,6.935059900570195e-06,180.51230430603027,215.47946405410767,3.221586302970536e-05,236.76655197143555,187.53202867507935,1.0,171.49856185913086,210.97191643714905,1.0,171.95071983337402,208.13134288787842,4.898248516838066e-05
229,181.44366550445557,204.39202228188515,3.1065603252500296e-05,174.87614703178406,206.03647422790527,6.057169593987055e-05,172.5162803530693,213.41191792488098,3.311554974061437e-05,174.01455163955688,218.95811855793,8.323250949615613e-05,174.100506067276,202.75490772724152,6.370666960719973e-05,174.73061513900757,204.68986946344376,2.714201627895818e-06,173.54659819602966,210.9941130876541,5.6448821851518005e-05,160.6984338760376,217.79472875595093,8.19630004116334e-05,174.8052818775177,204.57779568433762,9.764907736098394e-05,161.72996997833252,213.06246972084045,1.9238061213400215e-05,172.76821666955948,206.82194471359253,8.961035200627521e-05,174.97143030166626,209.183096408844,9.062635399459396e-06,180.04108905792236,215.73466062545776,4.1802410123636946e-05,237.21020603179932,187.15467405319214,1.0,171.67351770401,211.35694003105164,1.0,172.0690995529294,208.9542155265808,8.796623296802863e-05
230,181.23691082000732,204.21347004175186,4.011537748738192e-05,174.8497200012207,206.09510326385498,4.427760359249078e-05,172.46068835258484,213.5747436285019,2.909367685788311e-05,174.15615916252136,219.12112206220627,0.00010141897655557841,174.22062277793884,202.72609865665436,4.3554649892030284e-05,235.7529021948576,193.12468338012695,3.0517103368765675e-06,173.7191505432129,211.09788411855698,5.650666571455076e-05,160.82211065292358,218.0863974094391,0.00010090153955388814,174.93766617774963,204.4958215355873,7.678866677451879e-05,233.32893681526184,186.58460295200348,1.4688817827845924e-05,172.89885210990906,206.81686401367188,7.022968929959461e-05,176.75923776626587,219.56095865368843,7.5232674134895205e-06,177.93111658096313,211.51381540298462,5.6727971241343766e-05,236.71159553527832,187.44653177261353,1.0,171.72565698623657,211.5535615682602,1.0,171.74837732315063,208.62261295318604,6.731193570885807e-05
231,175.58803129196167,202.86282396316528,2.5104969608946703e-05,174.8131763935089,205.9719479084015,4.162891855230555e-05,172.54072004556656,213.5044023990631,2.4658529582666233e-05,237.71612572669983,201.25463795661926,6.432138616219163e-05,174.00083017349243,202.50127410888672,4.43603603343945e-05,174.91006302833557,204.48040983080864,2.3628044800716452e-06,173.5871615409851,211.06938064098358,6.400297570507973e-05,160.7381510734558,217.8407485485077,7.22974946256727e-05,174.9747121334076,204.32651764154434,7.810403621988371e-05,176.102774143219,204.50976032018661,1.0005616786656901e-05,172.86165922880173,206.93512535095215,8.067368617048487e-05,174.84815502166748,209.47011852264404,8.295998668472748e-06,177.7494659423828,211.43160384893417,4.299231295590289e-05,236.65301990509033,187.39479541778564,1.0,171.83656883239746,211.17245084047318,1.0,171.69701531529427,208.98076152801514,7.71163176978007e-05
232,181.5340634584427,204.4652448296547,1.6747642803238705e-05,175.0175769329071,206.02033877372742,4.2613195546437055e-05,172.61659663915634,213.5377458333969,2.2473812350654043e-05,173.9699649810791,218.8911041021347,2.8390593797666952e-05,174.09074211120605,202.86447131633759,3.8339443563017994e-05,235.76315733790398,193.08711528778076,1.7872018815978663e-06,173.6922905445099,211.10468757152557,3.8022451917640865e-05,160.6192741394043,218.09161818027496,4.8892881750361994e-05,175.00392389297485,204.7336110472679,5.294587026583031e-05,236.69225376844406,184.18782711029053,8.167802661773749e-06,175.78712844848633,220.96971541643143,4.4841188355349004e-05,177.10920333862305,219.19372349977493,8.863235052558593e-06,180.245623588562,215.78758478164673,2.4827477318467572e-05,236.21990203857422,186.0938138961792,1.0,171.75244045257568,211.17608851194382,1.0,172.23489952087402,208.4833369255066,8.105740562314168e-05
233,181.50780510902405,204.21117343008518,3.444091998971999e-05,174.88061261177063,206.19854760169983,7.880458724685013e-05,172.46889144182205,213.51941454410553,3.4301872801734135e-05,174.14886617660522,219.1599440574646,6.889013457112014e-05,173.992511510849,202.86064958572388,6.816549284849316e-05,174.7233018875122,204.84940046072006,2.865393071260769e-06,173.7141000032425,211.05199760198593,4.837875530938618e-05,160.8501739501953,218.10878002643585,6.14769451203756e-05,174.75518989562988,204.67650812864304,0.00010295848915120587,162.13405227661133,213.00883567333221,1.4551303138432559e-05,172.8583374619484,206.68088126182556,8.902708941604942e-05,175.0334987640381,209.1788673400879,9.386630154040176e-06,180.4381217956543,215.61257123947144,3.8270842196652666e-05,235.31929206848145,185.4310064315796,1.0,171.714777469635,211.3836249113083,1.0,172.62237167358398,208.55148887634277,0.00010947047849185765
234,181.4158627986908,204.398055434227,3.464796463958919e-05,175.06470036506653,206.00442552566528,6.0335045418469235e-05,172.64639163017273,213.64700293540955,2.800584479700774e-05,174.18808388710022,219.23919594287872,7.088333950378001e-05,174.28006505966187,202.78506708145142,5.100385897094384e-05,175.13402819633484,204.92040091753006,2.280273520227638e-06,173.7090004682541,211.08678835630417,5.1482256822055206e-05,160.98553800582886,218.06744933128357,6.559756002388895e-05,175.09691452980042,204.63645750284195,8.98698199307546e-05,236.0931217521429,183.2476089000702,1.1176875887031201e-05,173.0253187417984,206.63806128501892,8.133894152706489e-05,174.9629189968109,209.2757248878479,6.461287284764694e-06,177.8774003982544,211.66126710176468,4.3021351302741095e-05,234.47112941741943,184.44617748260498,1.0,171.65992736816406,211.27979135513306,1.0,171.42748594284058,208.8188099861145,5.154828613740392e-05
235,181.2935413122177,204.49764582514763,2.4439288608846255e-05,175.01196908950806,205.89678394794464,3.442857268964872e-05,172.66554993391037,213.3242255449295,2.038831007666886e-05,173.93266415596008,218.73757922649384,4.0396273107035086e-05,173.8713893890381,202.86615478992462,4.047455149702728e-05,236.52272737026215,191.79377150535583,3.042054686375195e-06,173.72700190544128,210.9746811389923,2.8955309971934184e-05,160.74825763702393,217.62001585960388,8.475872891722247e-05,237.2188342809677,181.7645492553711,6.041236702003516e-05,236.34956988692284,182.9234538078308,1.9400449673412368e-05,172.99972248077393,206.27441430091858,5.7325789384776726e-05,177.37960290908813,219.01574754714966,6.459025826188736e-06,180.66224575042725,215.31985235214233,2.682908234419301e-05,235.1172308921814,183.70663189888,1.0,171.35675430297852,211.24598026275635,1.0,171.19438695907593,208.42682123184204,4.759315197588876e-05
236,181.47861564159393,204.15681266784668,4.935990727972239e-05,175.0058410167694,205.99985110759735,8.814979810267687e-05,172.5599377155304,213.4483221769333,4.282181180315092e-05,173.98964488506317,218.92755722999573,6.819084956077859e-05,174.30840635299683,202.8236471414566,6.8430628743954e-05,174.98291611671448,204.85976600646973,2.838147793227108e-06,173.75619459152222,210.93618083000183,4.737263225251809e-05,160.89289379119873,217.80130314826965,5.318593684933148e-05,175.03673887252808,204.52464413642883,0.00010442511847941205,176.4443588256836,204.1111865490675,1.100884492188925e-05,172.97309321165085,206.48831748962402,0.00011239667219342664,175.01759696006775,208.9443564414978,9.148673598247115e-06,178.09382104873657,211.31613701581955,3.7245230487314984e-05,235.25104761123657,182.92042684555054,1.0,171.80159950256348,211.08181738853455,1.0,172.31786346435547,208.12106370925903,7.349049701588228e-05
237,181.13161480426788,204.53259927034378,5.79710140300449e-05,174.64309191703796,205.9392522573471,0.00023234319814946502,172.62040269374847,213.19688427448273,5.4348107369150966e-05,174.25416374206543,219.08337324857712,8.534169319318607e-05,173.47360920906067,203.32743817567825,0.00014548489707522094,174.2352910041809,204.84790229797363,6.697652224829653e-06,173.4843109846115,211.11030358076096,7.86678574513644e-05,161.12054586410522,218.26867771148682,0.00018197647295892239,174.05898189544678,205.09968268871307,0.00020637996203731745,161.9499168395996,213.14184665679932,2.1738966097473167e-05,172.46744114160538,207.09401392936707,8.92886018846184e-05,174.1933832168579,209.31325435638428,1.7199197827721946e-05,177.8552951812744,211.33155620098114,4.060328865307383e-05,235.28321743011475,181.63280773162842,1.0,171.69937801361084,211.69999486207962,1.0,172.23320770263672,209.5022087097168,0.00044604146387428045
238,181.26169741153717,204.55940967798233,4.2322659282945096e-05,174.90633940696716,206.06449604034424,7.144796836655587e-05,235.63584202528,177.83790349960327,4.4700635044137016e-05,174.18377995491028,218.9099326133728,2.5105806344072334e-05,173.7714866399765,203.17308765649796,6.369846960296854e-05,238.0624759197235,191.25576090812683,2.8060244403604884e-06,173.85245263576508,210.99433839321136,2.431618850096129e-05,160.57753038406372,217.92247915267944,8.547004836145788e-05,174.8563575744629,204.63984602689743,6.22199077042751e-05,233.58513069152832,173.35253763198853,2.2401080059353262e-05,173.0618691444397,206.51505160331726,7.105618715286255e-05,177.42649841308594,219.0516461133957,6.722294983774191e-06,241.1550998687744,180.24673318862915,1.8527473002905026e-05,235.0238742828369,180.15549850463867,1.0,171.37171936035156,211.23891121149063,1.0,171.9006781578064,208.28934478759766,0.00011501450353534892
239,180.92367190122604,204.55716520547867,3.857967021758668e-05,174.67440223693848,205.83353340625763,7.541530067101121e-05,236.12571509182453,177.81326532363892,3.494208795018494e-05,173.99228751659393,218.74250030517578,5.103884541313164e-05,173.35336589813232,203.1488671898842,7.559393270639703e-05,174.44160866737366,204.87006038427353,3.8018220038793515e-06,173.7090743780136,211.0469462275505,4.71707244287245e-05,160.54366636276245,217.934428691864,0.0001587979932082817,174.58114409446716,204.81167298555374,9.272311581298709e-05,233.2868194580078,172.57034248113632,2.9919952794443816e-05,172.87234139442444,206.57032012939453,9.662509546615183e-05,174.89603328704834,208.7302384376526,9.599718396202661e-06,177.93618202209473,211.28531205654144,2.018921441049315e-05,235.52787256240845,178.87410163879395,1.0,171.2927827835083,211.31083607673645,1.0,171.94790697097778,208.43225383758545,0.00026728626107797027
240,181.06478691101074,204.5546310544014,5.34739374415949e-05,174.88542342185974,205.9439594745636,9.228647104464471e-05,236.32937493920326,178.0001835823059,4.881465793005191e-05,174.15622663497925,218.86901080608368,3.433660094742663e-05,174.01081824302673,202.99020838737488,5.6871889682952315e-05,236.30729669332504,179.65860223770142,4.068366706633242e-06,173.60124909877777,211.22482270002365,2.462314114382025e-05,161.03470659255981,218.35615289211273,3.90294699172955e-05,174.9500858783722,204.6683767437935,7.171274774009362e-05,234.42598950862885,172.44290339946747,3.365117299836129e-05,172.95539784431458,206.84215664863586,6.839794514235109e-05,231.02298784255981,180.71780490875244,8.642568900540937e-06,177.99519395828247,211.5425500869751,2.413628317299299e-05,237.26726150512695,178.78112268447876,1.0,171.69737672805786,211.31679797172546,1.0,171.53324270248413,208.75695276260376,6.704255065415055e-05
241,180.96502083539963,204.55200946331024,3.7426962080644444e-05,174.88870191574097,205.8501582145691,7.432176789734513e-05,236.35855653882027,177.2916612625122,3.954510611947626e-05,173.8586288690567,218.64183580875397,7.613136403961107e-05,172.95917409658432,203.1905174255371,0.0001055900429491885,236.37393137812614,178.66785335540771,6.08196478424361e-06,173.46274042129517,210.95868337154388,5.175180922378786e-05,161.23168277740479,217.78209519386292,0.00011028742301277816,174.30206418037415,204.6753289103508,0.00010729021596489474,162.10611724853516,212.84717100858688,7.14901543688029e-05,172.58946686983109,206.35823249816895,0.0001305428013438359,174.95236492156982,208.36963653564453,1.3038226825301535e-05,180.69139194488525,215.60760593414307,2.9905546398367733e-05,236.43725776672363,176.83765172958374,1.0,170.92627573013306,211.08767747879028,1.0,171.21685123443604,208.6297836303711,0.00027710897848010063
242,180.97477340698242,204.52502971887589,5.0785016355803236e-05,174.71894907951355,205.87742972373962,6.289766315603629e-05,172.20436862111092,213.49940693378448,2.5140139769064263e-05,174.03058218955994,218.94837391376495,7.320672739297152e-05,173.88603055477142,202.90415155887604,4.836611697101034e-05,236.35980367660522,178.67241382598877,5.414571205619723e-06,173.5422567129135,211.0366975069046,1.8140923202736303e-05,169.77786445617676,219.39221680164337,3.945424759876914e-05,174.88399577140808,204.61725813150406,5.152740050107241e-05,234.58823597431183,171.25325632095337,2.1897410988458432e-05,173.09958016872406,206.45367074012756,7.691728387726471e-05,229.79816007614136,180.12199783325195,1.0293194463883992e-05,241.73152780532837,177.53176403045654,4.0863433241611347e-05,237.80638694763184,176.18299436569214,1.0,171.27743673324585,211.18149518966675,1.0,240.1227331161499,174.85220432281494,4.9203830712940544e-05
243,180.95397651195526,204.77291417121887,4.2811563616851345e-05,174.76787090301514,205.8667335510254,7.864445797167718e-05,172.3680298924446,213.36139488220215,3.180904604960233e-05,174.01202964782715,218.90198302268982,0.0001283755264012143,173.55712223052979,203.01423293352127,6.746809231117368e-05,236.0192072056234,178.695472240448,3.137910425721202e-06,173.47712922096252,211.0953020453453,3.122274938505143e-05,161.24325370788574,218.2851755619049,6.743232370354235e-05,174.78474521636963,204.67378002405167,6.925042544025928e-05,161.8996067047119,212.9312560558319,4.336214988143183e-05,172.86136996746063,206.65965676307678,9.484359907219186e-05,174.94868183135986,208.95635795593262,7.376861958618974e-06,180.250657081604,215.51458168029785,3.965307041653432e-05,236.31636294722557,174.1770534515381,1.0,171.41196012496948,211.03889578580856,1.0,171.88796043395996,208.35533666610718,0.00012082060129614547
244,180.80717879533768,204.8549798130989,2.996284092660062e-05,174.7687544822693,205.90721380710602,4.5106666220817715e-05,172.39443054795265,213.1445256471634,2.432386827422306e-05,173.65332508087158,218.57981550693512,3.963072958867997e-05,173.09972405433655,203.09286385774612,6.0571754147531465e-05,174.29163455963135,204.83139044046402,2.452119588269852e-06,173.57989025115967,211.05809199810028,2.999537900905125e-05,160.71449089050293,217.78797221183777,0.00012277616770006716,174.5656156539917,204.8176553249359,5.532475915970281e-05,162.1799168586731,213.08600842952728,3.6642893974203616e-05,161.77008724212646,221.67350959777832,7.390006794594228e-05,177.19624662399292,218.74398827552795,9.347780178359244e-06,180.63451671600342,215.4486427307129,1.934566898853518e-05,236.3544979095459,172.67669677734375,1.0,170.930073261261,211.0651249885559,1.0,171.08806943893433,208.27107906341553,0.0002034087519859895
245,180.90549659729004,204.57399463653564,5.1985469326609746e-05,174.60136032104492,205.7587766647339,0.00015341340622399002,172.28886193037033,213.01958179473877,4.4093212636653334e-05,174.10326075553894,218.6840137243271,0.00010587729775579646,173.35170674324036,202.9701339006424,0.00010444872168591246,174.21538591384888,204.53701090812683,4.692892161983764e-06,173.5353742837906,210.9768421649933,3.978795575676486e-05,160.5959243774414,217.996901512146,6.629066774621606e-05,174.42940378189087,204.67092096805573,0.00010291322541888803,161.73747158050537,212.85124361515045,2.2533386072609574e-05,172.92560458183289,206.82935786247253,0.00010064842354040593,174.74750995635986,208.89453077316284,1.2541318028524984e-05,177.85779333114624,211.25632655620575,3.0397139198612422e-05,236.95730781555176,170.98305320739746,1.0,171.4083046913147,210.86465466022491,1.0,172.0481300354004,208.3159260749817,0.00033509734203107655
246,180.87568163871765,204.65796065330505,6.022278103046119e-05,174.7190716266632,205.98323500156403,7.364687189692631e-05,172.299988001585,213.3828867673874,3.778421523747966e-05,173.98649895191193,218.84696435928345,0.00023626578331459314,173.6426340341568,202.9982442855835,6.116228905739263e-05,174.42021417617798,204.86697840690613,2.3649822651350405e-06,173.53027033805847,211.17741656303406,3.0632530979346484e-05,161.22102308273315,218.19447433948517,0.00011577429540921003,174.71934819221497,204.79247283935547,6.227374251466244e-05,161.91198205947876,212.99012380838394,2.45103601628216e-05,172.87522423267365,206.84047675132751,7.351285603363067e-05,176.78468418121338,219.17913794517517,8.783064913586713e-06,180.192889213562,215.34631156921387,5.251427865005098e-05,235.5881929397583,170.23868942260742,1.0,171.36498308181763,211.1224643588066,1.0,171.8021445274353,208.43259191513062,0.00013393920380622149
247,180.7292850613594,204.70908731222153,5.985093230265193e-05,174.66671776771545,205.64610874652863,8.32006917335093e-05,172.12623864412308,212.97177904844284,2.860209860955365e-05,173.95108938217163,218.70389068126678,7.899320189608261e-05,173.39274621009827,202.72073543071747,7.048572297208011e-05,174.16990184783936,204.53815668821335,2.9003833788010525e-06,173.37219786643982,211.0796995162964,1.9923394575016573e-05,160.9791774749756,217.82837104797363,4.9677757488097996e-05,174.76249241828918,204.52341920137405,6.560976180480793e-05,236.76248979568481,166.9103124141693,1.3034372386755422e-05,173.0628023147583,206.76923274993896,8.917858940549195e-05,175.05142855644226,208.87396717071533,7.966174052853603e-06,177.80441093444824,211.58827739953995,3.3409152820240706e-05,236.26825428009033,169.605806350708,1.0,170.73210525512695,210.98318719863892,1.0,170.35699129104614,208.395770072937,0.0001268434280063957
248,180.98948460817337,204.78460150957108,6.164501974126324e-05,174.78361678123474,205.86656439304352,6.561626651091501e-05,235.60679152607918,162.54784202575684,3.7799280107719824e-05,174.23967099189758,218.9917675256729,0.00013357633724808693,173.63479614257812,202.9395090341568,4.133054972044192e-05,174.64547443389893,204.78640776872635,1.608491857041372e-06,173.45734775066376,211.20871728658676,1.790271926438436e-05,160.89249658584595,218.0890257358551,7.478729821741581e-05,237.1518179178238,165.68411254882812,6.534856220241636e-05,236.7213900089264,166.17961955070496,1.6809663065942004e-05,173.20763456821442,206.81997656822205,5.276229785522446e-05,175.46876502037048,209.14545345306396,5.019916898163501e-06,440.15722036361694,265.0728118419647,0.009579809382557869,236.66112786531448,167.84788608551025,1.0,171.35951042175293,211.09377908706665,1.0,170.986168384552,208.13458490371704,4.9988644605036825e-05
249,180.84028697013855,204.60452795028687,5.808201603940688e-05,174.81183767318726,205.99593472480774,5.106815297040157e-05,235.66696918010712,162.28685903549194,4.21607619500719e-05,426.26082623004913,274.0006664991379,0.000809128861874342,173.3568820953369,202.883887052536,5.3906216635368764e-05,236.0397044494748,164.75604820251465,2.4995940748340217e-06,173.47442436218262,211.00292187929153,2.1829835532116704e-05,161.12236213684082,217.84917640686035,5.0353268306935206e-05,236.94895660877228,165.20374488830566,0.00011086407175753266,234.71836805343628,158.7074680328369,2.3410824724123813e-05,172.7365540266037,206.60501623153687,6.924699118826538e-05,175.05425477027893,208.85870027542114,7.808117516105995e-06,437.2362816333771,260.8799567222595,0.9997261166572571,236.75203055143356,167.2067575454712,1.0,171.16173267364502,210.96356737613678,1.0,171.22589540481567,208.10356760025024,0.00010148244473384693
250,180.95112043619156,204.69108706712723,6.18806661805138e-05,174.72797966003418,205.9136222600937,8.783983503235504e-05,235.8123211413622,162.21410655975342,5.259170211502351e-05,174.00682854652405,218.89186465740204,6.340702384477481e-05,173.61542296409607,203.0700262784958,6.084848791942932e-05,235.79536771774292,164.91380786895752,4.0135751078196336e-06,173.63465809822083,211.16079729795456,2.0223920728312805e-05,160.57382440567017,218.181862950325,4.239152622176334e-05,236.1927895396948,165.03758430480957,9.54296556301415e-05,234.19711816310883,158.05430817604065,3.420354914851487e-05,401.1833584308624,274.9212396144867,0.020819682627916336,177.2811722755432,218.96127331256866,1.01328887467389e-05,437.0466777086258,257.37037420272827,0.9999947547912598,236.2012300491333,166.05403327941895,1.0,170.9500331878662,211.2127867937088,1.0,171.00695991516113,208.89466667175293,0.00014768150867894292
251,180.97504448890686,204.40662026405334,3.449614087003283e-05,407.37687397003174,242.51342058181763,0.06382505595684052,404.6284384727478,251.50212615728378,0.9303423762321472,413.6105201244354,264.75077724456787,0.984775960445404,173.55947542190552,202.42787158489227,4.539384099189192e-05,235.35671949386597,164.6927719116211,4.36971686212928e-06,387.2361310124397,257.69153666496277,0.982958972454071,400.1376323699951,271.3593530654907,0.998231828212738,235.82730281352997,164.50497245788574,6.193209264893085e-05,234.03071296215057,157.40267825126648,2.605902227514889e-05,383.1565799713135,267.0252845287323,0.998163640499115,391.9669358730316,276.14172841608524,0.6311606764793396,428.41032963991165,253.18111622333527,1.0,235.68675708770752,165.22944736480713,1.0,170.7778959274292,210.94024419784546,1.0,437.5261182785034,249.58109140396118,4.86091485072393e-05
252,411.431209564209,230.34656190872192,0.00019427317602094263,402.481183052063,240.67198848724365,0.9997958540916443,400.78484869003296,250.53953790664673,0.9999841451644897,412.3675674200058,265.9710533618927,0.999969482421875,173.02337872982025,202.86485469341278,7.089686550898477e-05,375.8501422405243,241.3110864162445,0.008656470105051994,380.8366930484772,253.67143785953522,0.9997777342796326,392.5916886329651,267.7992473691702,0.9999642372131348,235.69000497460365,164.04591464996338,6.919002771610394e-05,436.68099308013916,252.41414818167686,9.675380715634674e-05,370.8243260383606,261.2807197570801,0.9961757659912109,381.4715847969055,269.8402842283249,0.7377195358276367,425.85791063308716,251.21390962600708,1.0,234.89630270004272,164.9244031906128,1.0,170.51728057861328,210.7600622177124,1.0,437.80434703826904,249.15634441375732,0.006666028406471014
253,404.0466933250427,228.0101079940796,0.00046733338967897,395.1051098704338,235.9889593133703,0.999894380569458,392.73283553123474,248.30424213409424,0.9999995231628418,401.773074388504,263.5706925392151,0.9999843835830688,173.15362644195557,202.91495215892792,6.969814421609044e-05,370.93728482723236,235.73630592226982,0.0003151393320877105,372.453168541193,250.22519636154175,0.9999996423721313,384.8324165344238,264.5224452018738,0.9906231760978699,174.61256313323975,204.54278421401978,5.508029062184505e-05,419.1286907196045,249.9507749080658,9.366834274260327e-05,364.692385494709,258.85410273075104,0.9992509484291077,374.48963713645935,267.5361307859421,0.27340301871299744,419.3294939994812,249.3764624595642,1.0,233.80098390579224,162.84229040145874,1.0,171.15006494522095,210.5089020729065,1.0,171.77983903884888,207.90464305877686,0.0002533956721890718
254,181.15316450595856,204.42790842056274,4.0370243368670344e-05,394.0674557685852,231.35087728500366,0.9954492449760437,391.6035816669464,243.66156110167503,1.0,395.2020264863968,261.40295231342316,1.0,173.78521263599396,202.74572479724884,4.040721614728682e-05,367.18352818489075,232.41452026367188,0.010338290594518185,369.17078948020935,242.98263549804688,1.0,376.62384700775146,259.2346068620682,0.9999992847442627,175.06138634681702,204.4909329712391,4.903459193883464e-05,233.10888671875,156.52785104513168,1.6990363292279653e-05,357.65656316280365,250.33390545845032,0.9987666606903076,365.2148867845535,261.81136083602905,0.995402455329895,416.13218116760254,246.49104523658752,1.0,234.60035037994385,162.917227268219,1.0,171.20541715621948,210.876119017601,1.0,170.83139419555664,208.14373064041138,4.001214256277308e-05
255,181.14004611968994,204.6693606376648,6.0658167058136314e-05,388.90660244226456,227.41131567955017,0.9999207258224487,384.8620533943176,239.38664507865906,1.0,388.785667181015,255.5893177986145,1.0,173.81012511253357,202.92392253875732,3.331879270263016e-05,402.3301315307617,233.24305081367493,2.0993784346501343e-05,363.23408794403076,239.42133569717407,0.9999995231628418,371.2532190680504,255.14815640449524,0.9999998807907104,174.92253708839417,204.48617506027222,2.894415592891164e-05,232.20831394195557,156.37078750133514,1.4675026250188239e-05,352.96003675460815,248.09868741035461,0.9884706735610962,360.61179399490356,259.1391212940216,0.98783278465271,409.17497396469116,242.2528338432312,1.0,233.0373659133911,161.79299449920654,1.0,171.07797050476074,210.8890037536621,1.0,170.8133373260498,207.71049427986145,5.487524322234094e-05
256,391.92228603363037,217.65306758880615,0.004029363393783569,387.2443034052849,224.1637101173401,0.9999614953994751,382.11080265045166,235.2296872138977,1.0,384.6191072463989,252.6292086839676,1.0,173.78049099445343,202.74508094787598,4.873098077950999e-05,359.7094292640686,222.96828269958496,0.005192020442336798,360.05198097229004,232.91380834579468,1.0,365.74014246463776,249.5020923614502,1.0,174.99841952323914,204.315033942461,4.730857108370401e-05,402.36480045318604,235.18207746744156,3.656247281469405e-05,347.5188536643982,242.23219442367554,0.9965860843658447,354.0199645757675,252.86520314216614,0.9994387030601501,406.1038851737976,238.9275074005127,1.0,233.08189630508423,160.88899850845337,1.0,171.60641860961914,210.55694663524628,1.0,172.28650760650635,207.2525155544281,4.741982411360368e-05
257,181.42288625240326,204.26605901122093,7.945320976432413e-05,382.5019328594208,218.352734208107,0.9996340274810791,378.72860860824585,231.14645051956177,1.0,379.0812578201294,249.02678537368774,1.0,173.5209424495697,202.88650119304657,7.726419426035136e-05,405.65156984329224,234.79384219646454,2.2983593225944787e-05,356.59725815057755,229.1219720840454,1.0,360.4607210159302,245.779190659523,1.0,174.78894472122192,204.32225465774536,7.340477168327197e-05,401.142201423645,235.46235018968582,3.660531365312636e-05,342.5424373149872,237.44610059261322,0.3502597510814667,350.8805663585663,247.70016503334045,0.9999819993972778,402.7815842628479,236.00728225708008,1.0,232.5816411972046,160.43804454803467,1.0,171.21918964385986,210.69939386844635,1.0,171.71237087249756,207.9532551765442,0.00012296222848817706
258,181.39191269874573,204.14453327655792,6.596949242521077e-05,381.44901633262634,216.08385276794434,0.9719541668891907,376.5858702659607,227.79722023010254,1.0,376.49514865875244,245.36135947704315,1.0,173.29313600063324,202.63074445724487,7.909043779363856e-05,384.755464553833,219.2885913848877,1.67726739164209e-05,354.12690484523773,225.82873940467834,1.0,357.75203359127045,242.55170059204102,1.0,174.77929258346558,204.18777345120907,5.9245023294351995e-05,162.19275283813477,212.2437310963869,2.5681167244329117e-05,340.80324959754944,234.75710344314575,0.11753019690513611,348.3537817597389,244.78879684209824,0.9999816417694092,398.93110370635986,233.49855041503906,1.0,231.4277515411377,160.18609237670898,1.0,171.47418022155762,210.39792490005493,1.0,172.05462837219238,207.1254861354828,9.239478094968945e-05
259,181.28286135196686,204.46103897690773,3.1649611628381535e-05,378.48056840896606,214.16697645187378,0.2515193521976471,373.7092752456665,224.99915885925293,1.0,370.9435406923294,243.0430555343628,1.0,173.25102353096008,202.44653344154358,6.218490307219326e-05,385.05755138397217,219.6384220123291,3.0165801945258863e-05,351.9720768928528,222.5789828300476,0.999998927116394,353.2176055908203,239.51002264022827,0.9999990463256836,174.77946734428406,204.30831643939018,6.279080844251439e-05,160.2359914779663,213.48870611190796,4.618131060851738e-05,161.9167890548706,220.89647448062897,0.00049680465599522,344.2191548347473,238.27202367782593,0.9959975481033325,396.8068103194237,230.7292184829712,1.0,230.6738269329071,159.3886480331421,1.0,170.64292860031128,210.72241306304932,1.0,170.33597946166992,207.7766535282135,4.285531031200662e-05
260,181.68691968917847,204.42978674173355,4.285126124159433e-05,374.6181559562683,212.0292797088623,0.0006880691507831216,369.18716502189636,221.28636920452118,0.9999996423721313,366.98681235313416,238.12872433662415,1.0,173.782723903656,202.62385773658752,3.668285717139952e-05,386.8935956954956,232.03689074516296,9.719155059428886e-05,349.21176075935364,219.65534591674805,0.8450872898101807,351.44890117645264,235.26073437929153,0.98489910364151,175.1750738620758,204.19987730681896,3.609935811255127e-05,387.767297744751,231.48873281478882,0.00010409533570054919,173.5127066373825,206.35183215141296,7.867903332225978e-05,343.59817385673523,233.1941089630127,0.005398774519562721,392.1469864845276,228.56550407409668,1.0,230.95133328437805,159.23841285705566,1.0,171.20272731781006,210.58155298233032,1.0,370.46505880355835,234.5901802778244,4.242173599777743e-05
261,181.84291875362396,204.28157702088356,6.074899647501297e-05,374.14919662475586,209.5000228881836,0.019730262458324432,368.86763048171997,220.1829538345337,1.0,368.1130623817444,237.57896864414215,1.0,173.79066693782806,202.73636162281036,3.987079253420234e-05,350.93304991722107,209.39204692840576,4.8163830797420815e-05,348.7556747198105,217.86936235427856,0.9999923706054688,350.69575023651123,233.86157035827637,0.9999839067459106,175.1458125114441,204.2288149446249,4.148704465478659e-05,394.40353643894196,226.06352853775024,4.703968807007186e-05,173.43301272392273,206.71515560150146,8.203822653740644e-05,342.3648204803467,230.78557205200195,0.9647029042243958,392.938355922699,226.0808777809143,1.0,229.6736764907837,157.78774166107178,1.0,171.4625072479248,210.85951471328735,1.0,171.4823431968689,207.90155267715454,2.6357465685578063e-05
262,181.29006326198578,204.4545578956604,3.2053227187134326e-05,370.21896147727966,211.47320079803467,0.0014565192395821214,365.0835350751877,220.16030979156494,0.9999973773956299,364.9900758266449,235.101380944252,0.9999998807907104,173.32384169101715,202.51476967334747,3.304195706732571e-05,387.87194442749023,217.90773510932922,6.919378938619047e-05,348.0668039098382,218.6050534248352,0.8409926891326904,348.29913607239723,233.25574159622192,0.149053692817688,175.05602264404297,204.0328217074275,3.689268487505615e-05,394.05262529850006,225.57964181900024,4.2980220314348117e-05,173.25598227977753,206.20919847488403,6.586445670109242e-05,341.12745463848114,230.26168990135193,0.0014236064162105322,391.3743691444397,226.0831437110901,1.0,229.50850772857666,156.528413772583,1.0,170.69855260849,210.44882345199585,1.0,170.32183456420898,207.57529139518738,3.500452294247225e-05
263,374.30244302749634,210.0635223388672,6.6970860643778e-05,369.64090371131897,212.51587343215942,0.013152366504073143,365.3333477973938,219.78914527595043,0.9999986886978149,366.27656960487366,235.1467856168747,0.9999996423721313,173.91569542884827,202.55118060112,4.257399996276945e-05,387.756649017334,218.44201040267944,4.328402428654954e-05,350.03065180778503,219.74831247329712,0.16876541078090668,350.21382212638855,232.08521032333374,0.014931879006326199,174.96890568733215,204.25356104969978,3.814426236203872e-05,393.72950887680054,225.16272950172424,6.612008291995153e-05,173.43062460422516,206.45994567871094,6.998292519710958e-05,339.43075370788574,231.3248839378357,0.0005014729686081409,391.55613231658936,225.3872857093811,1.0,227.13727807998657,155.92735242843628,1.0,171.18245792388916,210.56393337249756,1.0,170.80212306976318,207.5687756538391,2.68617532128701e-05
264,373.9172110557556,210.92993927001953,7.84938529250212e-05,369.3642678260803,210.73474884033203,0.0015857951948419213,365.88028836250305,217.3516025543213,0.9999486207962036,363.93977481126785,233.22368240356445,1.0,173.12702572345734,202.47202956676483,4.338890721555799e-05,387.79577922821045,218.6158608198166,3.556367664714344e-05,348.74624705314636,216.98534154891968,0.6794240474700928,348.21923890709877,231.06150650978088,0.3144994378089905,174.9527666568756,203.9774192031473,3.567655949154869e-05,387.80920219421387,219.97647865116596,3.084226409555413e-05,173.61450505256653,206.28496384620667,7.158743392210454e-05,341.53144550323486,228.96112310886383,0.00183724460657686,390.18094539642334,223.90632367134094,1.0,227.14868593215942,156.0356330871582,1.0,170.8024549484253,210.03642320632935,1.0,370.52868461608887,228.95885276794434,7.186945003923029e-05
265,181.6861436367035,204.11975125968456,6.669267168035731e-05,371.16311252117157,209.64854979515076,0.002926609478890896,365.8013958930969,217.8225598335266,0.9999985694885254,365.4643872976303,232.9279546737671,1.0,173.9175647497177,202.45888030529022,3.9556758565595374e-05,387.71070194244385,218.43294060230255,3.264963743276894e-05,348.67783111333847,216.01947116851807,0.9214842915534973,348.15687806904316,229.88321197032928,0.8711445331573486,175.24023747444153,203.90854776650667,3.71683418052271e-05,387.52052211761475,219.58980217576027,3.592476059566252e-05,173.5338374376297,206.11531805992126,0.00012569861428346485,341.2006630897522,228.4905460178852,0.004225540440529585,390.0836365222931,222.6195249557495,1.0,226.9060869216919,154.9518175125122,1.0,171.24590158462524,210.19887590408325,1.0,371.3770022392273,228.73594760894775,3.952071347157471e-05
266,181.3784372806549,204.33091413974762,4.762034586747177e-05,374.07903003692627,205.58435440063477,0.006136635318398476,367.69921469688416,215.7084538936615,0.9999998807907104,366.8059961795807,232.1912384033203,1.0,173.45012485980988,202.15117919445038,2.928111280198209e-05,387.18798065185547,217.61095714569092,8.644019544590265e-05,347.49095368385315,212.34483566880226,0.9999892711639404,348.4337388575077,228.5741943717003,0.9999361038208008,175.28465366363525,203.70763450860977,2.2891217668075114e-05,387.80432415008545,218.86780416965485,3.3338590583298355e-05,173.65750122070312,206.1604814529419,6.098582161939703e-05,340.54381012916565,228.59296202659607,0.02823735773563385,390.59900522232056,221.17724704742432,1.0,225.2514591217041,154.1872329711914,1.0,170.88301277160645,209.7578091621399,1.0,371.291353225708,227.18859577178955,4.7930476284818724e-05
267,181.74466717243195,204.07680016011,8.38196137920022e-05,377.1169376373291,206.53986072540283,0.03623219206929207,371.03356540203094,215.75024366378784,1.0,368.72989320755005,232.313871383667,1.0,173.84421169757843,202.45781540870667,4.054412784171291e-05,387.2109260559082,217.580340385437,4.482301665120758e-05,351.51772260665894,213.8949911594391,0.9997720122337341,351.1610007286072,229.07536208629608,0.9997430443763733,175.06455492973328,204.0519610196352,4.1753126424737275e-05,162.3333854675293,212.59289479255676,1.9553277525119483e-05,339.2194535136223,222.85773539543152,0.018630338832736015,343.2110049724579,229.5426435470581,0.11946071684360504,391.95834493637085,221.76691341400146,1.0,225.64923524856567,154.38996601104736,1.0,171.15362405776978,210.57485246658325,1.0,170.9904055595398,207.4351942539215,1.8210932466899976e-05
268,181.35852980613708,204.3790934085846,4.225321390549652e-05,372.73244005441666,207.64520168304443,0.006519064772874117,367.32321977615356,216.25907135009766,0.9999997615814209,365.2745053768158,231.41577076911926,1.0,173.08678436279297,202.5606974363327,4.801639443030581e-05,386.9222183227539,217.6870424747467,8.454304042970762e-05,348.8117579817772,213.05706691741943,0.9998871088027954,348.63321828842163,228.0478229895234,0.9999682903289795,174.85144424438477,203.8875934779644,3.570943954400718e-05,387.5026054382324,218.39206051826477,6.944292545085773e-05,173.5876181125641,206.1365683078766,7.225737499538809e-05,340.16015388071537,227.4955106973648,0.5932384729385376,390.54459738731384,221.2366065979004,1.0,224.83200407028198,153.8542881011963,1.0,170.23520469665527,210.09576606750488,1.0,169.65272855758667,207.42387580871582,7.672344509046525e-05
269,181.10148060321808,204.4715823829174,3.698822183650918e-05,371.50086027383804,208.11669063568115,0.01688440516591072,365.9270706176758,217.3366618156433,0.9999998807907104,364.436382830143,232.21590518951416,1.0,172.71526098251343,202.3416529893875,3.702428875840269e-05,388.121235370636,218.07043826580048,8.433481707470492e-05,346.5597333908081,214.4120578765869,0.9998199343681335,345.98633456230164,229.26086795330048,0.9999294281005859,165.70250868797302,204.3488548398018,2.8096204914618284e-05,387.33854389190674,219.33109384775162,7.561383972642943e-05,173.6831010580063,206.24443864822388,4.931097646476701e-05,338.5842161178589,228.06371698528528,0.048739176243543625,389.8680764436722,221.85323238372803,1.0,224.5598258972168,152.95091915130615,1.0,170.21620988845825,209.6884307861328,1.0,169.61984300613403,206.91690111160278,5.549162233364768e-05
270,181.28839576244354,204.2706595659256,6.907538045197725e-05,364.8448379635811,207.06262397766113,0.0005017239600419998,360.95868492126465,215.2760615348816,0.9999432563781738,361.02906703948975,229.62585282325745,0.9999994039535522,173.62908232212067,202.22083067893982,4.3376290705055e-05,391.5731496810913,220.22359682619572,5.638893344439566e-05,343.7250943183899,214.2735252380371,0.013914118520915508,342.31608843803406,228.25820019841194,0.3376951515674591,175.09712100028992,203.86918352544308,4.853161590290256e-05,387.08758068084717,219.86653855443,0.0002099235134664923,173.40979278087616,206.72984194755554,7.656199886696413e-05,337.77924633026123,225.44102668762207,0.00015122351760510355,384.5478615760803,220.19322872161865,1.0,225.39232873916626,152.91623497009277,1.0,170.82969045639038,210.17554187774658,1.0,170.1131076812744,207.48042011260986,2.6305184292141348e-05
271,369.3396406173706,201.51854252815247,5.663181946147233e-05,361.6064705848694,208.58985209465027,0.0014626014744862914,358.8819007873535,215.4000563621521,0.26103895902633667,360.94318866729736,229.2590080499649,0.9955335855484009,173.27111184597015,202.41903948783875,3.582148201530799e-05,392.76428055763245,221.6890608072281,2.107731779688038e-05,219.6694269478321,160.9701051712036,1.0780669981613755e-05,161.5942187309265,217.50355792045593,3.775698132812977e-05,175.0293791294098,204.0804826542735,2.861053144442849e-05,386.71611881256104,219.58498984575272,0.00011815028119599447,173.6019948720932,206.59257650375366,6.080817183828913e-05,376.56451892852783,220.66945159435272,1.6021500414353795e-05,382.8313844203949,219.76883792877197,1.0,225.09197521209717,152.8618574142456,1.0,170.61733150482178,210.5893235206604,1.0,170.28027057647705,207.70190334320068,4.20155847677961e-05
272,181.46699607372284,204.37423250079155,4.08711057389155e-05,360.7443263530731,207.49236631393433,0.0002779331698548049,357.9410209655762,213.1172934770584,0.015820782631635666,357.4804439544678,227.41336524486542,0.9925998449325562,173.502406001091,202.32743799686432,3.116426523774862e-05,370.1916198730469,216.63604259490967,7.677958637941629e-05,173.61105024814606,211.0624109506607,9.796758604352362e-06,337.26103830337524,224.8053958415985,0.0024234196171164513,175.14448070526123,204.14743123948574,3.279768134234473e-05,374.7777810096741,215.7683916091919,3.659473804873414e-05,173.3870871067047,206.75508642196655,6.365674926200882e-05,372.052939414978,222.42069149017334,3.10860232275445e-05,380.9566744565964,218.88200855255127,1.0,225.8795998096466,151.9408483505249,1.0,170.55565452575684,210.80283308029175,1.0,225.3163125514984,149.9119348526001,2.7198784664506093e-05
273,181.44612610340118,204.5931408405304,4.092184826731682e-05,358.271785736084,201.77991652488708,5.192536991671659e-05,352.48788499832153,206.83273458480835,0.0008611918892711401,352.7802917957306,222.24938488006592,0.9875220656394958,173.5565881729126,202.58530795574188,3.384859883226454e-05,372.91859674453735,217.92871165275574,7.188500603660941e-05,173.52163124084473,210.9823727607727,9.525658242637292e-06,335.9355616569519,220.53647875785828,0.005837337113916874,381.8624041080475,216.23849725723267,4.145338971284218e-05,373.22215366363525,216.66694808006287,8.38835840113461e-05,173.44328224658966,206.28233194351196,5.1121798605890945e-05,367.96160984039307,219.71938595175743,2.4441966161248274e-05,373.82302618026733,214.8117196559906,1.0,225.83096837997437,151.0595932006836,1.0,170.838529586792,210.2239212989807,1.0,359.1328821182251,214.5442361831665,0.00019744822930078954
274,358.77540397644043,197.46654891967773,0.0002499993715900928,356.4921817779541,200.68260097503662,0.0005900082178413868,355.00624084472656,207.2416524887085,0.0003292069595772773,350.7331862449646,218.89578092098236,0.9087444543838501,173.34286868572235,202.5507012605667,5.149581193109043e-05,375.26329612731934,210.7148915529251,6.945504992472706e-06,173.55925929546356,210.8389834165573,1.1175969120813534e-05,335.3631148338318,216.2679705619812,0.0010258977999910712,175.11688256263733,203.86743494868279,4.746429476654157e-05,162.49148273468018,212.07656367868185,3.0225177397369407e-05,173.38605427742004,206.38500428199768,0.00010405803186586127,216.47627139091492,149.95137214660645,8.183465979527682e-06,373.2436406612396,213.53759765625,1.0,226.09234380722046,150.16450023651123,1.0,171.1458854675293,210.25371646881104,1.0,171.27154731750488,207.10825634002686,4.399044701131061e-05
275,357.06158351898193,197.89990901947021,0.00044215231901034713,351.680166721344,199.59104681015015,0.00044258663547225296,347.263929605484,203.91881691664457,0.012112989090383053,349.4015564918518,216.09729528427124,0.9966860413551331,173.75623536109924,202.27439439296722,4.793737389263697e-05,375.05547618865967,204.67932242155075,6.030826625647023e-06,173.40943729877472,210.83963704109192,1.8488484784029424e-05,334.27822375297546,214.63235306739807,0.045758988708257675,175.34632563591003,203.76454244554043,6.543430936289951e-05,376.6881821155548,210.09294950962067,2.2671551050734706e-05,172.99350875616074,206.21313381195068,0.00017976471281144768,175.74834275245667,208.74686336517334,8.044364221859723e-06,372.7229428887367,210.327543258667,1.0,225.9177417755127,149.0635757446289,1.0,170.69735860824585,210.65396213531494,1.0,352.18830919265747,212.38215631246567,8.943330612964928e-05
276,350.8114318847656,198.28018522262573,0.0002945926389656961,343.6251754760742,197.44910383224487,0.0003069197409786284,343.6678419113159,201.23482751846313,0.0009955766145139933,345.0023248195648,211.55240526795387,0.9696274995803833,173.32884466648102,202.480366230011,6.322112312773243e-05,377.89026522636414,206.19105124473572,7.827898116374854e-06,173.3894637823105,210.82807898521423,2.26392294280231e-05,332.64408361911774,210.18142461776733,0.00017813112935982645,174.8415653705597,204.0196679867804,6.036261038389057e-05,162.2458438873291,212.59269136190414,2.4705088435439393e-05,173.06574392318726,206.6082911491394,0.00010954012395814061,359.5820589065552,206.21082019805908,9.200864951708354e-06,366.9187698364258,206.7267620563507,1.0,225.82445859909058,148.1193323135376,1.0,170.66984272003174,210.65375566482544,1.0,352.3169469833374,208.082679271698,0.003962432034313679
277,349.5349426269531,198.96990251541138,0.000339784863172099,343.1891975402832,196.59446716308594,0.00046083846245892346,343.11577129364014,199.76025295257568,7.788439688738436e-05,344.92241406440735,209.68782949447632,0.2988653779029846,173.6899038553238,202.3668155670166,6.149124965304509e-05,355.1902379989624,200.96763038635254,6.842286893515848e-06,173.3182555437088,210.8045028448105,2.422328725515399e-05,333.2076553106308,208.17703914642334,0.00010594910418149084,175.08600306510925,203.8513261526823,7.080152863636613e-05,162.03721237182617,212.59707915782928,5.7622190070105717e-05,172.9311238527298,206.4236958026886,0.00016445541405119002,355.3849678039551,207.5284345149994,1.9612421965575777e-05,363.90423948317766,203.74388709664345,1.0,224.6010365486145,146.39431953430176,1.0,171.09333276748657,210.70073747634888,1.0,352.4234356880188,202.76725244522095,0.001788789639249444
278,348.6734757423401,199.8762321472168,0.00020914415654260665,175.06358408927917,205.33448266983032,4.18182389694266e-05,342.33174896240234,197.26382732391357,8.535162487532943e-05,343.9092025756836,206.90141201019287,0.5409864187240601,173.63043773174286,202.04552137851715,3.315780122647993e-05,355.8459768295288,201.46482920646667,1.573595727677457e-05,173.41059958934784,210.95748245716095,7.331225333473412e-06,332.3126910626888,207.34937047958374,9.254892938770354e-05,364.6143601536751,199.72017431259155,3.2619322155369446e-05,358.2855439186096,200.16310143470764,8.849503501551226e-05,173.45877408981323,206.5565311908722,6.696402124362066e-05,353.4765272140503,204.53827512264252,4.1171544580720365e-05,361.5833399295807,200.59491109848022,1.0,225.10397720336914,146.16564989089966,1.0,170.58898544311523,210.24741077423096,1.0,350.4263508319855,199.50634002685547,0.02516569010913372
279,348.5327982902527,201.9287760257721,2.8943963116034865e-05,175.22938776016235,205.49932956695557,1.2770107787218876e-05,231.49744844436646,141.45402491092682,3.696174098877236e-05,343.1364231109619,205.40185499191284,0.009369379840791225,173.2652816772461,202.05619537830353,1.994689228013158e-05,356.7647919654846,202.16906261444092,1.758502548909746e-05,173.46552765369415,210.96405911445618,8.515007721143775e-06,161.11827898025513,216.9721291065216,3.2233470847131684e-05,364.18459805846214,200.3610954284668,3.388179902685806e-05,357.9096255302429,200.66074299812317,0.00012122045882279053,173.38994979858398,206.13422346115112,4.658510806621052e-05,353.03936862945557,204.64102184772491,2.7441685233497992e-05,358.5475916862488,198.71134781837463,0.9999997615814209,224.06621408462524,143.15754890441895,1.0,170.16211891174316,209.95737266540527,1.0,350.9648575782776,196.35396194458008,0.005757385399192572
280,181.51930713653564,204.4045491218567,4.2591906094457954e-05,175.1230013370514,205.4516543149948,5.718154352507554e-05,231.90367221832275,141.68511140346527,3.88212974939961e-05,343.393358707428,204.26092958450317,0.016509344801306725,173.4822518825531,202.4528125524521,5.031640830566175e-05,357.2195816040039,203.08452200889587,1.066115055436967e-05,173.50294756889343,210.91389954090118,1.64643679454457e-05,162.16892957687378,217.59922218322754,0.00013184470299165696,175.00313353538513,204.10242851823568,6.306270370259881e-05,351.54404497146606,199.63160228729248,5.786121982964687e-05,162.45755100250244,220.85779571533203,0.00024406684678979218,352.35913944244385,203.19859528541565,1.8213677321909927e-05,355.24550127983093,195.4884705543518,0.9999996423721313,224.4193515777588,142.97761344909668,1.0,170.52181482315063,210.86487531661987,1.0,346.95514726638794,195.83865588903427,0.007397091016173363
281,342.916720867157,201.51744198799133,0.00012400784180499613,174.8534333705902,205.13372254371643,2.424972626613453e-05,330.69394183158875,189.54940712451935,3.796046439674683e-05,342.6525716781616,200.86717176437378,0.00025578634813427925,173.2907555103302,201.80796360969543,2.7422300263424404e-05,341.40052604675293,187.5069115459919,6.960477094253292e-06,173.40657484531403,210.84030854701996,7.25329573469935e-06,161.36399841308594,217.13582110404968,4.369522139313631e-05,175.16469979286194,203.6654710173607,2.9115408324287273e-05,348.64070653915405,197.54771089553833,9.998369205277413e-05,173.38975846767426,206.55272841453552,7.567926513729617e-05,340.0799627304077,199.3424472808838,2.8640093660214916e-05,353.0946989059448,194.199631690979,0.9999942779541016,223.88449048995972,141.83908081054688,1.0,170.42496490478516,209.94614934921265,1.0,346.0813674926758,194.8462165594101,0.2622457444667816
282,181.35203516483307,204.161606118083,4.5254320866661146e-05,174.97349309921265,205.2662900686264,6.155279697850347e-05,330.4147765636444,188.65274357795715,6.614903395529836e-05,340.6841584444046,200.20110988616943,0.0002884361892938614,173.4241703748703,202.16509544849396,4.500308205024339e-05,340.82236194610596,186.75631272792816,2.9995171644259244e-06,173.51038825511932,210.85117256641388,1.2521824828581885e-05,161.31803512573242,217.22609186172485,6.266184209380299e-05,175.17799353599548,203.68159553408623,3.940694296034053e-05,354.9166097640991,195.26944547891617,3.278220538049936e-05,173.58115148544312,206.48330736160278,0.0001074791289283894,175.70612621307373,208.50183963775635,6.378057150868699e-06,352.9173581600189,191.7707757949829,0.9999996423721313,224.5509614944458,142.05475902557373,1.0,170.52411937713623,210.15422582626343,1.0,346.4874119758606,192.4272174835205,0.005514912307262421
283,339.50399112701416,185.16960740089417,0.00027381590916775167,174.83521175384521,205.5099858045578,3.9811751776142046e-05,329.2465703487396,188.6276867389679,0.00014183702296577394,173.5763590335846,218.39345288276672,5.288727697916329e-05,173.0107718706131,202.1620022058487,4.8832913307705894e-05,340.1377944946289,186.2280671596527,1.4335877494886518e-05,173.36552739143372,210.86416471004486,1.4832383385510184e-05,161.7363519668579,216.98641967773438,3.57030367013067e-05,174.87769412994385,203.8367221057415,5.1724968216149136e-05,349.232958316803,195.06203520298004,0.00028781534638255835,173.1952747106552,206.42375874519348,9.172917634714395e-05,340.41532468795776,193.00607681274414,2.9786404411424883e-05,350.18024349212646,190.91980695724487,0.9999994039535522,223.15437412261963,140.66116905212402,1.0,170.05770587921143,210.29810905456543,1.0,344.49943113327026,191.95211267471313,0.17068476974964142
284,338.52874851226807,185.70232915878296,8.845731645124033e-05,174.75928711891174,205.5480328798294,2.9849503334844485e-05,328.4338345527649,188.2459466010332,0.00012890419748146087,173.67326402664185,218.79168665409088,8.109195914585143e-05,173.19535160064697,202.5704392194748,4.0265353163704276e-05,340.29080390930176,187.1487872004509,8.66019217937719e-06,173.48501694202423,210.95207810401917,1.7487975128460675e-05,161.20664739608765,217.38723945617676,0.00010369232040829957,175.02321195602417,204.19872157275677,3.8662135921185836e-05,348.7842213511467,194.57022297382355,0.0001627257006475702,173.36213731765747,206.46769165992737,6.481284799519926e-05,340.17188835144043,193.0898642539978,1.234499995916849e-05,348.240282535553,190.9142599105835,0.9999995231628418,224.51855754852295,140.8379545211792,1.0,170.47580289840698,210.58718824386597,1.0,343.85353207588196,190.92109155654907,0.031938180327415466
285,338.5849256515503,185.77902030944824,0.00014326655946206301,175.02865934371948,205.56058847904205,3.3708507544361055e-05,328.3608214855194,188.90030425786972,0.0001546395942568779,173.5943821668625,218.63091731071472,6.788020982639864e-05,173.37407565116882,202.50341165065765,4.5282165956450626e-05,340.5300087928772,187.3068851828575,6.561628651979845e-06,173.62055134773254,210.83882117271423,1.6611073078820482e-05,161.37702560424805,217.45347547531128,4.587747389450669e-05,175.0416865348816,203.92496487498283,4.880874257651158e-05,349.0177890062332,194.7394973039627,0.00010839289461728185,173.224653840065,206.11906576156616,9.895880793919787e-05,340.1177463531494,193.94143104553223,1.4796314644627273e-05,349.73671102523804,190.9926519393921,0.9999994039535522,224.81162452697754,140.17749214172363,1.0,170.47502326965332,210.51096296310425,1.0,344.04408264160156,191.7315378189087,0.054133832454681396
286,181.73174369335175,204.22426714003086,6.047576607670635e-05,175.14891171455383,205.80805921554565,9.29496600292623e-05,327.09193754196167,187.5793463587761,0.00023718233569525182,174.15457344055176,219.0141805410385,0.00010693487274693325,173.71488857269287,202.78129017353058,7.050030399113894e-05,174.49358677864075,204.37688848376274,3.1819402011024067e-06,173.6344496011734,211.00462782382965,2.3043463443173096e-05,161.5833477973938,218.05882668495178,0.00012806874292436987,174.94765973091125,204.24860975146294,8.103383152047172e-05,341.3409414291382,187.25831019878387,0.00022446495131589472,173.12344431877136,206.87379837036133,0.00011326062667649239,175.47150230407715,208.96559810638428,1.005644298857078e-05,343.18755412101746,187.92659794539213,1.0,225.2484369277954,139.12282276153564,1.0,171.09115552902222,211.06865215301514,1.0,341.9916468858719,189.44610691070557,0.006748504005372524
287,181.06353676319122,204.32714992761612,3.5431759897619486e-05,174.87150692939758,205.54432380199432,5.2928648074157536e-05,325.60582160949707,187.68799817562103,0.00019722769502550364,173.69257950782776,218.77941060066223,6.21014041826129e-05,173.00122618675232,202.46100628376007,5.334238085197285e-05,174.14166498184204,204.02747672609985,2.3581965251651127e-06,173.4107700586319,210.99732375144958,1.4758786164748017e-05,161.05687808990479,217.8524465560913,8.69329523993656e-05,174.8618757724762,203.9340923652053,4.446963794180192e-05,330.5859545469284,188.1074732095003,0.0005609756917692721,173.28053319454193,206.551611661911,7.226446905406192e-05,175.29555201530457,208.35068941116333,8.013407750695478e-06,340.3244808912277,188.3092441558838,1.0,224.54018640518188,138.50590181350708,1.0,170.39750146865845,210.3891396522522,1.0,339.94295278936625,189.9166145324707,0.0028173336759209633
288,181.16634213924408,204.38875931501389,3.715689308592118e-05,174.99137043952942,205.73182713985443,4.956353222951293e-05,323.7623748779297,185.70188808441162,0.00011028647713828832,173.91722524166107,219.02601486444473,7.806539360899478e-05,173.66811513900757,202.5190428495407,4.218195317662321e-05,329.9246447086334,185.776118516922,1.1815252037195023e-05,173.5170452594757,211.08601295948029,1.7987842511502095e-05,161.51169776916504,218.02373826503754,3.117496453342028e-05,175.10177445411682,204.0636888742447,5.3187661251286045e-05,329.1798014640808,186.8752349615097,0.006491005886346102,332.7355499267578,192.4867558479309,0.0004852221754845232,329.87004113197327,190.6409707069397,1.4145396562526003e-05,336.7715644836426,185.46901321411133,1.0,224.016357421875,137.43783330917358,1.0,170.9485960006714,210.70927143096924,1.0,337.4287886619568,188.23382765054703,0.0033970335498452187
289,181.424875497818,204.15999920666218,3.326906880829483e-05,175.00225591659546,205.76857352256775,4.384753992781043e-05,323.3478946685791,186.00694072246552,6.777355156373233e-05,174.11089158058167,218.69358253479004,0.00013986222620587796,173.6932920217514,202.55272364616394,4.538341090665199e-05,330.3759082555771,186.43274796009064,7.469285719707841e-06,173.6491038799286,210.84566795825958,1.885688652691897e-05,161.64661645889282,217.42006874084473,5.993682862026617e-05,174.88961124420166,203.97083595208824,5.612129461951554e-05,329.3062524795532,187.3299936056137,0.0032144468277692795,268.31814137101173,190.67105150222778,0.004167710896581411,211.580234259367,146.7819275856018,8.910867109079845e-06,335.8099105358124,185.3987216949463,1.0,222.4079933166504,137.24447345733643,1.0,171.1779990196228,210.70501279830933,1.0,336.59669494628906,188.38927921652794,0.0029110084287822247
290,180.8446182012558,204.50545781850815,2.234362364106346e-05,174.71666383743286,205.44665133953094,2.0758052414748818e-05,172.151370793581,212.84328365325928,1.783450716175139e-05,173.5015230178833,218.7692917585373,8.979049016488716e-05,172.80550134181976,202.20371627807617,3.1631563615519553e-05,269.56714963912964,180.72668534517288,6.439846765715629e-05,268.348630130291,189.36783862113953,0.004061231389641762,161.6877942085266,217.04028511047363,6.020050568622537e-05,174.9543900489807,204.09950520843267,2.7485137252369896e-05,329.85950541496277,187.66020795702934,0.0008975484524853528,262.5550277233124,192.44369506835938,0.987074613571167,177.23304176330566,218.50783669948578,8.668959708302282e-06,333.7283548116684,186.14371514320374,0.9999997615814209,223.37856101989746,137.42905807495117,1.0,169.51912927627563,210.44792890548706,1.0,334.74806785583496,187.89656546711922,0.0003425065951887518
291,180.9063274860382,204.43936839699745,1.599107781657949e-05,174.74219298362732,205.50728452205658,2.936469900305383e-05,172.02884940989316,212.6900691986084,1.7843522073235363e-05,173.58414816856384,218.53102028369904,0.00012730085290968418,172.69726878404617,202.45175695419312,3.194032979081385e-05,267.1700596213341,179.77736823260784,0.27015355229377747,267.7309359908104,188.8627805709839,0.826103925704956,261.2208843231201,196.2389823794365,0.0005157408304512501,174.98728370666504,204.0444282591343,2.4420089175691828e-05,254.69785714149475,181.81093502044678,0.001947225071489811,259.2286646962166,191.76193714141846,0.9999963045120239,212.66732466220856,146.7339792251587,9.443411727261264e-06,331.09139770269394,185.62830066680908,0.9876940250396729,223.0177059173584,136.89356136322021,1.0,170.13427782058716,210.1196141242981,1.0,169.83931922912598,207.43564105033875,7.227253809105605e-05
292,175.27846217155457,202.65046334266663,2.344382301089354e-05,174.45924067497253,205.4646362066269,4.124038969166577e-05,172.01380800828338,212.64048320055008,1.708007403067313e-05,173.4798525571823,218.58726799488068,9.941365715349093e-05,172.63706529140472,202.45606350898743,4.961488230037503e-05,263.8465061187744,180.3025907278061,0.6530364751815796,263.95924043655396,189.19915175437927,0.5683900117874146,259.5108871459961,196.92176455259323,0.0006135168951004744,174.73900842666626,204.15868389606476,3.818673940259032e-05,253.35688662528992,182.9781928062439,0.050125010311603546,255.10208916664124,191.91490626335144,0.9999995231628418,176.95514678955078,218.53392708301544,1.0367287359258626e-05,329.03620409965515,186.62543272972107,0.30323606729507446,222.68964958190918,137.62141036987305,1.0,170.12758350372314,210.39962148666382,1.0,170.02314567565918,207.70690298080444,0.00011747039388865232
293,176.0477647781372,202.74561095237732,2.1938276404398493e-05,175.0322389602661,205.85623967647552,9.932911780197173e-05,172.4568359553814,213.19551825523376,2.6247849746141583e-05,174.02210426330566,218.9455555677414,0.00010771902452688664,173.6213036775589,202.8674637079239,6.835797830717638e-05,262.6090040206909,179.97193894535303,0.9688077569007874,262.3866879940033,188.05796488374472,0.9999856948852539,266.2177554368973,198.96564054489136,0.008249799720942974,174.72822666168213,204.37119445204735,7.952651503728703e-05,247.8478422164917,183.16083192825317,0.08296851068735123,251.36434644460678,193.02906465530396,1.0,262.95077753067017,200.84870862960815,0.043509021401405334,328.5942368507385,186.57198810577393,0.00047836953308433294,222.2220230102539,137.21085023880005,1.0,171.29521083831787,211.17341709136963,1.0,274.53794527053833,206.52184915542603,6.59417564747855e-05
294,175.8286623954773,202.66337072849274,1.9589579096646048e-05,175.06400990486145,205.80613720417023,5.49423202755861e-05,172.2831273972988,213.1946144104004,2.5193805413437076e-05,174.05183219909668,218.7617439031601,8.090789924608544e-05,173.68338084220886,202.62255346775055,5.200014857109636e-05,257.6596567630768,175.56564903259277,0.9998676776885986,258.11605274677277,187.27109670639038,1.0,272.16926312446594,204.41313657164574,1.0,174.9111967086792,204.12781120836735,6.532644329126924e-05,236.91035878658295,179.76256421208382,0.9901096820831299,242.9143968820572,193.35380744934082,1.0,263.62544870376587,208.30046820640564,0.9998961687088013,324.08773992210627,192.02664709091187,0.0531744509935379,223.17357063293457,137.7170581817627,1.0,171.06646013259888,210.54880380630493,1.0,171.14399909973145,207.74443221092224,6.685861444566399e-05
295,175.90530705451965,202.83679163455963,1.924415300891269e-05,175.0825231075287,205.8677967786789,4.903281660517678e-05,172.76342380046844,213.44186568260193,4.5331591536523774e-05,286.3698613643646,204.91799718141556,0.0015483563765883446,173.87071621418,202.57735061645508,5.263635830488056e-05,248.92141771316528,177.42844891548157,1.0,250.97281169891357,191.11577820777893,1.0,269.6766872406006,209.6784863471985,1.0,174.73101210594177,204.33591464161873,8.42379595269449e-05,224.7735059261322,183.4875054359436,0.9999990463256836,231.32299780845642,198.19079756736755,1.0,258.291100025177,212.82557475566864,1.0,322.4972460269928,193.94204473495483,0.00023240080918185413,224.81971883773804,138.64490032196045,1.0,171.1802463531494,211.27008014917374,1.0,171.60756969451904,208.35887479782104,0.00010500296048121527
296,173.95069432258606,218.65455901622772,2.9496195566025563e-06,175.22181630134583,204.9515858888626,7.124955118342768e-06,274.33873653411865,192.65217208862305,0.0034649393055588007,278.21898317337036,206.72700119018555,0.07997164130210876,174.9902753829956,208.23439264297485,5.5486693781858776e-06,236.5194190144539,179.57280826568604,1.0,239.5554313659668,194.26599836349487,1.0,260.2686031758785,212.64341354370117,1.0,240.5888090133667,169.93731904029846,0.0007929421262815595,211.37732028961182,184.28868913650513,1.0,218.80564260482788,199.96913242340088,1.0,244.4773356616497,215.53098011016846,1.0,180.680006980896,215.10416984558105,1.1008037290594075e-05,223.77387595176697,138.77190923690796,1.0,170.8379168510437,210.68245458602905,1.0,170.21046781539917,208.12403964996338,2.334080454602372e-05
297,173.67436611652374,218.96101462841034,2.578523492502427e-07,264.2851610183716,182.01479649543762,0.00897364504635334,262.16087675094604,193.43732285499573,0.9999983310699463,268.2682972550392,210.40563452243805,0.9999998807907104,237.50726449489594,169.65043544769287,9.58226610237034e-06,224.89425420761108,178.98129177093506,1.0,227.845955401659,195.12835693359375,1.0,247.99611926078796,212.73736381530762,1.0,226.31484365463257,168.7142457962036,0.005394935142248869,198.7959864139557,184.15462017059326,1.0,206.13800430297852,201.49974489212036,1.0,230.735285282135,216.17843008041382,1.0,195.01682829856873,194.0226125717163,0.0001354354026261717,223.76460075378418,139.44440412521362,1.0,170.23267936706543,210.085280418396,1.0,275.0153506398201,219.92997830361128,5.190539013710804e-06
298,220.23866392672062,130.47713708877563,2.9729126254096627e-06,249.30520224571228,181.42047667503357,1.0,250.3480052947998,192.72334957122803,1.0,260.8076343536377,209.52845907211304,1.0,222.57314205169678,171.89354315400124,0.9983358979225159,212.19321900606155,180.4521999359131,1.0,215.25190210342407,195.50156021118164,1.0,237.79421412944794,211.3620080947876,1.0,207.33570098876953,169.01769471168518,0.9991666078567505,184.60685443878174,182.6088740825653,1.0,191.22509741783142,200.38977479934692,1.0,219.6608005464077,215.78754377365112,1.0,272.6909689903259,190.26611638069153,0.9987483024597168,221.9328498840332,138.5822410583496,1.0,173.4791247844696,206.19117259979248,1.0,273.5321650505066,223.74750208854675,4.388217712403275e-05
299,245.21097683906555,173.92881631851196,0.00018898295820690691,239.75698471069336,182.8478183746338,1.0,239.2783751487732,192.92472648620605,1.0,251.3677167892456,208.803156375885,1.0,215.20210886001587,170.18587255477905,1.0,200.76005268096924,181.4673833847046,1.0,201.645494222641,198.26282596588135,1.0,227.370680809021,213.43581008911133,1.0,194.80491888523102,168.8693027496338,0.9999994039535522,170.13765013217926,180.65905380249023,1.0,175.78896045684814,201.68428564071655,1.0,208.93557262420654,219.13474035263062,1.0,268.6954842209816,188.89985752105713,1.0,219.05918645858765,139.52362251281738,1.0,176.21143770217896,211.2021565437317,1.0,269.48706555366516,224.0275375843048,1.2578975656651892e-05
300,238.771231174469,172.53959494829178,0.01431847084313631,231.0107126235962,181.22479248046875,1.0,227.99713060515933,192.01227188110352,1.0,240.795307636261,210.68665027618408,1.0,204.9010353088379,170.65618181228638,1.0,187.26999759674072,183.32029128074646,1.0,187.92700288444757,198.39350986480713,1.0,216.32745790481567,214.8702528476715,1.0,183.90471410751343,168.52590417861938,0.9999998807907104,156.59864550828934,181.84162139892578,1.0,163.9041028022766,205.6149263381958,1.0,199.3598437309265,222.3131239414215,1.0,261.8333249092102,188.25717544555664,1.0,219.98322057724,137.3242630958557,1.0,172.49153092503548,216.96524095535278,0.6547021269798279,222.7285544872284,136.07621002197266,1.257233634532895e-06
301,228.8441470861435,173.02444410324097,0.5330247282981873,219.92373161017895,182.43510055541992,1.0,220.3015480041504,193.5283703804016,1.0,231.224835395813,210.40067720413208,1.0,194.97583639621735,173.89178943634033,1.0,175.3671360015869,187.5417947769165,1.0,179.94089152663946,200.6474266052246,1.0,207.66777348518372,216.01811504364014,1.0,170.86262583732605,173.77435624599457,1.0,146.86491632461548,187.2180814743042,1.0,152.39378261566162,208.0878119468689,1.0,191.41743183135986,224.86562728881836,1.0,249.99056768417358,187.7665867805481,1.0,220.51347160339355,137.19126224517822,1.0,169.65854382514954,222.52966976165771,0.6961222887039185,223.4523410797119,135.00522708892822,1.2749196685035713e-06
302,217.7161784172058,176.24984645843506,0.18962079286575317,208.87060594558716,186.54043626785278,1.0,206.12626910209656,197.40825271606445,1.0,221.22866308689117,212.04608821868896,1.0,184.31813430786133,178.68174123764038,1.0,164.68484103679657,194.89859867095947,1.0,168.25959157943726,207.2905569076538,1.0,200.44610118865967,222.31421661376953,1.0,161.7110161781311,181.83276903629303,1.0,138.06133890151978,197.01935386657715,1.0,144.51740264892578,216.77277660369873,1.0,184.75727319717407,233.73398303985596,1.0,239.04858350753784,190.6217851638794,1.0,219.32220458984375,137.34525156021118,1.0,166.47745728492737,224.42111563682556,0.0020638785790652037,189.61626863479614,227.66790962219238,5.277967375150183e-06
303,210.9692621231079,178.537433385849,9.654809400672093e-05,199.77034854888916,189.75102138519287,1.0,196.73055744171143,201.32824420928955,1.0,214.0543918609619,216.93695068359375,1.0,176.93536472320557,183.52859044075012,1.0,154.96706676483154,200.54593706130981,1.0,162.6997525691986,215.4118595123291,1.0,195.7353172302246,228.31334495544434,1.0,157.39078783988953,188.5247557759285,1.0,132.76052576303482,208.51733684539795,1.0,141.91707229614258,230.065655708313,1.0,184.62670421600342,242.36852073669434,1.0,233.11244320869446,191.71101188659668,1.0,219.6040120124817,136.39337348937988,1.0,164.9239683151245,237.0808608531952,6.477945134975016e-06,179.92283630371094,243.16147327423096,2.5157028176181484e-06
304,199.3926706314087,185.52058839797974,0.011192312464118004,187.18811082839966,195.2483582496643,1.0,188.79810124635696,205.6542453765869,1.0,206.83756923675537,219.62446689605713,1.0,174.0239143371582,186.65897035598755,1.0,149.8766974210739,205.56607341766357,1.0,158.8431956768036,220.34558773040771,1.0,194.2143497467041,232.4101710319519,1.0,158.88612580299377,193.70584678649902,0.9999955892562866,135.0819914340973,218.53228569030762,1.0,144.52566051483154,239.4631118774414,1.0,185.69127798080444,246.47571086883545,1.0,224.9842357635498,195.20078039169312,1.0,219.53935861587524,136.63893461227417,1.0,173.5239781141281,203.68777465820312,0.0001423201319994405,184.37125778198242,243.9938850402832,2.0865403712377883e-05
305,202.11293697357178,186.64576280117035,0.9999971389770508,186.80919981002808,197.7494773864746,1.0,187.49702548980713,210.06365871429443,1.0,203.77062611281872,224.20454788208008,1.0,179.80497694015503,183.89437413215637,1.0,149.85519528388977,205.5874948501587,1.0,154.51242542266846,226.67809629440308,1.0,196.1847145408392,237.5663719177246,1.0,162.26303958892822,196.73146057128906,0.626110315322876,136.89986515045166,222.647686958313,1.0,147.8505663871765,249.08074283599854,1.0,189.3310261964798,253.05209922790527,1.0,223.31062078475952,198.91326332092285,1.0,217.93838119506836,138.11958122253418,1.0,174.39111042022705,204.44355964660645,1.8766688754112693e-06,191.82594323158264,245.01038265228271,1.1775588973250706e-05
306,202.91704654693604,188.0357207581401,1.0,188.41392341256142,199.2903757095337,1.0,188.29609966278076,211.89082098007202,1.0,203.91887092590332,225.31706190109253,1.0,180.90212428569794,183.5442156791687,1.0,150.3533353805542,205.32496070861816,1.0,155.3477059006691,229.6417999267578,1.0,198.32454824447632,240.388521194458,1.0,160.9150414466858,197.97289299964905,0.002168230479583144,140.28887557983398,223.5399513244629,1.0,152.7359972000122,254.42397499084473,1.0,193.38737869262695,257.50238704681396,1.0,218.79966640472412,201.3662667274475,1.0,217.4144082069397,136.86228227615356,1.0,213.16976690292358,133.27699661254883,1.5655430729566433e-07,195.13917064666748,247.93044567108154,3.851037945423741e-06
307,203.3772690296173,187.81492710113525,1.0,188.4993076622486,199.34466457366943,1.0,188.9319486618042,212.15463638305664,1.0,204.33568859100342,225.9319348335266,1.0,182.1977379322052,183.23559951782227,0.9999998807907104,150.38386034965515,205.30134296417236,1.0,155.85402147471905,230.4078369140625,1.0,199.3679792881012,241.90825843811035,1.0,160.5037088394165,197.53644931316376,0.0001184628636110574,142.22035121917725,223.52103519439697,1.0,153.97283363342285,254.63866519927979,1.0,198.11227440834045,257.5491352081299,1.0,218.15065956115723,202.57892084121704,1.0,218.0677752494812,138.41354751586914,1.0,212.49788188934326,141.19123649597168,1.500261959108684e-07,198.32022285461426,246.99219703674316,8.663959306431934e-06
308,204.31198179721832,188.32988834381104,1.0,188.62710696458817,199.53317165374756,1.0,188.89762687683105,212.15847492218018,1.0,204.9436798095703,226.3028211593628,1.0,184.46662092208862,182.598384141922,0.9999995231628418,150.9001166820526,204.21642875671387,1.0,157.2108110189438,229.8512716293335,1.0,200.5067219734192,241.77346086502075,1.0,160.88822507858276,197.35582900047302,4.6570359700126573e-05,145.6683030128479,223.18005466461182,1.0,158.4460415840149,253.93402576446533,1.0,201.05011463165283,257.8101134300232,1.0,218.25216007232666,203.22655487060547,1.0,216.9309582710266,139.26413345336914,1.0,211.16970920562744,141.82141494750977,1.894827477144645e-07,198.8387689590454,257.5294704437256,1.2525062629720196e-05
309,204.62772071361542,188.8620834350586,1.0,187.6986376941204,199.7599048614502,1.0,188.41075992584229,212.48554515838623,1.0,204.11117362976074,226.34505319595337,1.0,187.40043222904205,182.45456051826477,0.9999990463256836,151.32883167266846,204.8326473236084,1.0,156.92884755134583,229.91014099121094,1.0,200.40791273117065,241.46515655517578,1.0,159.97173309326172,197.21478831768036,1.8329848899156787e-05,145.50804257392883,224.55292987823486,1.0,161.72943449020386,253.76230430603027,1.0,202.08949899673462,257.3765940666199,1.0,219.14153623580933,203.86379432678223,1.0,218.6419014930725,140.51680278778076,1.0,193.3592176437378,245.29943084716797,1.7060857260275952e-07,198.47705268859863,257.8687582015991,9.577999662724324e-06
310,204.31601482629776,188.65474700927734,1.0,187.0865222811699,199.79908752441406,1.0,188.159649848938,212.38012886047363,1.0,203.97152137756348,226.06115865707397,1.0,185.76873207092285,182.19978380203247,0.9999998807907104,150.07844972610474,204.4657621383667,1.0,157.07847607135773,230.44796562194824,1.0,200.1638388633728,241.08209896087646,1.0,159.6014699935913,198.95879936218262,1.3592778486781754e-05,146.74719667434692,224.53605461120605,1.0,163.4628590941429,253.56240940093994,1.0,203.1126470565796,256.4270248413086,1.0,218.702778339386,203.45100593566895,1.0,218.85539293289185,141.1580467224121,1.0,212.1881422996521,143.96438121795654,8.002480456070771e-08,198.17984199523926,258.4338665008545,3.8249409044510685e-06
311,203.98512188810855,188.3164005279541,1.0,184.63504219055176,199.27839469909668,1.0,186.92108154296875,211.702739238739,1.0,202.77501153945923,224.47300100326538,1.0,185.76199769973755,181.94655787944794,1.0,150.79670429229736,204.46569156646729,1.0,155.95683971047401,228.7488842010498,1.0,199.05489325523376,239.4158811569214,1.0,155.1639699935913,197.74034023284912,9.497583960182965e-06,146.65294206142426,222.6840968132019,0.999997615814209,164.9079845547676,251.08598566055298,1.0,202.32076358795166,255.59622955322266,1.0,218.1277298927307,202.87916898727417,1.0,217.74583911895752,140.58570289611816,1.0,149.57440853118896,227.05996704101562,1.34718803224132e-07,214.48532128334045,243.10315704345703,2.4447690520901233e-06
312,203.9984409213066,187.8169379234314,1.0,184.68311023712158,198.76501941680908,1.0,187.07849550247192,210.83932209014893,1.0,203.03660488128662,224.20828533172607,1.0,186.00539779663086,181.16160476207733,1.0,150.85614013671875,203.6924343109131,1.0,156.34392261505127,227.7273736000061,1.0,199.01067185401917,238.4394588470459,1.0,167.91340923309326,194.78133344650269,1.061517195921624e-05,146.49685525894165,221.7546136379242,0.9985331296920776,167.16912531852722,249.9083046913147,1.0,202.9840807914734,254.8933048248291,1.0,219.54299783706665,202.14672470092773,1.0,219.36808109283447,140.48320960998535,1.0,149.53907775878906,227.24007987976074,1.9826711650239304e-06,213.4988433122635,246.18101739883423,2.4461917291773716e-06
313,204.1642731130123,187.00716257095337,1.0,185.33838367462158,197.4542589187622,1.0,186.30736780166626,210.00141382217407,1.0,202.69236660003662,223.38595390319824,1.0,185.48664808273315,180.52006423473358,1.0,151.75087356567383,203.20458841323853,1.0,156.19513130187988,225.7547664642334,1.0,197.8040895462036,237.33284759521484,1.0,164.69788026809692,191.85198593139648,1.1500879736559e-05,146.68905878067017,220.99814039468765,0.8878441452980042,168.95429372787476,247.13412499427795,1.0,203.05996656417847,253.31181144714355,1.0,220.0057373046875,201.3105025291443,1.0,218.72723579406738,140.7111577987671,1.0,151.44175004959106,227.28083038330078,2.2827321117802057e-06,212.99264079332352,245.85912084579468,1.805950773814402e-06
314,204.91981959342957,187.16881704330444,1.0,186.00093269348145,197.21240425109863,1.0,186.15268659591675,209.90674352645874,1.0,201.9508514404297,223.44967937469482,1.0,186.28624093532562,181.2603006362915,1.0,151.2908992767334,203.93654823303223,1.0,156.56861287355423,224.29770183563232,1.0,196.82125121355057,236.7694787979126,1.0,164.59261083602905,191.14713287353516,2.414010486972984e-05,146.2976152896881,221.2095445394516,0.0028857216238975525,170.53035259246826,244.7248020172119,1.0,203.53907299041748,252.6015396118164,1.0,220.35123348236084,201.36991357803345,1.0,216.9930658340454,139.85070943832397,1.0,153.2158453464508,227.29855632781982,2.924603450082941e-06,217.44050216674805,137.34013319015503,1.628292238819995e-06
315,204.96956115961075,186.61249113082886,1.0,185.82908296585083,196.81797695159912,1.0,186.04931592941284,209.52278852462769,1.0,201.73701000213623,222.78917789459229,1.0,186.62633001804352,180.45938968658447,1.0,151.00488781929016,203.42255401611328,1.0,156.5345978140831,223.74645519256592,1.0,196.55624198913574,236.52129745483398,1.0,164.5455117225647,190.72735500335693,3.170029594912194e-05,146.2480125427246,218.81957483291626,0.0002428284933557734,172.69912725687027,244.46351432800293,1.0,203.13312768936157,252.06027221679688,1.0,220.63368034362793,201.5608720779419,1.0,218.80165195465088,139.55141687393188,1.0,153.65052270889282,225.69881534576416,9.85362248684396e-07,219.15558844804764,138.11119270324707,8.990961077870452e-07
316,205.5144546031952,187.68386888504028,1.0,185.10828161239624,198.0785617828369,1.0,185.69263219833374,210.2442569732666,1.0,201.53613376617432,223.7613821029663,1.0,187.01895904541016,181.58393001556396,1.0,150.8410975933075,203.68934679031372,1.0,157.90196812152863,224.77739143371582,1.0,196.19886302947998,236.60110759735107,1.0,165.87927770614624,191.1663055419922,9.864234016276896e-05,146.19553470611572,222.27253985404968,4.238279871060513e-05,174.00282096862793,244.76902103424072,1.0,202.67983865737915,252.04783058166504,1.0,221.82038843631744,202.0860538482666,1.0,217.63732528686523,139.8612585067749,1.0,154.17683899402618,224.32249355316162,1.0106648460350698e-06,218.10287404060364,137.41084575653076,1.162062744697323e-06
317,205.2007737159729,187.79356813430786,1.0,185.25342464447021,197.8995475769043,1.0,185.604896068573,210.29983377456665,1.0,201.03652572631836,223.4508638381958,1.0,187.3673632144928,181.05717849731445,1.0,152.05868244171143,202.76427221298218,1.0,158.12502431869507,224.0407590866089,1.0,196.21903896331787,236.15812587738037,1.0,166.25746393203735,190.59426879882812,5.4671952966600657e-05,147.690562158823,217.64288425445557,0.00013754233077634126,175.2948191165924,244.25451850891113,1.0,203.30399560928345,251.53981971740723,1.0,220.0938549041748,202.9496989250183,1.0,218.9437918663025,140.88533878326416,1.0,154.09053814411163,223.2477765083313,5.621617447104654e-07,222.23720812797546,146.66332483291626,5.473020223689673e-07
318,204.43012541532516,187.13554805517197,1.0,185.09858655929565,197.98406219482422,1.0,185.66661643981934,210.19890117645264,1.0,200.9535551071167,223.3678159713745,1.0,187.36372822523117,181.45673179626465,1.0,152.1599359512329,202.53208541870117,1.0,158.99608874320984,224.55958080291748,1.0,195.98859357833862,236.32736015319824,1.0,165.98485565185547,190.79985332489014,2.245838550152257e-05,150.0007631778717,216.55296897888184,0.0007231446215882897,176.27930116653442,244.66399955749512,1.0,202.66024684906006,251.68782949447632,1.0,220.933953166008,202.9105348587036,1.0,220.2077121734619,140.61011695861816,1.0,153.94929909706116,222.45853471755981,1.4480192476185039e-06,225.8513960838318,141.68269062042236,1.820563056753599e-06
319,206.73975086212158,187.60138607025146,1.0,185.45685863494873,197.8083257675171,1.0,185.6391282081604,210.58125162124634,1.0,201.5189814567566,223.2622787952423,1.0,188.28063333034515,181.13653182983398,1.0,151.6181342601776,201.8295111656189,1.0,158.76634621620178,224.106050491333,1.0,195.85955667495728,236.3761281967163,1.0,167.996657371521,190.5963363647461,4.388837260194123e-05,147.25235867500305,217.074125289917,4.5977682020748034e-05,176.8314986228943,244.4155616760254,1.0,202.66645336151123,251.4982032775879,1.0,221.82922232151031,203.21910429000854,1.0,218.0950231552124,140.8773078918457,1.0,154.57126355171204,221.95465469360352,4.3339446165191475e-07,218.11069631576538,137.5187349319458,1.4436606079470948e-06
320,207.6055030822754,187.1391544342041,1.0,185.73922538757324,197.97572422027588,1.0,186.2276735305786,210.05207109451294,1.0,201.8739013671875,223.80782675743103,1.0,189.35831439495087,181.38454055786133,1.0,152.57067155838013,202.6637668609619,1.0,159.3588194847107,223.92972660064697,1.0,196.6480255126953,236.53165340423584,1.0,172.79655647277832,187.01242351531982,6.763740657333983e-06,148.24659776687622,217.17639017105103,0.0002933784562628716,177.51080107688904,245.25528049468994,1.0,202.82471084594727,251.39484167099,1.0,221.9477574825287,203.7903389930725,1.0,217.93260955810547,141.2528486251831,1.0,154.27444875240326,221.86890983581543,1.0894032129726838e-06,218.89979696273804,138.5635404586792,7.559771120213554e-07
321,208.2319712638855,187.35293197631836,1.0,187.02862870693207,198.00383949279785,1.0,186.74207401275635,210.52559185028076,1.0,202.50007271766663,223.79293823242188,1.0,190.52522110939026,181.21127796173096,1.0,153.13164138793945,201.8043794631958,1.0,159.8360915184021,224.18172073364258,1.0,196.7772159576416,236.1078929901123,1.0,173.97707605361938,186.30552196502686,7.987146091181785e-06,148.62311506271362,216.80488204956055,0.010004040785133839,178.0079562664032,245.21209812164307,1.0,202.85635232925415,251.81816339492798,1.0,222.63407182693481,204.12449264526367,1.0,217.64755582809448,141.22985172271729,1.0,154.77822303771973,221.0459566116333,1.7779200334189227e-06,218.51020073890686,138.40656185150146,1.2731227343465434e-06
322,208.81762099266052,186.64834070205688,1.0,187.0884184241295,198.22278022766113,1.0,186.52204132080078,210.75980377197266,1.0,202.47851514816284,224.1069941520691,1.0,191.0745816230774,181.0286464691162,1.0,153.46400117874146,201.2644805908203,1.0,160.4730486869812,224.46303796768188,1.0,196.59424829483032,236.68350410461426,1.0,174.590322971344,185.65749788284302,2.2469654140877537e-05,149.45881497859955,217.65426445007324,0.0002660858735907823,178.17132484912872,244.92070865631104,1.0,203.6299843788147,252.3405818939209,1.0,223.0537781715393,204.55881786346436,1.0,219.38234519958496,142.23832988739014,1.0,155.0274477005005,221.0296196937561,2.3148614047840965e-07,221.95358848571777,144.77005290985107,8.27870792363683e-07
323,208.7011685371399,187.09785413742065,1.0,187.48481440544128,197.4459457397461,1.0,187.98835515975952,209.93571949005127,1.0,203.00343799591064,223.78618621826172,1.0,191.3166265487671,180.47207164764404,1.0,154.34934091567993,201.05029296875,1.0,160.81732988357544,224.36227321624756,1.0,197.57583236694336,235.82358932495117,1.0,175.1899642944336,184.29008436203003,2.4230472263297997e-05,150.14607620239258,216.8223967552185,0.004640026483684778,178.313814163208,244.56357192993164,1.0,203.77897787094116,251.76881456375122,1.0,223.0843665599823,204.267746925354,1.0,218.4937038421631,142.44129467010498,1.0,155.7672203183174,220.6418800354004,9.523745916339976e-07,218.7289481163025,139.5169792175293,6.419659825951385e-07
324,208.40221738815308,186.5360541343689,1.0,187.31143581867218,197.62278938293457,1.0,188.07299995422363,210.3775234222412,1.0,203.21115690469742,224.31075286865234,1.0,192.2449197769165,180.40893840789795,1.0,154.54065704345703,201.00897884368896,1.0,160.6625781059265,223.60030364990234,1.0,197.3802251815796,236.1875581741333,1.0,175.6415901184082,184.58055686950684,2.3716069335932843e-05,150.58785438537598,216.93102025985718,0.00846766959875822,178.04058289527893,245.029878616333,1.0,204.73046875,251.74996995925903,1.0,222.7513244152069,204.31503200531006,1.0,219.070885181427,141.61329174041748,1.0,155.65597793459892,221.29312896728516,2.622676049668371e-07,201.7719762325287,204.84766960144043,1.3587338116849423e-06
325,209.40889167785645,186.53539180755615,1.0,188.06191644072533,197.65617084503174,1.0,188.75020503997803,209.99633836746216,1.0,204.2804889678955,223.81322622299194,1.0,192.1266655921936,179.99798583984375,1.0,155.06001138687134,201.22700834274292,1.0,161.79121947288513,223.8552770614624,1.0,198.09007787704468,235.90925884246826,1.0,175.33067893981934,184.6127905845642,2.345173925277777e-05,151.3782229423523,216.58982801437378,0.04574643447995186,178.2786329984665,244.44494247436523,1.0,204.86280059814453,251.39284229278564,1.0,223.13154244422913,204.56135272979736,1.0,216.8738112449646,142.2120246887207,1.0,155.93414744734764,220.96948432922363,5.92199171478569e-07,201.8408019542694,205.05489349365234,6.526459515043825e-07
326,209.58841133117676,186.65472078323364,1.0,188.64013874530792,197.66260051727295,1.0,188.61070346832275,210.27908515930176,1.0,203.66546908020973,223.8761796951294,1.0,193.07522201538086,180.11053943634033,1.0,155.32972192764282,201.18503522872925,1.0,161.7319209575653,223.45573139190674,1.0,198.16918349266052,236.2538299560547,1.0,179.01004219055176,186.0290036201477,8.433956281805877e-06,151.0640892982483,216.29365062713623,0.07613712549209595,178.3107635974884,244.49414253234863,1.0,205.16418361663818,251.48788261413574,1.0,222.93757367134094,204.47184562683105,1.0,218.63978576660156,142.7118787765503,1.0,155.8275669813156,220.21471166610718,2.5748008170012326e-07,212.42189556360245,245.7331247329712,1.0655137430148898e-06
327,210.3110237121582,186.28654432296753,1.0,188.83149337768555,197.30812072753906,1.0,188.9049777984619,210.07671642303467,1.0,204.5166226029396,223.0597734451294,1.0,192.57553625106812,179.90259790420532,1.0,154.4131145477295,200.7420916557312,1.0,162.76503610610962,223.93389320373535,1.0,198.45833253860474,235.61259078979492,1.0,174.97582912445068,184.90558528900146,1.6150650480994955e-05,150.85431432724,216.27981519699097,0.004017997067421675,179.25112599134445,244.60587882995605,1.0,204.940167427063,251.66106414794922,1.0,223.7836263179779,204.15989875793457,1.0,219.19074535369873,141.94121551513672,1.0,156.55462431907654,219.36750602722168,6.582943683497433e-07,223.34378910064697,200.78050994873047,1.3460852414937108e-06
328,209.71031999588013,186.40642404556274,1.0,188.05924519523978,197.58414363861084,1.0,188.83417129516602,210.49030351638794,1.0,203.92385046184063,223.7380828857422,1.0,193.00635242462158,180.7032766342163,1.0,155.5025119781494,200.32910346984863,1.0,162.4315857887268,223.18621826171875,1.0,198.51813530921936,235.56553649902344,1.0,176.27054142951965,184.82303667068481,2.688381755433511e-05,151.48605251312256,215.62373638153076,0.07308174669742584,178.96861851215363,244.35224723815918,1.0,204.9555835723877,251.2967643737793,1.0,223.33734011650085,204.86598300933838,1.0,217.6586890220642,142.8415927886963,1.0,156.736592233181,219.34700775146484,2.0611179252227885e-07,223.11066150665283,200.84792757034302,3.854212081932928e-06
329,210.83305370807648,186.46387243270874,1.0,188.45003938674927,198.42916870117188,1.0,188.9572172164917,210.66734790802002,1.0,204.64858627319336,223.13578605651855,1.0,193.06665563583374,180.30391597747803,1.0,155.27563858032227,201.1163454055786,1.0,163.6438503265381,224.1874656677246,1.0,199.2296643257141,236.22755527496338,1.0,177.7347059249878,186.6013298034668,8.781774340604898e-06,151.52631187438965,215.15413808822632,0.0013246407033875585,179.06391322612762,244.7584981918335,1.0,205.65425539016724,251.92428731918335,1.0,223.7400906085968,204.80922889709473,1.0,216.15751791000366,143.19339561462402,1.0,156.43057024478912,219.1299180984497,1.804814644401631e-07,223.24721431732178,201.16250610351562,1.5041503047541482e-06
330,211.0974782705307,186.3041262626648,1.0,189.2333503961563,198.44310569763184,1.0,189.7267074584961,210.86548471450806,1.0,205.31336426734924,223.77400302886963,1.0,192.79837036132812,180.3968324661255,1.0,155.68174409866333,200.89066886901855,1.0,162.69294452667236,223.97740364074707,1.0,199.22160744667053,235.7695450782776,1.0,175.39877557754517,185.47071027755737,1.7432228560210206e-05,151.73800325393677,215.62249565124512,0.029720095917582512,179.578095048666,244.64391422271729,1.0,205.59149205684662,251.8377709388733,1.0,223.86679100990295,205.02966117858887,1.0,216.31101322174072,143.39429664611816,1.0,156.12251657247543,219.98027515411377,6.282226081566478e-07,223.77274131774902,201.20208883285522,4.3044456106144935e-06
331,210.81849908828735,186.3078751564026,1.0,188.51548546552658,198.50829124450684,1.0,189.32791233062744,210.51841115951538,1.0,204.34411031007767,223.43355751037598,1.0,192.77774238586426,180.6713991165161,1.0,155.2933292388916,200.8115940093994,1.0,162.62012922763824,223.59087657928467,1.0,198.56170201301575,235.24641370773315,1.0,178.65477466583252,186.34631299972534,1.0442751772643533e-05,151.62147045135498,216.0233931541443,0.035056523978710175,179.85128511488438,244.91379833221436,1.0,205.34654331207275,251.1839361190796,1.0,223.58679366111755,204.9018840789795,1.0,215.9301393032074,143.3316764831543,1.0,156.447702139616,219.65700435638428,5.837902676830709e-07,222.9855489730835,201.02319431304932,3.894073870469583e-06
332,211.68525099754333,185.8574733734131,1.0,189.70820891857147,198.08554649353027,1.0,190.41132926940918,210.12420225143433,1.0,205.50799322128296,223.2986650466919,1.0,193.98476791381836,180.27316093444824,1.0,156.5619192123413,201.40505838394165,1.0,163.50893381237984,223.83545875549316,1.0,199.24036622047424,235.27951097488403,1.0,178.58284091949463,186.4867238998413,1.0800324162119068e-05,151.9795970916748,216.25171422958374,0.08711065351963043,180.2617127597332,244.41368770599365,1.0,205.76253759860992,251.74930238723755,1.0,223.87946772575378,204.91226959228516,1.0,216.35993719100952,143.10931301116943,1.0,157.0164716243744,219.9935178756714,1.1250097031734185e-06,222.76691055297852,201.59502363204956,2.9057184747216525e-06
333,212.55013626813889,186.09458112716675,1.0,189.53505551815033,197.72869205474854,1.0,189.8448781967163,210.90693473815918,1.0,205.78952896595,223.4737548828125,1.0,193.5656623840332,179.77726650238037,1.0,155.99945735931396,200.80054330825806,1.0,163.14353930950165,223.8073215484619,1.0,199.8871874809265,235.46119165420532,1.0,178.5632495880127,186.16839408874512,9.009380846691784e-06,152.27531147003174,215.9590437412262,0.04760842025279999,179.96239177137613,243.96301126480103,1.0,206.15865802764893,251.49081802368164,1.0,223.6871919631958,205.47108459472656,1.0,217.2936429977417,143.63724327087402,1.0,156.61974281072617,219.74010467529297,7.384937816823367e-07,222.93366718292236,201.6663064956665,5.304980277287541e-06
334,211.56166899204254,186.0512089729309,1.0,189.4471093416214,197.9065456390381,1.0,190.34694480895996,210.26972675323486,1.0,205.76936388015747,223.2531223297119,1.0,193.15615558624268,180.06780910491943,1.0,156.28301811218262,200.8612322807312,1.0,163.28844493627548,223.32960510253906,1.0,199.77295684814453,235.15133810043335,1.0,178.6481056213379,186.1028232574463,1.4730874681845307e-05,152.79755759239197,216.06639337539673,0.08388620615005493,180.16055063903332,244.25879859924316,1.0,206.43344044685364,251.57248640060425,1.0,224.20389223098755,205.15444660186768,1.0,216.03772354125977,142.5322093963623,1.0,156.7028307914734,219.31896781921387,6.298194534792856e-07,223.6767578125,201.69868803024292,4.322026597947115e-06
335,212.7727627158165,186.08549404144287,1.0,190.43173360824585,197.9699420928955,1.0,190.67852973937988,210.31161737442017,1.0,206.19188261032104,223.74412536621094,1.0,194.37462484836578,179.9390606880188,1.0,157.05626678466797,200.82912874221802,1.0,163.96583988144994,223.50444507598877,1.0,199.92846775054932,235.39971733093262,1.0,179.10279941558838,186.79052734375,1.869847983471118e-05,152.32644963264465,216.07856369018555,0.2133960723876953,180.20131002366543,244.67275428771973,1.0,206.63378930091858,252.03120231628418,1.0,224.0717692375183,205.67955684661865,1.0,216.90077209472656,144.332537651062,1.0,157.59525060653687,219.59154891967773,6.145090196696401e-07,223.11906242370605,201.8863787651062,6.812616447859909e-06
336,212.026347277686,185.9282784461975,1.0,189.8253514766693,197.8223752975464,1.0,190.33527088165283,210.4646282196045,1.0,206.2580327987671,223.1741247177124,1.0,193.95410561561584,179.39688444137573,1.0,157.32297110557556,199.3640956878662,1.0,163.54774338006973,223.5820827484131,1.0,200.390212059021,235.252845287323,1.0,175.88467931747437,185.93826532363892,9.05756405700231e-06,152.88832306861877,215.37868285179138,0.018239039927721024,180.46653750538826,245.08033084869385,1.0,206.7735559940338,251.64825296401978,1.0,223.62064242362976,205.41232681274414,1.0,216.57178401947021,144.19540977478027,1.0,157.68246400356293,219.00225925445557,5.146293915458955e-07,222.88393592834473,202.003520488739,9.092250365938526e-06
337,211.87877755612135,185.74627780914307,1.0,189.54063975811005,197.8353042602539,1.0,190.26109313964844,210.562970161438,1.0,206.46788597106934,223.3252410888672,1.0,194.98264050483704,180.3678741455078,1.0,156.66775131225586,200.7365050315857,1.0,164.01383760757744,223.55527687072754,1.0,200.36798667907715,235.02462673187256,1.0,179.91837215423584,186.1093873977661,1.760140003170818e-05,152.5970892906189,215.7786808013916,0.08436429500579834,180.86873590946198,244.9827709197998,1.0,206.58541464805603,251.05303716659546,1.0,224.16549396514893,205.54440689086914,1.0,217.15284204483032,144.22476720809937,1.0,157.30742645263672,218.81774425506592,4.496672261211643e-07,223.52053451538086,201.47275066375732,6.460670647356892e-06
338,211.92282361537218,185.52619218826294,1.0,189.6418844461441,197.79035472869873,1.0,190.47225952148438,210.39076566696167,1.0,206.40489292144775,222.53471279144287,1.0,194.57669019699097,180.10017108917236,1.0,156.86509799957275,200.49051332473755,1.0,165.11898791790009,223.53292274475098,1.0,200.87079334259033,235.01076650619507,1.0,179.7696352005005,186.03455591201782,8.110921044135466e-06,153.53750085830688,214.9080913066864,0.05519767105579376,180.93531274795532,244.26662731170654,1.0,207.0336332321167,251.35841608047485,1.0,223.44832348823547,204.97190189361572,1.0,216.38826894760132,144.64290523529053,1.0,157.91173684597015,218.43620204925537,4.3061848487013776e-07,222.80280113220215,202.11827087402344,6.393921466951724e-06
339,211.5845723748207,185.7200608253479,1.0,189.66125392913818,197.74238872528076,1.0,190.41809368133545,210.45412635803223,1.0,206.24718761444092,222.68526458740234,1.0,193.62727880477905,180.00639820098877,1.0,156.46217250823975,200.79439973831177,1.0,164.41604867577553,223.35988807678223,1.0,200.63967990875244,234.97703886032104,1.0,179.23933029174805,186.3645830154419,2.857416575352545e-06,153.0383141040802,215.75062775611877,0.15524108707904816,180.61077052354813,244.50364685058594,1.0,207.44837093353271,251.36970853805542,1.0,223.14472246170044,204.96068954467773,1.0,215.10466837882996,143.383563041687,1.0,157.71346271038055,218.4329662322998,6.592323416043655e-07,223.17809104919434,202.00026273727417,4.4920143409399316e-06
340,212.1145619750023,185.45291805267334,1.0,189.76775896549225,197.46298694610596,1.0,190.82155895233154,210.28886556625366,1.0,206.46017241477966,223.13887691497803,1.0,194.52029395103455,180.26861667633057,1.0,157.97066819667816,199.04205703735352,1.0,164.25810876488686,222.76798057556152,1.0,200.51309442520142,234.7993197441101,1.0,179.9461727142334,186.06084394454956,5.7394750001549255e-06,153.30941939353943,214.95878505706787,0.09773745387792587,181.00071370601654,244.55536270141602,1.0,207.17025065422058,251.07520151138306,1.0,223.46069145202637,205.61525535583496,1.0,216.35467672348022,143.4971466064453,1.0,157.88570952415466,218.45872116088867,1.9926484640109265e-07,222.86091804504395,201.59745502471924,1.231262012879597e-05
341,212.34645840525627,185.32671117782593,1.0,190.57184767723083,197.87119960784912,1.0,191.4515037536621,210.67702674865723,1.0,206.955730676651,223.21585273742676,1.0,194.21837246418,180.16651058197021,1.0,158.1009397506714,199.50794529914856,1.0,165.2690862417221,222.66400051116943,1.0,200.9764199256897,235.05121278762817,1.0,178.8674716949463,187.31837511062622,4.018864274257794e-06,154.45990097522736,214.45061039924622,0.19611749053001404,181.01261472702026,244.53727626800537,1.0,207.43951296806335,251.1629090309143,1.0,222.94090819358826,205.95814895629883,1.0,214.65174913406372,143.1261911392212,1.0,158.02773094177246,218.64391613006592,5.044368549533829e-07,222.62042999267578,202.63492965698242,8.994426025310531e-06
342,212.59018045663834,185.47920989990234,1.0,190.0084249973297,198.0501308441162,1.0,191.3575677871704,211.1423578262329,1.0,206.87785983085632,223.3799467086792,1.0,195.11746853590012,180.238299369812,1.0,157.5935468673706,199.85401058197021,1.0,164.8216022849083,223.04822540283203,1.0,200.88255882263184,235.62952995300293,1.0,180.1461763381958,186.51960802078247,4.6022332753636874e-06,154.34921097755432,214.80854034423828,0.030295874923467636,181.76674437522888,245.1264295578003,1.0,208.10758256912231,251.34805631637573,1.0,223.39853930473328,206.27485847473145,1.0,214.88042759895325,143.76697540283203,1.0,157.5473164319992,219.00071334838867,2.609540388220921e-07,222.6409215927124,202.8217101097107,9.270800546801183e-06
343,212.78962469100952,185.15372705459595,1.0,190.35429000854492,197.0730857849121,1.0,191.57207107543945,210.4633870124817,1.0,207.2884657382965,223.11707878112793,1.0,195.01389676332474,179.29586029052734,1.0,158.90383291244507,199.0188808441162,1.0,165.17151165008545,222.60672187805176,1.0,201.4713683128357,235.08193349838257,1.0,179.8419952392578,186.06569623947144,7.428623575833626e-06,154.46942269802094,214.2702567577362,0.007724817376583815,181.43818938732147,244.8838768005371,1.0,208.12232780456543,251.57206630706787,1.0,224.18244409561157,206.4826307296753,1.0,216.49130153656006,143.75048160552979,1.0,198.85448455810547,229.94742107391357,1.2729474008210673e-07,222.83191204071045,202.26496124267578,1.2429880371200852e-05
344,213.05125904083252,185.4514603614807,1.0,190.8196849822998,197.48899459838867,1.0,190.9792377948761,210.90973567962646,1.0,207.81270718574524,223.11681270599365,1.0,195.75841088593006,179.84610319137573,1.0,158.10621070861816,199.14132046699524,1.0,164.92150485515594,223.14022541046143,1.0,202.15720748901367,235.41153383255005,1.0,180.25960683822632,186.16594123840332,6.193108220031718e-06,154.69667553901672,214.77689790725708,0.002543653827160597,181.91884338855743,245.39468002319336,1.0,208.62544059753418,251.1809458732605,1.0,224.278742313385,206.4254379272461,1.0,216.0036497116089,143.7578945159912,1.0,197.96573162078857,229.85200357437134,1.835981890963012e-07,222.19301986694336,202.1689372062683,1.929286736412905e-05
345,213.56710124015808,185.8069977760315,1.0,190.8488368988037,197.70006275177002,1.0,191.08972311019897,210.98061180114746,1.0,207.4751260280609,223.18867588043213,1.0,196.31318753957748,179.98856353759766,1.0,160.44138860702515,198.52427673339844,1.0,166.41815209388733,222.51512622833252,1.0,201.87520503997803,234.74956560134888,1.0,177.652117729187,185.84736013412476,1.5391065971925855e-05,155.20711469650269,214.00804042816162,0.023264441639184952,181.7157438993454,244.21630382537842,1.0,208.64716815948486,251.65021324157715,1.0,224.71130847930908,206.65838146209717,1.0,215.0049307346344,144.20925617218018,1.0,191.09908175468445,202.33351516723633,1.6221667920035543e-07,222.58535861968994,202.3595495223999,1.1749194527510554e-05
346,213.61379408836365,185.57649326324463,1.0,189.94787967205048,197.35839557647705,1.0,191.0650918483734,210.88783073425293,1.0,208.4007284641266,223.50369453430176,1.0,195.9047562777996,179.43727016448975,1.0,159.37964296340942,198.57188606262207,1.0,166.2297637462616,223.29345893859863,1.0,202.2627477645874,235.13080549240112,1.0,180.398916721344,186.16445779800415,5.327749931893777e-06,154.62012100219727,213.92869019508362,0.0013137737987563014,182.90298509597778,245.0563383102417,1.0,208.50376796722412,251.55944442749023,1.0,225.23909163475037,205.8028335571289,1.0,214.6267683506012,144.12245750427246,1.0,157.55961227416992,209.5454330444336,2.0201443362566351e-07,222.736909866333,202.43674039840698,1.695176433713641e-05
347,213.8029271364212,185.64884233474731,1.0,190.61235451698303,197.44144344329834,1.0,190.6867926120758,210.71217918395996,1.0,207.70970582962036,223.04028701782227,1.0,195.47226005792618,179.0593228340149,1.0,159.88349437713623,198.36433696746826,1.0,167.3525288105011,223.34814548492432,1.0,202.25175285339355,235.33069849014282,1.0,180.06318187713623,185.99803638458252,6.899313120811712e-06,155.2911222577095,213.98940432071686,0.0004702300939243287,183.57156085968018,244.64495754241943,1.0,209.09109354019165,251.6633906364441,1.0,224.557457447052,206.54013061523438,1.0,214.69165897369385,144.0240182876587,1.0,166.0013289451599,221.1518316268921,1.1219461271139153e-07,223.01795864105225,202.06007289886475,1.8323538824915886e-05
348,214.87290692329407,185.66465139389038,1.0,191.95357275009155,197.1297264099121,1.0,191.98168087005615,210.95076274871826,1.0,209.37641620635986,223.57170867919922,1.0,196.11069275438786,179.10123777389526,1.0,160.5647110939026,198.04368114471436,1.0,165.58108043670654,223.08827018737793,1.0,202.59347248077393,235.66709232330322,1.0,168.249285697937,190.83335638046265,9.088037586479913e-06,153.42184019088745,214.1188726425171,0.0006615048041567206,182.88840317726135,244.84981060028076,1.0,209.42394304275513,251.96252489089966,1.0,226.0065187215805,205.69708919525146,1.0,214.55498242378235,143.66912460327148,1.0,165.53660488128662,222.51819038391113,1.805687759315333e-07,222.83459949493408,202.0007061958313,1.5259880456142128e-05
349,215.03276705741882,185.40088748931885,1.0,191.85158276557922,197.15659427642822,1.0,192.23851108551025,210.84623003005981,1.0,209.40001368522644,223.81378841400146,1.0,196.36163273453712,179.25418138504028,1.0,160.697594165802,198.22254276275635,1.0,166.63650274276733,222.63233470916748,1.0,202.4669451713562,235.15793657302856,1.0,168.77576541900635,190.3619420528412,1.577308285050094e-05,153.8609757423401,213.90089797973633,0.005304370075464249,184.11550617218018,244.97502040863037,1.0,209.86669635772705,251.53750658035278,1.0,226.44440865516663,205.99830436706543,1.0,213.94056963920593,143.7032232284546,1.0,166.44121503829956,221.2137212753296,4.920913170280983e-07,222.73267459869385,202.22295379638672,3.10175892082043e-05
350,214.9527039527893,185.46333932876587,1.0,191.4753201007843,196.5981969833374,1.0,191.71528697013855,210.85963344573975,1.0,209.7411813735962,223.4722261428833,1.0,197.05806863307953,178.7744436264038,1.0,160.43933534622192,197.28406238555908,1.0,167.24633359909058,223.02119064331055,1.0,203.2407398223877,235.62369680404663,1.0,167.84272003173828,190.4013478755951,1.6569809304201044e-05,153.8192377090454,213.91181468963623,0.00015806125884409994,184.75080585479736,245.20131969451904,1.0,210.55720376968384,251.93020343780518,1.0,226.73959112167358,205.70364665985107,1.0,214.07541942596436,144.25229740142822,1.0,167.07080078125,221.39231538772583,2.6611331804815563e-07,222.92203617095947,201.51550006866455,3.2437790650874376e-05
351,214.25574493408203,185.57669687271118,1.0,191.55318212509155,197.0050811767578,1.0,191.61624908447266,210.64014720916748,1.0,209.703711271286,223.51520919799805,1.0,196.37074282765388,179.8030366897583,1.0,160.745352268219,197.79273223876953,1.0,167.72685980796814,223.37087726593018,1.0,203.30967712402344,235.21374654769897,1.0,180.6314787864685,186.86695528030396,4.438516953086946e-06,154.5553858280182,213.7476634979248,0.00383348879404366,184.49693298339844,245.2931671142578,1.0,209.91000175476074,251.18564414978027,1.0,226.11048233509064,206.03662204742432,1.0,214.91112995147705,143.43560028076172,1.0,197.94357824325562,230.06132888793945,2.8369845495035406e-07,222.17065715789795,201.87002611160278,4.7883277147775516e-05
352,215.6967282295227,186.01270723342896,1.0,192.9488081932068,197.43380069732666,1.0,191.83462929725647,210.71576499938965,1.0,209.13095998764038,223.03113842010498,1.0,197.7789602279663,178.98345470428467,1.0,162.09329652786255,197.823805809021,1.0,167.58520531654358,222.70374202728271,1.0,202.7883734703064,234.66348028182983,1.0,169.95971584320068,190.03377985954285,3.019677023985423e-05,154.79323768615723,213.23908519744873,0.009340624324977398,184.2618956565857,244.7923927307129,1.0,209.61826992034912,251.43551111221313,1.0,226.12467634677887,206.27190113067627,1.0,214.82741951942444,143.36567974090576,1.0,197.83777475357056,230.20550107955933,3.464415954113065e-07,222.45458507537842,202.19412183761597,4.302040542825125e-05
353,215.85706281661987,186.08246898651123,1.0,193.3777837753296,197.17567539215088,1.0,191.9211254119873,210.6734504699707,1.0,209.43652391433716,223.12208080291748,1.0,198.01480650901794,179.36118459701538,1.0,162.37885856628418,197.80953311920166,1.0,168.3498363494873,222.17625999450684,1.0,203.01138544082642,234.5180196762085,1.0,169.47783756256104,190.39589071273804,4.7351633838843554e-05,155.0714659690857,212.9031400680542,0.002347201108932495,184.38194608688354,243.62023067474365,1.0,209.23371362686157,251.3789086341858,1.0,226.5991803407669,206.5852451324463,1.0,214.2533028125763,143.16229629516602,1.0,198.69043254852295,229.93840169906616,2.418298663542373e-07,222.53379917144775,202.72502517700195,3.2348176318919286e-05
354,215.59062504768372,185.1308240890503,1.0,193.24637937545776,195.97371006011963,1.0,192.82231402397156,209.49581909179688,1.0,210.1286449432373,222.97640132904053,1.0,198.51848149299622,178.90140771865845,1.0,162.04851150512695,196.76858520507812,1.0,167.4450933933258,221.71613788604736,1.0,203.29336261749268,234.10325002670288,1.0,169.26201248168945,190.00994896888733,2.9897479180363007e-05,154.75182962417603,212.57468509674072,0.003409930504858494,184.45885753631592,244.03237438201904,1.0,209.70901727676392,251.38720798492432,1.0,227.53613990545273,206.27456855773926,1.0,214.60060262680054,143.31513690948486,1.0,198.49764204025269,230.0584111213684,3.195724218585383e-07,222.8328342437744,202.5901803970337,3.129536708001979e-05
355,215.06602549552917,184.97388648986816,1.0,193.59429931640625,195.33752155303955,1.0,193.12472939491272,208.97819232940674,1.0,209.90826511383057,222.6190128326416,1.0,198.69680881500244,178.84323501586914,1.0,162.87037134170532,196.83072662353516,1.0,168.62718868255615,221.7453260421753,1.0,203.98816680908203,234.2616090774536,1.0,169.2252960205078,189.93203783035278,7.255648961290717e-05,156.17305000126362,212.8941946029663,0.001987351570278406,185.27981281280518,243.80224609375,1.0,210.13203859329224,250.63630056381226,1.0,227.0701950788498,205.7038221359253,1.0,215.28673458099365,144.65127277374268,1.0,197.90321683883667,230.62643671035767,2.8735894375131465e-07,222.58498668670654,201.86849355697632,3.822980579570867e-05
356,215.99372577667236,185.3634090423584,1.0,194.34542274475098,195.29657793045044,1.0,193.16020107269287,209.11958599090576,1.0,210.1349949836731,222.3710422515869,1.0,198.83483719825745,177.83118963241577,1.0,163.66149187088013,195.78149557113647,1.0,168.72839546203613,221.1986083984375,1.0,203.64613723754883,234.04341220855713,1.0,169.34331226348877,189.5064959526062,2.0693792976089753e-05,155.8151633888483,211.1900520324707,0.0003477460704743862,184.64193534851074,242.8028221130371,1.0,209.42586660385132,250.54798698425293,1.0,227.89321341365576,205.81195735931396,1.0,215.23971724510193,143.7593173980713,1.0,170.43203997612,220.49418544769287,1.9172546217305353e-07,222.55954933166504,201.7275094985962,3.0398037779377773e-05
357,217.3311448097229,184.12102270126343,1.0,196.30579090118408,192.2086796760559,1.0,196.33804297447205,206.6422290802002,1.0,212.96733456850052,223.14890575408936,1.0,202.31391668319702,178.16685581207275,1.0,169.0482611656189,194.24786567687988,1.0,176.52662181854248,219.59945154190063,1.0,203.81618547439575,232.5854468345642,1.0,183.99388551712036,184.25451183319092,0.00012081161548849195,161.0180206298828,204.4280948638916,2.1577674488071352e-05,189.2204452753067,235.64068412780762,1.0,211.7908700108528,244.29024931788445,1.0,231.8735387325287,205.34626388549805,1.0,214.67674493789673,143.2652702331543,1.0,199.94823694229126,230.2424602508545,1.9677186173794325e-06,223.6600685119629,201.76887798309326,8.919632819015533e-06
358,218.62272787094116,184.16451358795166,1.0,201.34116125106812,191.83031153678894,1.0,201.77928471565247,206.61635971069336,1.0,218.19821310043335,225.49461793899536,1.0,208.30167436599731,180.92333829402924,0.973984956741333,174.0907702445984,195.7448649406433,1.0,180.05184268951416,217.93174648284912,1.0,208.800359249115,233.60706186294556,1.0,181.13774013519287,190.12540292739868,3.468581417109817e-05,208.15110969543457,138.67661666870117,1.1175822010045522e-06,192.97882509231567,233.04186391830444,0.9999994039535522,212.78961676359177,242.12248980998993,0.06198040768504143,235.12097930908203,204.49277877807617,1.0,215.32902884483337,143.1568431854248,1.0,183.8801817893982,219.74325942993164,2.3902348402771167e-06,214.33240938186646,204.43760299682617,6.48819650450605e-06
359,223.12867522239685,185.79051780700684,1.0,206.31128883361816,193.91187810897827,1.0,206.38128995895386,209.00487852096558,1.0,224.04141902923584,229.3086347579956,1.0,213.1186842918396,181.17626523971558,0.002377101220190525,182.11441946029663,203.39618188142776,1.0,188.77939122915268,221.70691299438477,1.0,214.6439447402954,239.5121340751648,1.0,208.72134923934937,150.0397071838379,6.455023140006233e-06,210.84049797058105,140.48386269807816,2.0617362679331563e-06,199.9819941520691,237.39033615589142,0.7368538975715637,214.2651562690735,245.87048757076263,0.00037678334047086537,240.20134353637695,206.01747035980225,1.0,217.66241836547852,145.42638444900513,1.0,211.44794464111328,147.88763761520386,2.797586148517439e-06,216.2640414237976,146.0885787010193,1.3900959174861782e-06
360,227.26991939544678,187.57620191574097,1.0,212.82493364810944,195.3175983428955,1.0,213.4335114955902,209.84832286834717,1.0,230.7928352355957,231.26781940460205,1.0,218.69570517539978,182.60329747200012,6.76045601721853e-05,190.3734245300293,206.16582012176514,1.0,195.30864852666855,224.28320121765137,1.0,219.92244243621826,240.9974822998047,1.0,196.87059593200684,198.91670322418213,5.249589776212815e-06,168.0061092376709,216.56414651870728,6.519824637507554e-06,205.45344388484955,237.244974732399,0.3379186689853668,220.1119606718421,247.98101210594177,0.06647878885269165,244.91766619682312,207.61033248901367,1.0,217.92316699028015,144.91895198822021,1.0,211.75843048095703,147.04395723342896,3.147074949083617e-06,215.85683941841125,146.4487442970276,8.743557486923237e-07
361,228.52251875400543,188.8344955444336,1.0,215.22073912620544,196.03858470916748,1.0,216.20799446105957,211.04873847961426,1.0,231.68450927734375,230.25761127471924,1.0,218.01802170276642,184.82597303390503,0.0001040299393935129,194.17070400714874,206.1706256866455,1.0,197.25722694396973,223.9061155319214,1.0,222.80673480033875,240.5929946899414,1.0,204.3968230485916,194.45734977722168,4.3918935261899605e-05,212.14882373809814,140.77292943000793,1.591827867741813e-06,206.6939616203308,236.18402917683125,0.600273609161377,221.76529800891876,247.35322880744934,0.2442454993724823,246.3115794658661,207.45179057121277,1.0,219.4086800813675,144.70781230926514,1.0,212.89488220214844,147.09180068969727,1.5819623513380066e-06,220.51087093353271,145.29404878616333,1.0272631243424257e-06
362,230.12294149398804,188.14959621429443,1.0,217.20078945159912,195.7351198196411,1.0,217.85715055465698,210.024658203125,1.0,233.343599319458,229.93344116210938,1.0,223.98109817504883,183.5604214668274,0.0012840157141909003,195.35026234388351,204.99877935647964,1.0,197.99890220165253,222.97979736328125,1.0,223.78540086746216,240.41399574279785,1.0,205.81574296951294,194.16078281402588,1.2401013918861281e-05,218.0601224899292,139.18896520137787,1.3912218719269731e-06,207.5164155960083,236.05700125172734,0.31349048018455505,221.95263397693634,246.74721240997314,0.2316959649324417,246.88502407073975,206.94554901123047,1.0,219.26234114170074,145.14606094360352,1.0,213.83659744262695,147.02941274642944,1.0866835964407073e-06,221.3485050201416,145.67309141159058,7.298435207303555e-07
363,230.4446268081665,188.25455284118652,1.0,217.68236303329468,196.13841819763184,1.0,218.13521671295166,210.22517156600952,1.0,233.37668561935425,230.0535593032837,1.0,224.0401201248169,183.8573865890503,0.0004059226776007563,195.99439309211448,206.48174357414246,1.0,198.5957429409027,223.61523818969727,1.0,224.2301664352417,240.23810482025146,1.0,205.08697366714478,194.53442287445068,6.322582339635119e-05,184.3123528957367,220.78503102064133,1.6812458625281579e-06,207.9874324798584,236.79316306114197,0.01431698352098465,222.03525733947754,246.4766173362732,0.12549567222595215,248.14612245559692,206.60124802589417,1.0,219.447380900383,145.1657190322876,1.0,213.82701301574707,147.39106559753418,1.0880711442950997e-06,221.12028980255127,146.03616380691528,8.809184350866417e-07
364,231.49437618255615,188.15736770629883,1.0,218.7043218612671,195.89164543151855,1.0,218.5546898841858,210.5693917274475,1.0,233.98454427719116,229.64019107818604,1.0,224.94144940376282,184.30819940567017,0.00026440442888997495,197.06792223453522,206.26371598243713,1.0,199.5384726524353,222.97567653656006,1.0,224.1899676322937,239.32954692840576,1.0,206.6665437221527,194.60813903808594,0.00011322509089950472,218.20605611801147,138.90759551525116,6.296140213635226e-07,208.34576892852783,236.89403343200684,6.862150621600449e-05,221.55651533603668,245.70831322669983,0.00028642365941777825,249.0472264289856,207.1436972618103,1.0,219.55289033055305,144.74143505096436,1.0,215.128080368042,143.4241509437561,3.7987126688676653e-07,221.17836475372314,145.4914050102234,8.471654382447014e-07
365,232.94917488098145,187.5165410041809,1.0,218.90549850463867,194.63752222061157,1.0,218.5929660797119,209.289794921875,1.0,234.43350267410278,229.7872724533081,1.0,225.22547435760498,181.67532098293304,0.0005266321240924299,198.15233325958252,206.12750887870789,1.0,200.71561431884766,222.77357387542725,1.0,224.4921007156372,238.81726264953613,1.0,207.39361548423767,194.78516387939453,9.596678864909336e-05,259.2492866516113,207.02872395515442,9.218239256369998e-07,208.66144800186157,236.83843100070953,3.7954741856083274e-05,222.57850456237793,245.8357925415039,3.803561776294373e-05,251.14984846115112,207.12850713729858,1.0,218.0804533958435,144.12412452697754,1.0,212.8705062866211,146.2805004119873,1.0885547681027674e-06,217.17584323883057,145.02198362350464,5.648799970003893e-07
366,232.50493049621582,187.0561981201172,1.0,219.32167863845825,194.1848645210266,1.0,219.0165205001831,209.02512407302856,1.0,234.65041160583496,229.15582942962646,1.0,226.13646745681763,183.46085619926453,0.001750569324940443,199.37555074691772,205.50570106506348,1.0,201.47992086410522,221.2773551940918,1.0,224.96079397201538,238.00911903381348,1.0,208.98796272277832,193.75863456726074,4.140582313993946e-05,188.62416172027588,216.91149234771729,2.1684425064449897e-06,209.01177549362183,235.3548418879509,3.611456122598611e-06,222.93719363212585,244.36151909828186,2.7361958927940577e-05,250.54084587097168,206.537109375,1.0,218.87433052062988,143.92814826965332,1.0,213.94720077514648,146.56416749954224,3.6054780139238574e-07,217.71336221694946,138.61819553375244,6.796431080147158e-07
367,232.68049478530884,186.25287342071533,1.0,219.49424839019775,193.69364881515503,1.0,218.98699235916138,208.3161964416504,1.0,235.10616064071655,228.9513454437256,1.0,225.8253412246704,182.76162552833557,1.4163012565404642e-05,199.49866485595703,204.98908096551895,1.0,200.73218202590942,221.11145973205566,1.0,225.18431901931763,237.67372035980225,1.0,208.39612674713135,194.5968370437622,1.837803574744612e-05,258.76188945770264,206.43822860717773,7.57802899897797e-06,208.6485471725464,235.21033269166946,3.940696842619218e-06,222.56692504882812,243.6315560042858,1.6031679479056038e-05,250.7668662071228,206.7086009979248,1.0,218.6660876274109,144.01594829559326,1.0,213.62997817993164,146.2582368850708,2.044572511294973e-06,260.39376163482666,204.63810485601425,1.5629817653461942e-06
368,233.37061405181885,186.84763431549072,1.0,220.04670810699463,194.0007767677307,1.0,220.18093490600586,209.0034041404724,1.0,235.4858365058899,228.81307125091553,1.0,227.4457607269287,183.73405480384827,0.001600785180926323,201.1536145210266,204.9900541305542,1.0,202.53350019454956,220.353684425354,1.0,226.05287790298462,237.48493576049805,1.0,210.11909008026123,194.11712265014648,2.440621392452158e-05,218.21106624603271,139.00781416893005,1.6248208112301654e-06,206.69224953651428,231.71104431152344,6.476423095591599e-07,227.33654880523682,244.0212287902832,4.204477136227069e-06,251.1126770377159,206.73886966705322,1.0,219.47315973043442,144.15927696228027,1.0,214.6049461364746,146.94443607330322,2.023492697844631e-06,224.006365776062,143.05077743530273,8.696879376657307e-07
369,235.85239970684052,186.60519087314606,1.0,221.15159606933594,193.7185525894165,1.0,221.07603287696838,209.2244324684143,1.0,236.87596559524536,229.20011520385742,1.0,227.86513710021973,181.17197847366333,0.010940536856651306,202.3733924627304,204.07805919647217,1.0,203.68310832977295,220.383939743042,1.0,226.75870299339294,236.62535762786865,1.0,210.47390174865723,194.10536289215088,9.36457308853278e-06,257.79071140289307,206.11939072608948,1.468472783017205e-05,207.65778970718384,231.54058742523193,1.2268268392290338e-06,228.0414333343506,243.44726610183716,2.3557552140118787e-06,252.67046082019806,206.39510822296143,1.0,218.63841724395752,142.2997636795044,1.0,213.95732307434082,145.87262773513794,9.600904604667448e-07,260.02872610092163,204.9089941382408,1.0115114719155827e-06
370,235.45834958553314,187.09802186489105,1.0,221.63987731933594,194.18576192855835,1.0,221.28587663173676,209.99818325042725,1.0,236.82795530557632,229.44933128356934,1.0,228.20902663469315,183.17205429077148,0.02082034759223461,203.02429294586182,203.29652172327042,1.0,205.1667125225067,220.46388912200928,1.0,227.04996180534363,236.4271945953369,1.0,210.4680051803589,194.43428421020508,3.960420144721866e-06,257.9654121398926,206.3592267036438,8.038949999900069e-06,207.0850694179535,230.56270027160645,1.0732605915109161e-06,228.36152505874634,243.25417804718018,5.805804903502576e-07,252.65527260303497,206.69752979278564,1.0,219.68056282401085,144.00501441955566,1.0,215.08548951148987,143.56062936782837,3.5282945987091807e-07,259.8862466812134,205.40736734867096,9.03697809917503e-07
371,238.34453678131104,185.81539845466614,0.9999997615814209,224.4795298576355,194.27327299118042,1.0,223.5005168914795,209.16266536712646,1.0,239.07612085342407,229.3994779586792,1.0,229.70380330085754,181.3526133298874,0.46905049681663513,204.78749465942383,202.04271364212036,1.0,206.2733690738678,219.21282291412354,1.0,227.86822855472565,235.32243299484253,1.0,210.8963508605957,148.7047243118286,3.7051888739370042e-06,258.040810585022,204.58059972524643,2.128267260559369e-05,211.3761247396469,231.42788410186768,1.757607037689013e-06,205.34572386741638,148.52230739593506,1.373097916257393e-06,255.33080101013184,205.37687587738037,1.0,219.5316915512085,143.73546314239502,1.0,213.90279388427734,146.76645517349243,8.827543069855892e-07,217.72131371498108,138.0439910888672,1.0738277751443093e-06
372,239.052166223526,186.1478589773178,0.9999997615814209,225.40708208084106,195.419584274292,1.0,224.33432722091675,210.40790700912476,1.0,240.04097080230713,229.52128410339355,1.0,230.5092010498047,180.87906765937805,0.8021033406257629,207.59921765327454,201.700532913208,1.0,209.01278734207153,219.64531421661377,1.0,228.93337285518646,235.61768436431885,1.0,209.35850191116333,149.46551132202148,6.043694611435058e-06,258.11981296539307,204.52145963907242,9.935406524164136e-06,211.6174693107605,147.5698766708374,9.719376521388767e-07,203.905034981668,148.58675575256348,1.0258993370371172e-06,256.04108333587646,205.8109998703003,1.0,218.42074918746948,143.69792938232422,1.0,212.2431344985962,146.1346559524536,1.626184939595987e-06,217.08052945137024,138.22042274475098,1.4750714854017133e-06
373,239.05499410629272,186.50094032287598,0.9999996423721313,227.40882015228271,195.35828304290771,1.0,226.70324659347534,210.6317138671875,1.0,241.78494834899902,229.87130451202393,1.0,231.81424617767334,180.66505527496338,0.0009492031531408429,209.17780923843384,200.55596256256104,1.0,211.64125728607178,219.2618236541748,1.0,230.9070019721985,235.12302577495575,0.9999974966049194,274.2711796760559,203.79866917431355,4.378339326649439e-06,258.2073745727539,204.02955131791532,6.8393383116927e-05,260.2813129425049,208.98596000671387,2.716079052333953e-06,204.6890742778778,148.9202995300293,1.8607989886731957e-06,257.9697093963623,206.0685977935791,1.0,219.39525800943375,144.03640460968018,1.0,213.17748355865479,147.04686784744263,7.4106685588049e-07,224.3219063282013,142.7987403869629,8.876049264472385e-07
374,240.55532240867615,186.19756174087524,0.999990701675415,230.34242749214172,194.9034547805786,1.0,229.28323233127594,210.90179634094238,1.0,243.1797677874565,229.84162712097168,1.0,233.50177812576294,180.88775795698166,0.0001383799099130556,211.97223801538348,200.43529605865479,1.0,213.79099011421204,219.15078496932983,1.0,230.99266481399536,235.24796456098557,0.9998273253440857,221.1249589920044,190.96239709854126,5.865420462214388e-06,258.0976314544678,203.6333495080471,3.558121534297243e-05,212.02970123291016,147.27098894119263,3.444728690737975e-06,205.45266926288605,148.3852014541626,2.603805569378892e-06,259.58519726991653,206.1158046722412,1.0,219.29228138923645,143.92074871063232,1.0,213.27113437652588,146.71273040771484,6.09688527219987e-07,217.89417028427124,138.4331760406494,1.0249889328406425e-06
375,242.22787940502167,186.75946295261383,0.999993085861206,231.4083812236786,194.75198554992676,1.0,231.18286061286926,210.23773527145386,1.0,244.78522562980652,228.97647666931152,1.0,233.90514516830444,183.35253238677979,2.2806932975072414e-05,213.36842238903046,200.09065103530884,1.0,216.64794969558716,218.98311805725098,1.0,232.42301082611084,234.87524890899658,0.9964534044265747,223.72272491455078,189.67306518554688,1.4968572031648364e-05,258.15748596191406,203.23856669664383,2.8603630198631436e-05,262.29929542541504,208.01006507873535,2.7959245016973e-06,204.87201714515686,148.05545806884766,3.994661256001564e-06,261.59621798992157,206.04973316192627,1.0,219.46239686012268,143.02258014678955,1.0,215.01892709732056,142.31420016288757,4.947721663484117e-07,217.83073902130127,138.0724606513977,1.1552174328244291e-06
376,243.23564076423645,187.79435062408447,0.9999972581863403,232.64820337295532,195.91816902160645,1.0,232.70226669311523,211.26632165908813,1.0,246.12952375411987,228.8857250213623,1.0,236.28738877177238,182.8224582672119,0.00010785809718072414,214.603524684906,200.00247812271118,1.0,217.9972767829895,219.48308277130127,1.0,233.38481616973877,234.75288426876068,0.8470555543899536,222.59406185150146,189.4217619895935,9.03915770322783e-06,258.205171585083,202.99777507781982,1.5460545910173096e-05,263.5791473388672,208.0943636894226,1.6285330275422893e-06,204.51024103164673,148.23482036590576,2.871260676329257e-06,262.6797208786011,207.1497802734375,1.0,219.5426973104477,143.47404670715332,1.0,213.34387969970703,146.38138389587402,1.2654700185521506e-06,217.6721658706665,144.63591718673706,1.1706141549439053e-06
377,244.9103781580925,186.8993911743164,0.9907625317573547,235.4209475517273,194.691969871521,1.0,235.50354480743408,210.63774633407593,1.0,248.2073655128479,229.01222133636475,1.0,237.23979234695435,183.01882457733154,3.5549742278817575e-06,216.38494443893433,199.60127663612366,1.0,220.4369134902954,218.85490083694458,1.0,236.7551350593567,234.41034066677094,0.8498351573944092,224.5799117088318,189.59058940410614,3.177708640578203e-05,276.88357400894165,206.1462652683258,7.439860382874031e-06,210.92443990707397,147.3908815383911,3.0767423595534638e-06,203.7262748479843,148.5265998840332,1.7051877421181416e-06,265.57299518585205,205.86874675750732,1.0,218.09910202026367,144.20294380187988,1.0,211.84138202667236,146.69366598129272,1.6881898545761942e-06,277.47985553741455,207.87706685066223,3.749300731215044e-06
378,245.93705070018768,187.0085892677307,0.9739762544631958,236.23051261901855,194.36528539657593,1.0,236.35694885253906,210.84382963180542,1.0,249.06240701675415,228.42041301727295,1.0,238.84225821495056,181.3204164505005,1.3006545486859977e-05,217.51630306243896,199.51576852798462,1.0,221.09055984020233,219.27464818954468,1.0,237.8034291267395,234.2818876504898,0.6460549831390381,225.05296993255615,189.48825418949127,5.0270122301299125e-05,275.7909002304077,205.47887206077576,7.262086000991985e-06,273.7563533782959,212.3080177307129,8.943694638219313e-07,205.4945923089981,148.93302249908447,1.7434988421882736e-06,267.1327266693115,205.40440559387207,1.0,219.77660708129406,144.3769130706787,1.0,215.6013684272766,143.1526825428009,8.689483479429327e-07,277.44519805908203,206.55000066757202,2.1884802663407754e-06
379,246.45339560508728,187.74588271975517,0.950371503829956,236.80302906036377,195.08640384674072,1.0,237.32471561431885,211.49928617477417,1.0,249.16801834106445,228.41572380065918,1.0,241.9071819782257,182.94500017166138,2.4314458642038517e-06,218.25120878219604,200.2443084716797,1.0,222.90338683128357,219.65484237670898,1.0,238.47230100631714,234.2211595773697,0.14157669246196747,226.22895908355713,190.52461791038513,7.368719707301352e-06,276.0882167816162,205.54022467136383,8.768326551944483e-06,211.49574279785156,148.20359230041504,2.472900860084337e-06,205.62261998653412,148.9263620376587,3.5722964639717247e-06,266.89387559890747,205.43660259246826,1.0,219.522611618042,145.05669498443604,1.0,213.87553119659424,147.71807289123535,2.4391797524003778e-06,277.02228355407715,206.72153234481812,2.3473969577025855e-06
380,245.61943769454956,188.47373765707016,0.969639241695404,235.90908527374268,195.7959499359131,1.0,237.5070390701294,212.10811614990234,1.0,249.48483324050903,227.9509801864624,1.0,221.25945496559143,165.97453594207764,1.4643269423686434e-06,219.1391773223877,200.63405561447144,0.9999998807907104,223.5828516483307,219.47253119945526,1.0,239.26170587539673,233.48562574386597,0.39038053154945374,218.43687856197357,149.80939960479736,3.6349417769088177e-06,276.2056121826172,205.51465737819672,8.99628776096506e-06,216.56064414978027,144.58363676071167,1.0607142257867963e-06,214.38172268867493,151.4362087249756,2.552793375798501e-06,268.6515794992447,206.3103904724121,1.0,220.62903594970703,145.68371772766113,1.0,216.39660024642944,144.07045030593872,1.60675949700817e-06,276.58384370803833,207.33520889282227,3.3410235573683167e-06
381,247.0725018978119,188.80425345897675,0.09629262983798981,237.27362263202667,196.1098690032959,1.0,238.83022952079773,212.26474475860596,1.0,250.12005710601807,227.34546089172363,1.0,220.70865887403488,165.68461799621582,1.532848955321242e-06,220.2421969473362,200.57854175567627,1.0,223.97062921524048,218.9988112449646,1.0,239.67973804473877,233.23555994033813,0.08918286114931107,218.68702793121338,150.3002758026123,5.255205451248912e-06,275.31525802612305,205.24882173538208,2.0522891645669006e-05,274.22516441345215,211.59773921966553,1.7200358115587733e-06,215.11441445350647,151.74185466766357,2.898641469073482e-06,270.04729652404785,205.5371494293213,1.0,221.79134559631348,146.08640384674072,1.0,216.44250631332397,147.56432247161865,1.0035939794761362e-06,222.80478239059448,146.34575843811035,4.094062660442432e-06
382,248.6069107055664,189.25231456756592,0.021411938592791557,238.87797689437866,196.5553617477417,1.0,240.5468635559082,213.1042833328247,1.0,251.20323657989502,227.75800275802612,1.0,220.5754326581955,165.6768627166748,2.029729557762039e-06,221.99456131458282,200.2474069595337,1.0,225.31495785713196,219.09907817840576,0.9999998807907104,240.71411514282227,235.7313629090786,0.00016336840053554624,219.29334580898285,149.89135837554932,7.284351795533439e-06,274.6823844909668,205.21833419799805,2.7998019504593685e-05,274.5260066986084,211.48185634613037,1.8660732621356146e-06,215.27170252799988,151.64655780792236,4.504755906964419e-06,270.70198678970337,205.8028860092163,1.0,221.2157106399536,146.72347593307495,1.0,216.71297407150269,144.75687742233276,2.182850494136801e-06,223.25667667388916,145.9662799835205,5.078246431367006e-06
383,251.05058598518372,190.3017339706421,0.1092873215675354,240.0927152633667,197.0497465133667,1.0,241.55920934677124,213.3639850616455,1.0,252.40423420071602,228.14432430267334,1.0,220.75823122262955,165.5809564590454,3.352340854689828e-06,223.64430379867554,199.30973863601685,1.0,226.50153994560242,219.9991863311734,0.9999990463256836,241.0037717819214,235.49759167432785,1.9125414837617427e-05,219.50170370936394,150.4095859527588,1.0209002539340872e-05,273.9980115890503,205.0376135110855,2.632066752994433e-05,274.9176483154297,211.1522216796875,2.1843954982614378e-06,215.88797450065613,152.12554454803467,3.2756306609371677e-06,272.706196308136,206.15852451324463,1.0,222.250337600708,146.8089737892151,1.0,216.92909288406372,148.02973461151123,2.5321862722194055e-06,223.50138998031616,146.6829490661621,4.2876195038843434e-06
384,250.3011019229889,189.57501792907715,0.03475288674235344,240.62675523757935,197.17491626739502,1.0,242.6073623895645,213.34092903137207,1.0,254.0761649608612,227.85428762435913,1.0,220.82514613866806,165.5430326461792,3.717144409165485e-06,224.20298147201538,200.24371242523193,0.9999998807907104,228.53175675868988,220.70981466770172,0.9999998807907104,215.98221588134766,148.38873672485352,5.2508021326502785e-06,219.92959132790565,150.14660930633545,1.473608790547587e-05,273.3105411529541,204.8371319770813,2.5462833946221508e-05,274.7605152130127,210.63622283935547,2.6912618977803504e-06,214.11937808990479,148.11922454833984,4.784829798154533e-06,273.0869708061218,205.5136594772339,1.0,223.19110655784607,147.22997903823853,1.0,217.99134421348572,148.17825603485107,5.857907126483042e-06,223.97555923461914,146.5480842590332,1.0816631402121857e-05
385,254.16573119163513,190.45590257644653,0.0014406279660761356,242.47824227809906,196.70030403137207,1.0,244.75100988149643,213.55694770812988,1.0,255.40027356147766,228.50909233093262,1.0,221.3103197813034,165.19330406188965,3.9377628127112985e-06,226.25508618354797,200.3331904411316,1.0,231.61338138580322,220.72413682937622,1.0,216.01937198638916,158.20834493637085,4.954936230205931e-06,237.2951271533966,189.8250093460083,9.674089233158156e-05,221.43365013599396,149.4916112422943,7.048934094200376e-06,218.21168971061707,147.32950353622437,3.1514716738456627e-06,214.587890625,148.5457353591919,3.825776275334647e-06,273.61897230148315,206.96421241760254,1.0,223.0953917503357,147.69032049179077,1.0,217.29898762702942,148.834153175354,5.393117589846952e-06,223.7518048286438,147.80537271499634,7.352924967563013e-06
386,253.55696511268616,189.01031231880188,0.0019083295483142138,244.22441194951534,196.1826057434082,1.0,245.72560691833496,212.83924007415771,1.0,257.89824295043945,227.5169539451599,1.0,221.39957320690155,165.2808895111084,4.187339072814211e-06,227.06392514705658,200.04149675369263,1.0,232.91245365142822,221.66206336021423,0.9999994039535522,215.87609004974365,157.94273841381073,6.248494173632935e-06,238.52048993110657,191.18173503875732,4.2223691707476974e-05,273.1921091079712,204.08526100218296,1.725178117339965e-05,217.84449315071106,147.1183385848999,2.5430374535062583e-06,214.55694484710693,148.39999771118164,3.791799372265814e-06,275.2478575706482,205.83209323883057,1.0,222.95054268836975,147.44810724258423,1.0,217.08617734909058,148.56393146514893,5.746030637965305e-06,224.05376505851746,147.3889455795288,1.0346417184337042e-05
387,255.3631660938263,188.8492904305458,0.007393514271825552,246.1476593017578,195.99829387664795,1.0,247.78991985321045,212.5874900817871,1.0,259.4867572784424,227.47313022613525,1.0,221.2400439977646,164.8723554611206,2.3413292637997074e-06,228.54372382164001,199.92985081672668,1.0,233.76923894882202,219.9186230301857,1.0,248.62192606925964,233.89700937271118,1.8785056454362348e-05,239.0425581932068,190.1261501312256,2.338920057809446e-05,273.40572452545166,203.86849071085453,1.2674441677518189e-05,218.69951117038727,147.51681518554688,4.442150384420529e-06,214.7125244140625,148.57112884521484,4.408236691233469e-06,276.51100647449493,205.1451644897461,1.0,223.6185371875763,147.81880140304565,1.0,217.81509065628052,148.92571449279785,5.144103397469735e-06,224.80855011940002,147.29278945922852,1.0874957297346555e-05
388,256.1818037033081,189.22852551937103,0.00036248049582354724,247.22863674163818,196.02471256256104,1.0,248.65886402130127,212.6836700439453,1.0,260.56541669368744,227.77714347839355,1.0,221.11898410320282,165.42850303649902,2.072816187137505e-06,229.7675120830536,200.32587242126465,1.0,235.06615591049194,220.72987484931946,1.0,251.67235851287842,234.997971534729,4.462031211005524e-05,221.35283935070038,150.69886302947998,1.1309885849186685e-05,222.09688353538513,149.6834011077881,1.0057919098471757e-05,218.92386543750763,147.33338260650635,6.654003300354816e-06,215.23470067977905,148.6820240020752,4.7237303988367785e-06,277.0857981443405,206.7829933166504,1.0,224.1811399459839,148.59889030456543,1.0,218.17644810676575,149.218092918396,4.637767233361956e-06,224.98229002952576,147.27391242980957,9.930281521519646e-06
389,257.2194356918335,189.0306305885315,0.001155624515376985,248.04801845550537,195.52284860610962,1.0,249.11879301071167,212.54308891296387,1.0,260.6244292855263,227.50038957595825,1.0,221.6068172454834,165.23517227172852,1.7128985518866102e-06,229.74733936786652,200.11175918579102,1.0,235.393135368824,220.2019888460636,1.0,251.78765106201172,234.66585206985474,1.3987199963594321e-05,222.10498332977295,150.6217441558838,1.4585229109798092e-05,222.93030500411987,149.68635439872742,7.90444482845487e-06,220.28154906630516,147.7046618461609,8.015990715648513e-06,216.13832712173462,148.92393493652344,7.575232302770019e-06,277.3537850379944,207.1376645565033,1.0,225.8751039505005,148.38873386383057,1.0,220.05212391912937,149.40957641601562,5.726948529627407e-06,225.9796965122223,147.78460931777954,1.2779550161212683e-05
390,258.107474565506,188.82576191425323,0.0006070095696486533,249.56350088119507,195.14989614486694,1.0,250.01503944396973,211.8125023841858,1.0,261.1494119167328,227.30468893051147,1.0,221.73064160346985,165.1508731842041,1.8261204104419448e-06,230.855051279068,200.42197132110596,1.0,235.93894350156188,220.3399076461792,1.0,250.54538822174072,233.10078859329224,0.0008869767189025879,222.06169176101685,150.38320636749268,1.6157877325895242e-05,222.31870770454407,140.88220953941345,7.200139407359529e-06,220.57727360725403,148.06069660186768,5.087748377263779e-06,216.32056593894958,149.09142684936523,7.098707101249602e-06,276.94630140066147,206.05860042572021,1.0,226.26124954223633,148.77456378936768,1.0,220.35706305503845,149.58895778656006,8.08282129582949e-06,226.6411943435669,147.80864810943604,1.3941164070274681e-05
391,257.65829849243164,188.71404999494553,5.0988975999644026e-05,248.81724739074707,195.36206436157227,1.0,249.61685800552368,212.23791885375977,1.0,260.60271149873734,227.264892578125,1.0,222.42200922966003,164.81115436553955,1.1306793794574332e-06,230.66290068626404,199.8604965209961,1.0,235.67833065986633,219.54854893684387,1.0,250.4528077840805,233.71360111236572,0.00018858192197512835,224.080162525177,150.34246730804443,1.1326886124152225e-05,224.6989607810974,149.7414083480835,8.057101695158053e-06,225.29640007019043,153.6487693786621,7.178055057011079e-06,218.40665924549103,149.89606857299805,5.212255473452387e-06,277.03437328338623,205.68569087982178,1.0,228.80272310972214,149.42697143554688,1.0,222.91717672348022,150.40311431884766,6.2968351812742185e-06,228.08117286115885,148.4302463531494,1.0297317203367129e-05
392,258.2729377746582,188.8590608239174,4.173970955889672e-05,249.39929914474487,195.54823875427246,1.0,250.66244077682495,212.38965797424316,1.0,261.812358379364,227.33507919311523,1.0,221.48279094696045,164.7013397216797,2.4915143512771465e-06,231.97802329063416,200.92350101470947,1.0,237.57052385807037,220.07154589146376,1.0,252.947039604187,235.63431537151337,0.0003494592383503914,224.13580989837646,150.48854541778564,1.4277605259849224e-05,224.52054405212402,150.3233184814453,7.40823406886193e-06,225.3290753364563,154.06528615951538,6.1369778450171e-06,218.42374897003174,150.0836000442505,6.326859420369146e-06,278.3346209526062,207.00257658958435,1.0,229.05958890914917,150.2918577194214,1.0,223.33274006843567,151.16197299957275,9.880037396214902e-06,228.09904845803976,148.5387144088745,1.5934752809698693e-05
393,259.40111017227173,189.846444606781,3.438821295276284e-05,250.26547574996948,195.8256711959839,1.0,250.77010071277618,213.38171195983887,1.0,262.3197269439697,227.55684518814087,1.0,234.0795270204544,164.2244529724121,1.9856327071465785e-06,233.19242000579834,199.81985139846802,1.0,237.98671293258667,219.81030274927616,1.0,251.29497051239014,233.4983139038086,3.3428434562665643e-06,224.96869230270386,150.73360633850098,5.002606940252008e-06,225.52512073516846,149.78348243236542,9.101489922613837e-06,227.04762744903564,153.99524545669556,6.54431778457365e-06,219.16763442754745,150.18515491485596,1.7800780369725544e-06,278.53814339637756,208.27654314041138,1.0,229.77617359161377,150.07158184051514,1.0,224.0485782623291,150.6843385696411,6.7245391619508155e-06,228.61479270458221,148.44269847869873,4.100705154996831e-06
394,258.86159467697144,189.13818383216858,1.2765857718477491e-05,250.16298961639404,195.34782552719116,1.0,250.65322268009186,212.09813404083252,1.0,262.7264609336853,226.97228527069092,1.0,233.6617820262909,164.4472532272339,1.777236661837378e-06,233.31990003585815,198.81159043312073,1.0,237.9660803079605,219.3171814084053,0.9999977350234985,253.76029300689697,235.0189284682274,0.0023031323216855526,225.10740423202515,150.56723976135254,5.725932169298176e-06,225.82048511505127,149.74335622787476,4.816566161025548e-06,227.00137090682983,153.7760157585144,5.339245035429485e-06,219.37435096502304,150.2222957611084,2.4859766654117266e-06,278.2916660308838,207.88971948623657,1.0,230.5225772857666,149.7829236984253,1.0,224.5596046447754,150.49694633483887,7.439250566676492e-06,228.86285334825516,148.35876941680908,4.946240096614929e-06
395,259.8809447288513,189.47659516334534,9.47748276303173e-07,252.02941131591797,196.2719564139843,1.0,251.03975117206573,212.51209926605225,1.0,262.5187351703644,226.7091760635376,1.0,234.44651639461517,165.04914569854736,1.4757313238078495e-06,234.57887876033783,198.67583322525024,1.0,237.94225978851318,218.6060882806778,0.9999995231628418,252.65104341506958,235.14790505170822,0.0028344790916889906,226.9579954147339,150.39912796020508,3.3498772609164007e-06,226.29408979415894,150.2910861968994,3.5900729926652275e-06,227.69939994812012,154.36056995391846,3.1270392355509102e-06,220.92055749893188,150.92854404449463,9.545550483380794e-07,278.33415389060974,208.35732889175415,1.0,231.7253077030182,150.53758335113525,1.0,226.35067749023438,151.32257080078125,5.748705007135868e-06,233.9676661491394,148.908447265625,3.920545168512035e-06
396,235.74462342262268,147.8454132080078,9.316028695138812e-07,254.65648913383484,195.28985798358917,1.0,253.8936814069748,212.17072582244873,1.0,264.531964302063,226.6100754737854,1.0,234.17681431770325,164.31306171417236,1.9309150047774892e-06,236.42431831359863,197.6641185283661,1.0,239.43507647514343,218.43205308914185,0.999998927116394,253.92856693267822,234.26614820957184,0.0008910503820516169,225.74176025390625,150.3006706237793,6.191029115143465e-06,226.08129835128784,150.07121205329895,4.147962954448303e-06,227.0501651763916,153.63198518753052,3.452348664723104e-06,220.2021003961563,150.16242504119873,2.7463165679364465e-06,279.0317904949188,208.70385193824768,0.9999997615814209,231.46865010261536,150.087797164917,1.0,225.23778295516968,150.80939102172852,8.742258614802267e-06,233.5374619960785,148.27279949188232,9.18589921639068e-06
397,235.54755875468254,168.11982250213623,6.850481213405146e-07,255.2769320011139,196.18771995604038,1.0,254.6670515537262,212.92138093709946,1.0,265.90870428085327,227.19990301132202,1.0,234.48472392559052,164.40288639068604,2.328097025383613e-06,237.56462049484253,198.70695400238037,1.0,239.46422576904297,218.88107109069824,0.9999997615814209,254.4401330947876,234.65812397003174,0.0009444674360565841,229.2070471048355,148.8656587600708,4.421233825269155e-06,226.67670726776123,150.16003918647766,3.6634787647926714e-06,227.95647430419922,153.95688724517822,3.4551949283923022e-06,228.74813026189804,152.2136936187744,1.1560341590666212e-06,279.62966799736023,209.46046233177185,0.9999957084655762,232.52783727645874,150.368745803833,1.0,226.9783911705017,151.16062259674072,3.561499624993303e-06,234.17680478096008,148.50848770141602,6.051335731172003e-06
398,234.01638555526733,167.25305843353271,5.027314955441398e-07,257.2447609901428,197.39450860023499,1.0,257.59535217285156,214.201904296875,1.0,269.1577682495117,228.96294116973877,1.0,234.31497597694397,164.1231346130371,1.965222736544092e-06,239.21473455429077,198.89411449432373,1.0,242.59943521022797,219.13158893585205,1.0,257.43884229660034,233.8785057067871,0.004012363962829113,235.37541472911835,149.81468391418457,3.752731117856456e-06,230.5430040359497,209.50750064849854,2.564814167271834e-06,226.40463209152222,158.89513492584229,1.6733694110371289e-06,230.0262315273285,153.1595582962036,1.1180011370015563e-06,279.5158486366272,210.03428101539612,0.9993834495544434,233.8085117340088,151.61565780639648,1.0,229.51340699195862,149.16789150238037,2.098872528222273e-06,235.3380080461502,149.36717891693115,6.081628725951305e-06
399,270.2876572608948,192.28269290924072,5.693820526175841e-07,257.29872941970825,197.56280755996704,1.0,257.6360287666321,213.54308211803436,1.0,270.64568734169006,226.81413567066193,1.0,234.51109087467194,164.40769290924072,3.005008920808905e-06,240.59252071380615,198.48909974098206,1.0,244.79357200860977,219.5400748550892,0.9999591112136841,258.39011669158936,233.31148529052734,0.00042283604852855206,229.83461010456085,149.04284572601318,3.7974270981067093e-06,227.0295639038086,150.55557250976562,1.9766882815019926e-06,228.60231018066406,154.29873943328857,2.0157499420747627e-06,229.45904731750488,152.41550731658936,1.239770426764153e-06,279.87476205825806,209.94565200805664,0.9943004846572876,233.61847829818726,150.52432823181152,1.0,228.48533630371094,151.5405502319336,2.185843868574011e-06,235.3491394519806,148.94147205352783,3.0442340630543185e-06
400,271.92223620414734,191.3030149936676,3.0167786462698132e-05,257.9490246772766,196.76634514331818,1.0,258.08486461639404,212.03618604317307,1.0,271.1166591644287,225.76317429542542,1.0,234.8106027841568,164.7795648574829,3.913395175914047e-06,242.3416986465454,198.0554656982422,1.0,245.75650358200073,219.07733702659607,0.9999510049819946,260.65582180023193,233.34589338302612,6.053860852262005e-05,229.75585770606995,148.87511157989502,5.590246928477427e-06,235.1242413520813,150.31707334518433,2.3036041056911927e-06,228.825758934021,153.6835150718689,2.9303716928552603e-06,229.61474120616913,152.4992437362671,1.9959495602961397e-06,280.5822434425354,209.57096338272095,0.9974794983863831,234.0398187637329,150.52708530426025,1.0,228.20232105255127,151.26598072052002,3.0258088372647762e-06,235.5688852071762,148.88690567016602,4.194736902718432e-06
401,271.8685772418976,191.05909395217896,7.262626240844838e-06,259.0512671470642,196.33609881997108,1.0,260.18141804635525,212.5009194612503,1.0,271.3264319896698,225.98748755455017,1.0,235.11081808805466,164.1692132949829,1.4929061080692918e-06,243.02658891677856,198.2440447807312,1.0,246.2579128742218,219.0252758860588,0.9998099207878113,261.03276920318604,233.2229561805725,6.811842467868701e-06,229.8541179895401,148.8122320175171,4.859507953369757e-06,227.26212072372437,150.79171586036682,2.4148378088284517e-06,228.17813110351562,154.33234548568726,1.3944417105449247e-06,229.74919247627258,152.68960094451904,1.040525603457354e-06,280.96594429016113,209.3239347934723,0.9989627599716187,233.14084577560425,151.3930320739746,1.0,229.15756595134735,149.12134838104248,2.5984450076066423e-06,234.51194274425507,149.0411205291748,7.84637359174667e-06
402,271.4102592468262,189.8532223701477,9.354399662697688e-05,260.16167210042477,195.76748847961426,1.0,260.9526672363281,211.46944522857666,1.0,270.2010307312012,225.31634044647217,1.0,235.19428861141205,164.98357486724854,1.8276814444107004e-06,243.83618414402008,198.18406105041504,1.0,246.6045699119568,218.61295986175537,0.9999014139175415,260.60809421539307,232.773419380188,7.330597327381838e-06,235.23166120052338,149.73637676239014,4.2092874537047464e-06,235.53900998830795,150.6026976108551,1.97051303985063e-06,226.85300207138062,158.7550868988037,8.42245015064691e-07,229.94471299648285,152.93504428863525,1.1971316098424722e-06,281.67808985710144,207.95286512374878,0.9991685152053833,233.8341875076294,150.95794105529785,1.0,229.41103291511536,148.2819995880127,3.1182842121779686e-06,234.9253739118576,148.78247451782227,4.537407676252769e-06
403,272.57659101486206,190.5636284351349,7.88021588959964e-06,260.96068572998047,196.6049289703369,1.0,261.2967119216919,212.04667491838336,1.0,272.3201723098755,225.39691495895386,1.0,235.11801552772522,164.8424301147461,2.634425527503481e-06,244.1948901861906,199.0137984752655,1.0,249.3373372554779,218.5317188501358,0.9998972415924072,260.4296872019768,232.31221294403076,2.9119075861672172e-06,235.66528514027596,149.8241949081421,6.166174898680765e-06,235.57799115777016,150.75793480873108,3.1469428449781844e-06,227.10067749023438,158.9581916332245,2.368383547945996e-06,230.24831104278564,153.15666484832764,1.6136866634042235e-06,281.45910477638245,208.62528657913208,0.9937792420387268,234.30186223983765,151.50651836395264,1.0,229.71393835544586,149.13281917572021,3.1887177556200186e-06,235.3669683933258,149.13007926940918,4.999645170755684e-06
404,271.2970314025879,189.65525114536285,0.00011069168249377981,260.02498551271856,196.01399898529053,1.0,260.00742386002094,211.23162895441055,1.0,271.34880018234253,224.62087488174438,1.0,234.8268382549286,164.59679985046387,2.570044216554379e-06,243.96108029410243,198.83554983139038,1.0,249.58583545684814,217.9532585144043,0.9984425902366638,225.04828786849976,161.01969003677368,6.823161697866453e-07,229.3936049938202,148.7152271270752,3.6203357467456954e-06,236.00855216011405,150.5792636871338,2.524222281863331e-06,228.7919578552246,153.92560148239136,1.0177254807786085e-06,229.85534143447876,152.6907377243042,1.4133796639725915e-06,280.68793773651123,207.89981985092163,0.9996010661125183,233.80459213256836,150.91308689117432,1.0,229.21937143802643,148.39313316345215,4.611938493326306e-06,234.83079421520233,148.60485744476318,3.4357885851932224e-06
405,272.2417001724243,190.2719020843506,3.387876131455414e-05,259.45492935180664,196.2197012156248,1.0,261.0001596212387,211.83087535202503,1.0,271.1824679374695,224.75986313819885,1.0,235.29286074638367,164.5217056274414,2.91152423415042e-06,244.7278497815132,199.03652906417847,1.0,250.04392504692078,217.82810163497925,0.9996212720870972,231.01073503494263,148.83590412139893,1.3992987533129053e-06,234.75486266613007,149.42510223388672,8.368865564989392e-06,227.35642623901367,150.775452375412,4.393405106384307e-06,228.497332572937,153.70198392868042,4.436134531715652e-06,229.71162402629852,152.42019367218018,2.214254209320643e-06,281.1127378940582,208.24103903770447,0.9977898597717285,234.18735456466675,150.42686462402344,1.0,229.93885350227356,148.33663272857666,2.4172247776732547e-06,235.56775176525116,148.829740524292,7.952259693411179e-06
406,272.64561462402344,190.3177592754364,5.314517329679802e-05,261.4063010215759,196.04824447631836,1.0,261.775230884552,211.28742915391922,1.0,271.81523084640503,224.76894283294678,0.9999998807907104,234.83959913253784,164.47731018066406,1.8531112573327846e-06,245.40569961071014,199.0438356399536,1.0,251.006378531456,217.6179313659668,0.9997661709785461,231.2314248085022,148.81218433380127,1.416938516740629e-06,235.52517426013947,149.59012603759766,1.0640805157891009e-05,235.5799830853939,150.6673719882965,3.7581251035589958e-06,230.47825241088867,148.34150791168213,1.7200455886268173e-06,230.26870703697205,153.05659198760986,1.9605577108450234e-06,282.15777921676636,208.60939812660217,0.9964041709899902,234.68679857254028,151.02972221374512,1.0,249.32052326202393,214.18451237678528,3.823952283710241e-06,235.60793867707253,148.59522914886475,6.480577667389298e-06
407,272.73886156082153,190.84953355789185,6.732952169841155e-05,262.11384415626526,197.34319972991943,1.0,262.75495195388794,211.6975965499878,1.0,273.08738565444946,224.906170129776,0.9999998807907104,235.08275038003922,164.3968391418457,3.1507806852459908e-06,245.67683053016663,199.55262804031372,1.0,251.91335129737854,218.52010476589203,0.9999909400939941,231.25639533996582,148.821795463562,1.3127369129506405e-06,235.5653691291809,149.69360256195068,8.791134860075545e-06,235.78024898469448,150.39589762687683,3.5966525047115283e-06,230.4428596496582,148.33476161956787,1.4400703776118462e-06,230.12427353858948,152.79185962677002,2.5782655939110555e-06,284.0550301335752,206.80717658996582,0.9830580353736877,234.67440462112427,150.63294792175293,1.0,229.8571765422821,148.15601348876953,4.072943738719914e-06,235.63925820589066,148.55709075927734,4.366709163150517e-06
408,272.65349292755127,189.07434558868408,0.00044913837336935103,261.1927607059479,195.8115963935852,1.0,262.10532665252686,211.56124538183212,1.0,271.7256278991699,224.49291610717773,1.0,234.84979736804962,164.5818691253662,2.2361032279150095e-06,244.87517154216766,199.4422640800476,1.0,250.93256628513336,218.34008920192719,0.999754011631012,231.58653450012207,148.8759365081787,1.0942397921098745e-06,235.5893307030201,149.5296754837036,7.278948487510206e-06,235.56205955147743,150.72195839881897,4.352490122982999e-06,227.4648027420044,159.03866171836853,1.238889922205999e-06,230.4566159248352,153.02900981903076,1.4510189885186264e-06,282.36467254161835,207.86166667938232,0.9969526529312134,234.321533203125,151.1815996170044,1.0,229.6284520626068,148.86616802215576,4.287402589397971e-06,235.38721096515656,148.8219165802002,4.5803799366694875e-06
409,272.6760153770447,189.78441846370697,9.209992276737466e-05,262.21191024780273,196.79399263858795,1.0,262.3555109500885,211.85243904590607,1.0,272.3966522216797,224.87754487991333,0.9999998807907104,235.4742096066475,164.4615297317505,2.2451545191870537e-06,245.61451303958893,198.92968463897705,1.0,251.24406683444977,218.06794035434723,0.9998995065689087,231.44037294387817,148.55046463012695,1.0202210205534357e-06,229.04161059856415,148.60195064544678,6.130461315478897e-06,233.3752224445343,154.59312617778778,3.975219442509115e-06,230.11217212677002,147.87312269210815,9.725588370201876e-07,229.99134922027588,152.24698162078857,2.0354111711640144e-06,282.8420045375824,208.29086351394653,0.9976112842559814,234.15974617004395,150.24851322174072,1.0,229.59830164909363,147.82814264297485,7.071126219670987e-06,235.5450522005558,148.1469326019287,4.417457603267394e-06
410,272.88979625701904,190.43650150299072,2.9759234166704118e-05,262.177001953125,197.01845145225525,1.0,262.18468499183655,211.81419079005718,1.0,272.031423330307,225.1220588684082,0.9999998807907104,235.4768626689911,164.68410110473633,2.109262595695327e-06,245.86401522159576,198.72858476638794,1.0,250.98436272144318,217.96702671051025,0.9985406398773193,231.41771125793457,148.85160446166992,9.793776598598924e-07,235.49796575307846,149.65762042999268,7.477410235878779e-06,235.69981190562248,150.38772821426392,6.55376697977772e-06,229.76801586151123,153.55187702178955,2.6041086584882578e-06,230.290203332901,153.08323574066162,1.425690925316303e-06,282.4820796251297,208.14716410636902,0.9990454316139221,234.57732391357422,150.62067031860352,1.0,229.51506924629211,148.5070686340332,3.7505130876525072e-06,237.22832584381104,148.37606048583984,4.102180355403107e-06
411,272.0011372566223,191.05205297470093,0.0001982794638024643,261.9451415538788,197.10793209075928,1.0,261.94370913505554,211.57599660754204,1.0,271.9153952598572,224.14721012115479,0.9999998807907104,235.77343817055225,164.61363792419434,6.599332209589193e-06,246.66993141174316,199.13969111442566,0.999998927116394,252.04844841733575,218.32003211975098,0.9770912528038025,230.16870260238647,159.63625264167786,3.168710236423067e-06,235.50213027000427,149.95452690124512,1.2720177437586244e-05,236.4297576546669,150.0264995098114,6.760708856745623e-06,234.27896785736084,153.7921314239502,3.3252315461140824e-06,230.6688597202301,153.36676597595215,3.2698628729121992e-06,282.35681533813477,209.0438950061798,0.9990116357803345,236.17067432403564,150.005934715271,1.0,231.3407289981842,148.375262260437,1.8040282157016918e-06,238.61429834365845,148.06263065338135,8.85982171894284e-06
412,272.8300886154175,190.5357003211975,6.116369331721216e-05,262.3067057132721,196.78712689876556,1.0,262.2945055961609,210.88918375968933,1.0,271.43330430984497,223.58462810516357,0.9999990463256836,236.2069721519947,164.4196605682373,7.608610303577734e-06,248.0877685546875,199.20641922950745,0.9999958276748657,253.02566826343536,217.32089948654175,0.9978973865509033,230.87180185317993,158.62622165679932,3.3586322842893424e-06,235.29083001613617,150.04509925842285,1.0921675311692525e-05,235.7798088490963,153.62849831581116,8.94048935151659e-06,231.7677764892578,147.80093717575073,2.4079020022327313e-06,231.13066625595093,152.62454223632812,3.3445271583332215e-06,282.24699664115906,208.24138808250427,0.9809163212776184,237.10025024414062,148.73373126983643,1.0,251.45689803361893,216.62243700027466,3.929033937311033e-06,238.82267570495605,147.37094688415527,7.879772965679877e-06
413,273.72283363342285,190.5600152015686,3.62875362043269e-05,262.9880521297455,196.9117716550827,1.0,263.46288681030273,211.42838776111603,1.0,273.0087926387787,223.69258952140808,0.9999986886978149,236.46925035119057,164.5564088821411,6.058819963072892e-06,248.17714929580688,199.12374639511108,0.999998927116394,255.08250331878662,217.75848770141602,0.9996627569198608,231.31287574768066,158.517911195755,5.327226517692907e-06,235.95293436199427,149.85490226745605,2.552945625211578e-05,237.0877673625946,149.77011096477509,1.3173736078897491e-05,232.71019458770752,148.02074813842773,5.3044891501485836e-06,230.80321645736694,148.30777549743652,6.351979209284764e-06,282.7652682065964,208.36085104942322,0.9687054753303528,238.26159024238586,148.48960971832275,1.0,233.04168152809143,149.94531631469727,2.6918189632851863e-06,240.0871660709381,147.17749738693237,2.0090377802262083e-05
414,274.1469054222107,191.0794870853424,1.2181633792351931e-05,264.42457151412964,197.2829543352127,1.0,265.64288306236267,211.34118562936783,0.9999998807907104,272.9523386955261,223.08703112602234,0.9999955892562866,237.13854122161865,164.1024351119995,4.203206117381342e-06,249.67962622642517,197.65095829963684,1.0,256.2004659175873,216.62727665901184,0.999842643737793,231.9516053199768,158.01478171348572,8.214766239689197e-06,236.099119015038,149.7241668701172,2.8657987058977596e-05,238.0201632976532,149.42138028144836,1.0715837561292574e-05,233.65062355995178,147.51731872558594,4.856991836277302e-06,230.5684986114502,148.287859916687,7.670866580156144e-06,282.8426798582077,207.8278112411499,0.20592062175273895,239.41212821006775,148.1606273651123,1.0,234.29855728149414,149.31191539764404,4.301442004361888e-06,240.6534743309021,146.51274490356445,2.1636216843035072e-05
415,274.3840756416321,190.37605381011963,4.4292053644312546e-05,265.14505672454834,196.44331648945808,1.0,265.828143119812,210.73048543930054,1.0,272.91909074783325,223.10940623283386,0.9999980926513672,237.9988887310028,147.9490933418274,3.84409167963895e-06,250.31035029888153,197.19840168952942,1.0,255.24762439727783,216.04690408706665,0.9999746084213257,232.4491047859192,148.31435298919678,4.8085389607877005e-06,237.06292510032654,149.78854179382324,2.998167838086374e-05,238.1688313484192,149.25298464298248,1.5981213437044062e-05,234.72905957698822,147.4187650680542,1.322296247963095e-05,231.4775562286377,148.111403465271,1.0025608389696572e-05,282.95256662368774,207.67409086227417,0.595607340335846,240.5270299911499,148.19552993774414,1.0,235.09793186187744,149.18632411956787,6.175856469781138e-06,241.54035139083862,146.69281911849976,1.7168864360428415e-05
416,274.6592082977295,189.06029844284058,2.0405406758072786e-05,266.98649775981903,195.24717581272125,1.0,266.0586453676224,209.1634554862976,0.9999996423721313,274.2774657011032,221.93586456775665,0.9999922513961792,238.2372510433197,147.88290548324585,4.921213076158892e-06,252.05277435481548,196.39838391542435,0.9999998807907104,256.0274248123169,214.87433338165283,0.9999808073043823,261.98933470249176,226.41897916793823,4.5628992666024715e-05,237.9007283449173,149.95361232757568,2.912934905907605e-05,239.08874821662903,148.5484846830368,2.604871042422019e-05,240.19737148284912,152.66730499267578,6.217026384547353e-05,232.25025367736816,148.29666137695312,1.2806499398720916e-05,284.7750411629677,205.81258141994476,0.051254741847515106,242.4768681526184,147.09910488128662,1.0,236.4407376050949,148.29731273651123,5.615885584120406e-06,242.70235133171082,146.01388931274414,1.0387516340415459e-05
417,276.5300521850586,188.59710466861725,5.012138444726588e-06,269.1108412742615,195.1664890050888,1.0,268.436275690794,208.89393019676208,0.9999984502792358,274.90071749687195,221.82770812511444,0.9998252987861633,238.58439922332764,148.28117179870605,6.937587386346422e-06,253.43519175052643,195.75627498328686,1.0,256.7604191303253,214.45452117919922,1.0,262.8773455619812,225.96591138839722,2.692289126571268e-05,237.9418981075287,149.57136154174805,2.9691060262848623e-05,248.79985427856445,208.26284313201904,4.4691980292554945e-05,237.12923741340637,146.73667812347412,2.457805021549575e-05,231.76000595092773,148.1901798248291,1.5221116882457864e-05,284.680251955986,204.14725744724274,0.0013233619974926114,243.76092052459717,146.01171016693115,1.0,255.30603957176208,213.74164867401123,1.7198279238073155e-05,243.9352515488863,145.68324422836304,9.615908311388921e-06
418,237.79277884960175,147.82835388183594,2.485995764800464e-06,270.01906514167786,194.60838747024536,0.9999985694885254,268.79383927583694,207.65533113479614,0.9999550580978394,274.73827505111694,221.4246290922165,0.9961258769035339,238.70010566711426,148.338623046875,7.11470147507498e-06,255.3215446472168,194.60350728034973,1.0,256.73074293136597,212.74132120609283,0.9999995231628418,258.51532077789307,223.87895584106445,1.806652835512068e-05,238.38096570968628,149.41951656341553,3.1481940823141485e-05,250.21608459949493,206.74488830566406,3.930819366360083e-05,237.92449247837067,146.24455308914185,5.48869174963329e-05,232.37745118141174,147.7732048034668,1.4726562767464202e-05,284.53705883026123,204.38876858353615,0.00015230508870445192,244.3592767715454,145.5588550567627,1.0,255.6670961380005,211.8710599988699,0.00013065774692222476,389.78597247600555,283.8731691390276,0.0001865584636107087
419,250.72136318683624,164.32281398773193,2.2255976546148304e-06,268.96525126695633,195.89461486041546,0.9999991655349731,268.62552696466446,209.00491285324097,0.9989585876464844,275.31482607126236,221.36923038959503,0.923214316368103,238.82378315925598,148.31497192382812,7.28701979824109e-06,256.5715284347534,194.94140946865082,0.9999086856842041,259.27916145324707,214.062885761261,0.9999289512634277,236.5664061307907,155.63905414938927,2.09706786336028e-06,238.8796591758728,149.1905813217163,2.7036874598707072e-05,240.47413969039917,139.45422786474228,2.0176357793388888e-05,372.81755578517914,282.05696654319763,0.0013905095402151346,232.5463888645172,147.79473543167114,1.2499739568738732e-05,283.95194620266557,204.90489387512207,0.00013394252164289355,245.52130222320557,145.0613374710083,1.0,260.34866854548454,210.53783309459686,0.0003995058941654861,381.06107103824615,281.0338046550751,0.011727191507816315
420,250.9837452173233,163.780779838562,3.004587370014633e-06,272.46743297576904,193.55461931228638,0.9999666213989258,270.65785551071167,205.543102145195,0.9992602467536926,276.49432080984116,219.63836646080017,0.4949645698070526,238.66429495811462,148.44670295715332,6.0360971474437974e-06,257.9611818790436,192.95874333381653,1.0,258.70542311668396,211.0902572274208,0.999998927116394,263.28143787384033,223.00675201416016,1.0800426935020369e-05,238.40070748329163,149.1394739151001,2.0708897864096798e-05,253.18224322795868,204.67822510004044,4.860905391979031e-05,364.6965118050575,283.2455642223358,0.013227761723101139,375.8255262374878,279.19471073150635,8.014270133571699e-05,374.04586029052734,275.87181758880615,6.423704235203331e-06,244.69514268636703,144.56866836547852,1.0,261.10360872745514,210.16908514499664,0.003151353681460023,382.3201606273651,277.97745978832245,0.8502092361450195
421,238.50483345985413,146.96537733078003,3.5852995097229723e-06,270.55221009254456,193.5133922100067,0.9994564652442932,268.810335457325,204.54199236631393,0.7630615234375,275.81358844041824,217.79746007919312,0.4147055745124817,238.88627433776855,147.57061004638672,1.4723415915796068e-05,260.1956832110882,192.30574750900269,0.9994885921478271,260.0807659178972,210.86825156211853,0.6774351596832275,266.24523770809174,221.31794810295105,6.363802640407812e-06,239.14087891578674,147.87713050842285,4.006014205515385e-05,240.8740062713623,139.18643027544022,3.974347055191174e-05,364.5243017077446,275.9615607634187,0.0001914165186462924,233.2039601802826,147.7096586227417,2.938453144452069e-05,248.22681522369385,145.53175926208496,1.5021524632174987e-05,246.02514481544495,143.9328317642212,1.0,262.42819571495056,206.32760000228882,0.060682669281959534,382.00417590141296,276.3064160645008,0.9842393398284912
422,251.0383814573288,163.1616415977478,3.995899533038028e-06,273.522807598114,194.13205361366272,0.9931493401527405,271.7242181301117,205.14101541042328,0.8117290139198303,277.41588282585144,218.67920184135437,0.015793802216649055,238.2999165058136,147.93466520309448,7.148762961151078e-06,260.2829581797123,192.95939707756042,0.9999997615814209,261.34839367866516,211.7525518834591,0.9999723434448242,268.01856275834143,222.0723340511322,5.137906555319205e-06,238.8379373550415,147.91750955581665,1.846489067247603e-05,240.6728253364563,138.15255451202393,3.262676182202995e-05,239.50013709068298,145.36488914489746,0.00013470590056385845,232.91718316078186,147.51234912872314,1.0757224117696751e-05,248.46547508239746,145.0935935974121,1.1432926839916036e-05,246.26154971122742,143.4571361541748,1.0,262.790812253952,208.73162293434143,0.0011008123401552439,381.11371207237244,273.7920835018158,0.16296349465847015
423,250.44053161144257,162.55827856063843,1.0253368600388058e-05,274.5653591156006,193.85072779655457,0.8744041919708252,272.9397015571594,204.2893005311489,0.4720008075237274,277.7954407930374,219.01278978586197,0.0005190225783735514,238.65250420570374,147.6780776977539,1.2662614608416334e-05,261.1584907770157,192.71201181411743,0.9999996423721313,262.13384532928467,210.72664439678192,0.9999815225601196,237.83805119991302,153.44042587280273,8.638036888442002e-06,238.46480798721313,147.6431393623352,2.725695048866328e-05,240.53251314163208,138.20725798606873,2.074518852168694e-05,239.55551433563232,145.13048124313354,4.77063913422171e-05,232.73048543930054,147.51388692855835,1.7851181837613694e-05,248.4113426208496,144.58728075027466,9.430362297280226e-06,245.5869812965393,142.82538223266602,1.0,263.7355725765228,207.66633415222168,0.00015057959535624832,381.8785139322281,273.5835151672363,0.0010022211354225874
424,250.0345914363861,162.76598596572876,3.6799785902985604e-06,273.3100690841675,194.98037433624268,0.33618131279945374,271.2184989452362,204.76165521144867,0.011978693306446075,276.0921601951122,218.64189875125885,0.0002049326285487041,238.55637168884277,147.85880088806152,7.219790404633386e-06,262.0122301578522,192.68392944335938,0.9999024868011475,265.049818277359,210.40881669521332,0.6055580377578735,237.74646735191345,153.82886838912964,4.323840585129801e-06,238.62807631492615,147.79309606552124,2.0085437427042052e-05,240.3515830039978,138.00851786136627,2.901750849559903e-05,239.46483182907104,145.22598791122437,7.321468729060143e-05,232.77066469192505,147.64695024490356,9.7707179520512e-06,248.5571804046631,144.94123029708862,7.225603894767119e-06,245.6256561279297,143.11780261993408,1.0,266.1799659729004,208.61311435699463,0.0001084823306882754,383.4592742919922,275.7845494747162,0.11223731935024261
425,250.4405003786087,149.6403932571411,3.1457605018658796e-06,272.2309498786926,196.08981627225876,0.08833090215921402,270.5178232192993,205.19556140899658,0.0008970304043032229,273.81494998931885,219.36377024650574,4.315992100600852e-06,237.79848766326904,148.0284423828125,1.0500000826141331e-05,263.23529028892517,193.87262344360352,0.9218994975090027,267.04938888549805,211.1393188238144,0.02687404491007328,237.51730263233185,152.40775203704834,5.195065568841528e-06,237.79820120334625,147.2316188812256,1.8618246031110175e-05,240.42408418655396,137.47742176055908,2.7163636332261376e-05,239.28438305854797,144.73944520950317,6.46235712338239e-05,231.75829410552979,146.91820669174194,1.1857660865643993e-05,248.06823539733887,143.23470878601074,1.1027223081327975e-05,245.62614405155182,141.41878128051758,1.0,268.4813030362129,208.1121346950531,0.00016798189608380198,382.2744414806366,275.6580354273319,0.0006492370739579201
426,250.5057750940323,161.454017162323,7.449587428709492e-06,273.9869918823242,196.31764516234398,0.0062159085646271706,272.3211975097656,205.4194563627243,8.379075734410435e-05,251.34642320871353,153.86432147026062,4.680368419940351e-06,250.87986660003662,160.985746383667,7.618026302225189e-06,265.0087833404541,193.79871106147766,0.9995087385177612,268.45635932683945,211.48680597543716,0.8172109127044678,246.3616428375244,152.07260704040527,1.109226741391467e-05,239.41737914085388,146.99211168289185,2.2146463379613124e-05,240.78183889389038,138.22200226783752,9.159360342891887e-05,240.1187243461609,144.780179977417,0.0003291501780040562,233.3447301387787,147.52030658721924,1.162778335128678e-05,248.17702770233154,143.944917678833,2.9246257327031344e-05,246.71142101287842,142.39471817016602,1.0,268.3307617008686,209.99506068229675,7.746316259726882e-05,384.7182660102844,276.34666761755943,3.435818507568911e-05
427,249.84779906272888,149.2329969406128,4.7633629947085865e-06,274.1447720527649,196.56612956523895,0.0002733677683863789,272.41264390945435,205.17486095428467,1.271307064598659e-05,237.0622820854187,140.33375909924507,1.974726728803944e-06,237.44024860858917,148.02584838867188,9.251907613361254e-06,265.93664598464966,193.7259602546692,0.9114876985549927,269.64219784736633,209.87375211715698,0.035385861992836,236.17942978441715,151.75556445121765,5.672212409990607e-06,236.53917026519775,147.22673225402832,1.5609004549332894e-05,239.86443662643433,137.21632862091064,8.973289368441328e-06,238.4666666984558,144.4966230392456,1.0670192750694696e-05,230.470468044281,146.86947202682495,5.245261490927078e-06,247.2694854736328,142.14948105812073,5.9006251831306145e-06,244.2967700958252,140.6885585784912,1.0,270.86118030548096,207.65749168395996,5.425385097623803e-06,385.01521253585815,276.1864597797394,0.00015406266902573407
428,249.01898097991943,150.16866397857666,4.678583536588121e-06,239.81086897850037,141.6047818660736,3.7139734558877535e-06,244.89489030838013,134.9669213294983,8.463179256068543e-06,237.9626121520996,139.93376305699348,1.970434141185251e-06,237.2938631772995,147.35220384597778,7.824225576769095e-06,274.6430082321167,197.96203649044037,5.05096249980852e-06,237.2533358335495,143.95384645462036,6.584326456504641e-06,236.87252670526505,150.23786401748657,5.510752998816315e-06,241.87725591659546,135.11682224273682,1.2858498848800082e-05,240.02354955673218,136.3748755455017,9.396643690706696e-06,239.04814505577087,143.35494995117188,1.3437994311971124e-05,234.34790742397308,148.5781871676445,3.804705784204998e-06,243.12454271316528,140.5116949081421,1.6213707567658275e-05,244.8333911895752,138.40971422195435,1.0,237.113849401474,141.10049438476562,3.6840308439423097e-06,385.206937789917,277.0210715532303,0.0009257503552362323
429,248.4207055568695,149.1992826461792,1.89546262845397e-05,237.97943806648254,127.90399527549744,3.1637518986826763e-06,244.63166522979736,134.37029361724854,9.73075111687649e-06,237.93896114826202,140.3414068222046,4.533194896794157e-06,237.27906966209412,147.64042234420776,7.3243077167717274e-06,243.22853952646255,135.7322154045105,7.32906187295157e-07,236.69688951969147,144.2251172065735,6.759767529729288e-06,231.67555379867554,144.7125325202942,9.28582448977977e-06,239.83494305610657,135.1812686920166,1.40320244099712e-05,239.91050457954407,134.780681848526,6.202949862199603e-06,238.153573513031,142.68237829208374,2.8882300284749363e-06,234.32404565811157,136.03937911987305,2.8618130727409152e-06,242.91606378555298,138.8091425895691,4.825831183552509e-06,243.2200604081154,137.00674057006836,1.0,236.10389467328787,140.06381797790527,1.0950094292638823e-05,385.5342893600464,277.3555647134781,0.0006832887302152812
430,248.38169121742249,149.26270008087158,2.3769121980876662e-05,239.2409348487854,141.4660723209381,4.02618752559647e-06,244.45842027664185,134.1056513786316,7.120478585420642e-06,238.25863432884216,139.88032028079033,3.0434214295382844e-06,236.68977361917496,147.35669660568237,1.3081156794214621e-05,275.5098385810852,197.5628868341446,1.9627932488219813e-05,236.57445043325424,144.50039863586426,5.59417776457849e-06,231.2206768989563,144.3701524734497,4.414888735482236e-06,239.58757853507996,135.70558834075928,1.2026529475406278e-05,240.18976497650146,134.73917841911316,5.773737029812764e-06,240.46387195587158,140.34519535303116,1.944836867551203e-06,228.50435161590576,145.87168073654175,2.7947914986725664e-06,242.47512578964233,138.3540234565735,6.971471975703025e-06,242.73018503189087,136.9029884338379,1.0,235.69379714131355,139.62467336654663,4.949793037667405e-06,388.21348613500595,281.01366782188416,0.0021729005966335535
431,247.75308275222778,148.7215232849121,3.0693943699589e-05,238.73653721809387,141.54642581939697,6.546165423060302e-06,243.97675800323486,133.61583745479584,8.80933839653153e-06,238.2724597454071,139.9398019053042,3.29036492985324e-06,236.33198422193527,147.2662844657898,1.9512501239660196e-05,242.25322425365448,135.68472409248352,9.479878144702525e-07,236.1047534197569,144.56449031829834,6.684322215733118e-06,231.19730758666992,144.1393551826477,5.600701115326956e-06,238.91130447387695,135.4841537475586,2.967313957924489e-05,239.74344658851624,134.40957736968994,9.907399544317741e-06,239.66044330596924,140.1457636654377,2.134648866558564e-06,233.72090196609497,135.65748119354248,6.325495633063838e-06,241.56131887435913,138.39342403411865,8.577316293667536e-06,241.71126127243042,137.0111207962036,1.0,236.6676658987999,137.12593269348145,8.61096032167552e-06,389.04536521434784,282.57362389564514,0.0011180572910234332
432,247.92127323150635,148.89533519744873,2.775776738417335e-05,237.17937076091766,127.97996544837952,5.9646258705470245e-06,244.0267038345337,133.59264957904816,8.845874617691152e-06,237.69488263130188,140.34533965587616,3.145730488540721e-06,236.4016748070717,147.19333505630493,1.3536079677578527e-05,396.3320000767708,284.0926307886839,8.157528554875171e-07,235.75429336726665,145.16360235214233,4.861987690674141e-06,230.66077184677124,144.7298822402954,6.615375241381116e-06,239.4655637741089,135.31657791137695,2.6853173039853573e-05,239.67598390579224,134.68569612503052,7.391974122583633e-06,236.07207103073597,135.5892105102539,2.6093862288689706e-06,234.12437653541565,135.76321697235107,4.589032869262155e-06,241.22018432617188,139.20511865615845,7.1992330958892126e-06,241.74492287635803,137.4043083190918,1.0,236.92540788650513,137.13001251220703,1.1471743164293002e-05,391.2911138534546,283.6705724000931,0.17018772661685944
433,248.21143794059753,148.73398971557617,1.619732574908994e-05,239.06916618347168,141.71733045578003,3.834019935311517e-06,244.37836694717407,133.73744070529938,8.355213140021078e-06,392.9353623390198,281.0350253582001,1.7227497664862312e-05,236.50493520498276,147.51086282730103,1.3916934221924748e-05,396.11928640305996,282.99904203414917,6.655558081547497e-06,236.45066484808922,144.69798469543457,7.250494491017889e-06,231.04364824295044,144.34074211120605,6.390221187757561e-06,239.30720138549805,135.64440822601318,1.5039285244711209e-05,239.62487626075745,134.57418394088745,7.541592822235543e-06,236.98837810754776,142.19451093673706,3.53634618477372e-06,232.00935864448547,147.5741662979126,7.937508598843124e-06,241.64069986343384,138.61543321609497,7.371369520114968e-06,241.8455080986023,137.16707801818848,1.0,237.27608561515808,137.10809516906738,5.488724582392024e-06,390.167671918869,283.6513207256794,0.3596594035625458
434,247.51476669311523,148.93492317199707,2.5388782887603156e-05,238.53765416145325,141.50949156284332,3.669832494779257e-06,243.92365741729736,133.57641100883484,9.244049579137936e-06,238.1605794429779,140.275287181139,3.2818782074173214e-06,236.06124144792557,147.34947443008423,1.4827263839833904e-05,247.97360801696777,146.41059494018555,6.41105714294099e-07,236.0619242116809,144.8688988685608,5.095133928989526e-06,230.90932416915894,144.42539596557617,5.886400231247535e-06,238.87628841400146,135.3414134979248,1.3369669431995135e-05,239.75098323822021,134.32498693466187,5.089140813652193e-06,239.5037326812744,139.97605070658028,2.885562253140961e-06,228.11016368865967,146.00787925720215,2.6946702291752445e-06,241.54209280014038,138.21306371688843,5.507317382580368e-06,241.5839307308197,136.70584964752197,1.0,234.83237218856812,139.7527575492859,5.7830607147479896e-06,389.84229028224945,286.22179651260376,0.0005175540572963655
435,247.82229280471802,148.5902805328369,2.1601066691800952e-05,238.72103095054626,141.61730420589447,6.11723316978896e-06,243.9104986190796,133.78680515289307,7.217284746730002e-06,237.71158230304718,140.156592592597,4.449022526387125e-06,236.12743490934372,147.12572479248047,2.0453569959499873e-05,396.76257264614105,284.32611775398254,3.9814449337427504e-06,235.9470520503819,145.19436073303223,9.589872206561267e-06,230.7920503616333,144.89479684829712,8.278200766653754e-06,239.38137435913086,135.58142948150635,1.808299020922277e-05,239.41156005859375,134.68902969360352,7.165382612583926e-06,239.542986869812,140.2999188899994,2.999794560309965e-06,231.6788444519043,148.27929186820984,4.413549959281227e-06,241.13273859024048,138.7666893005371,7.674788321310189e-06,241.42338705062866,137.46658420562744,1.0,234.25462818145752,139.99936532974243,8.876389983925037e-06,389.85348880290985,287.19022369384766,0.08186384290456772
436,248.38929176330566,148.43378162384033,2.366584521951154e-05,238.87104439735413,141.909193277359,9.591629350325093e-06,244.33112859725952,133.89403462409973,8.442164471489377e-06,237.53059780597687,140.70155131816864,3.512884177325759e-06,236.43530929088593,146.99637460708618,2.0659701476688497e-05,242.34698247909546,135.38172435760498,1.6864986491782474e-06,235.83049273490906,145.5933427810669,7.588493190269219e-06,231.0303521156311,145.67086267471313,6.804447366448585e-06,239.7469379901886,135.46119594573975,2.3729326130705886e-05,239.55131816864014,135.32924032211304,9.959891031030566e-06,236.5327751636505,143.95051884651184,2.0739967112604063e-06,232.3480100631714,149.44821727275848,4.902078671875643e-06,331.4644048213959,216.1769094467163,8.721008271095343e-06,241.58731985092163,138.669677734375,1.0,234.33166980743408,141.4013214111328,6.709453373332508e-06,392.51186990737915,289.17710518836975,0.0037704273127019405
437,247.93639183044434,148.77132320404053,2.2282300051301718e-05,238.74383974075317,141.5510172843933,5.1376518968027085e-06,244.19553756713867,133.81232690811157,8.740333214518614e-06,238.05055284500122,140.30041328072548,2.7476523882796755e-06,236.16815082728863,147.5725383758545,1.3745240721618757e-05,396.55480897426605,284.5459335446358,7.165566330513684e-06,235.99886150402017,145.04599237442017,5.535076070373179e-06,230.8837161064148,145.003493309021,5.573930593527621e-06,239.11066031455994,135.4853115081787,1.713201345410198e-05,239.84145879745483,134.7195918560028,4.64807044409099e-06,236.98693245649338,142.78162240982056,1.9317235455673654e-06,228.47673559188843,146.80702114105225,3.4032980238407617e-06,332.07464373856783,217.03786206245422,4.314168472774327e-05,241.7531225681305,137.79684925079346,1.0,234.74355685710907,140.5360107421875,6.598816526093287e-06,389.9723972082138,287.90049934387207,0.007346914615482092
438,248.73602843284607,149.27603435516357,1.703195994195994e-05,239.1839461326599,141.68396186828613,6.3155557654681616e-06,244.54915475845337,134.59310913085938,1.4171982911648229e-05,394.50378799438477,282.67393136024475,3.8074822441558354e-06,236.57606500387192,147.76900815963745,9.627571671444457e-06,397.26719081401825,283.40511959791183,1.562291436130181e-05,395.37785118818283,285.4004501104355,6.812492301833117e-06,235.9760983288288,150.4785511493683,6.607040177186718e-06,240.951162815094,135.28932189941406,1.479854472563602e-05,239.91778588294983,135.42709827423096,4.76314926345367e-06,238.0427258014679,143.57899808883667,3.2113491670315852e-06,392.56541991233826,284.20806416869164,5.010159839002881e-06,242.8071746826172,140.29404735565186,5.379664344218327e-06,243.49462842941284,138.60941553115845,1.0,235.90684308856726,141.74108028411865,8.463033736916259e-06,393.8816828727722,290.0850707292557,0.4411882162094116
439,395.31651920080185,283.65829333662987,1.8924425603472628e-05,395.7486597597599,281.4136610031128,1.5470694052055478e-05,245.22791624069214,135.4221694469452,1.0077141268993728e-05,394.16271710395813,282.6042809486389,9.643859084462747e-05,394.4403884410858,284.45531314611435,5.623041943181306e-05,397.3465770483017,283.72335943579674,4.443826401256956e-05,395.0935109257698,284.5168608427048,3.742917033378035e-05,235.93215410411358,151.36938095092773,1.035139212035574e-05,396.609634578228,283.1274970769882,8.629985677544028e-05,395.1804433465004,284.45883429050446,1.926572986121755e-05,238.24056601524353,144.39005422592163,6.763823876099195e-06,391.4332947731018,284.45900493860245,2.9825288947904482e-05,332.49070715904236,217.30597043037415,1.422780223947484e-05,243.7946538925171,140.3118600845337,1.0,235.9484200924635,142.93237018585205,2.7243365821050247e-06,390.47046971321106,288.200323343277,0.7161092758178711
440,396.49466702342033,283.16663694381714,7.253883813973516e-05,395.8342037051916,280.29909563064575,5.3060855861986056e-05,250.40796220302582,143.43755674362183,1.0642295819707215e-05,394.6907916069031,283.2632656097412,0.0001486798864789307,394.31552743911743,283.5852094888687,0.00020527133892755955,397.0352957248688,282.558256149292,0.00035697472048923373,395.7156799733639,284.27342119812965,0.00061027955962345,392.69502997398376,280.76967453956604,8.526343663106672e-06,396.21616980433464,282.12950527668,0.0002874021010939032,394.8847860097885,284.3043996691704,7.82254574005492e-05,392.36631298065186,286.3717257976532,4.848577009397559e-05,392.57801389694214,285.0162229537964,0.0001430148840881884,393.28981351852417,280.88818430900574,4.522963718045503e-05,246.0533058643341,142.38376331329346,1.0,395.08729219436646,292.7032279968262,7.552373517683009e-06,395.28892546892166,289.0245487689972,0.9907140731811523
441,248.63203859329224,162.8413987159729,1.0530476174608339e-05,239.61203241348267,142.24796438217163,2.3266644348041154e-05,239.02535343170166,144.4020619392395,8.300659828819335e-06,395.0334097146988,282.13264310359955,5.8689623983809724e-05,393.88340306282043,283.4160016179085,4.035061283502728e-05,397.1703851222992,282.943719625473,5.8568188251229e-05,395.17828702926636,284.33960115909576,8.15082821645774e-05,237.1801277399063,153.6055965423584,1.4138584447209723e-05,396.3212258517742,282.2806670665741,4.1489536670269445e-05,395.32299530506134,283.90249855816364,1.9259190594311804e-05,240.0989203453064,146.03869438171387,1.5672158042434603e-05,391.96303510665894,284.36501413583755,2.0019231669721194e-05,333.48204362392426,217.75503826141357,7.181692126323469e-06,246.16979217529297,142.75019931793213,1.0,240.8749451637268,144.8617091178894,5.5209848142112605e-06,389.4315947294235,287.8200044631958,0.9702883958816528
442,396.4789406657219,283.2274925708771,4.0662689571036026e-05,395.7166780233383,293.9460425376892,4.639451071852818e-05,250.6265480518341,144.49345207214355,8.539559530618135e-06,394.6887518167496,283.36144131422043,4.1755516576813534e-05,393.0363960266113,283.12915885448456,0.0001209574329550378,396.5964888930321,283.9788991827518,0.00022307876497507095,395.6068552136421,284.56639128923416,8.033437916310504e-05,237.50791609287262,154.67230486869812,7.775252015562728e-06,395.3872752189636,282.9934329986572,0.00011683218326652423,394.03724229335785,296.24427795410156,5.187062924960628e-05,391.46280336380005,296.8560621738434,1.4700422070745844e-05,392.0151176452637,284.6394730210304,5.1260922191431746e-05,391.761372089386,291.8502082824707,3.027722232218366e-05,247.77918457984924,144.9355697631836,1.0,394.66454434394836,295.39156913757324,3.990975164924748e-05,389.77814972400665,290.0988121032715,0.998308539390564
443,394.04493260383606,299.6934475004673,1.324760069110198e-05,239.8426342010498,142.7936646938324,2.1393678252934478e-05,250.6214439868927,144.59874773025513,9.897569725580979e-06,378.1125272512436,294.7714729309082,3.803893150688964e-06,394.47359895706177,301.4914357662201,2.102510006807279e-05,380.6227326989174,283.3632490634918,1.0229889085167088e-05,382.00312995910645,283.4785631299019,1.020135277940426e-05,237.47324097156525,155.2650529742241,1.3194406164984684e-05,240.75706434249878,148.84170722961426,1.9609429728006944e-05,380.54717642068863,293.81975173950195,2.7406325898482464e-05,241.27259922027588,148.00023365020752,8.647853064758237e-06,382.9778037071228,294.85538387298584,1.4250058484321926e-05,380.115644313395,290.1812448501587,3.9067268517101184e-05,248.57839488983154,146.2674117088318,1.0,381.89555990695953,293.6109480857849,1.1568739864742383e-05,388.4911551773548,291.2257888317108,0.998663067817688
444,249.58705830574036,164.85035514831543,4.145994898863137e-05,380.0531959719956,280.3738057613373,1.8060431102639996e-05,250.61117470264435,144.2668375968933,9.098564987652935e-06,377.09192085266113,295.24385118484497,1.3200522516854107e-05,378.9286233186722,285.4402086734772,3.410180579521693e-05,380.1944773197174,282.91697788238525,7.042403740342706e-05,381.14889311790466,284.8254216313362,3.598328839871101e-05,245.69425344467163,156.77336865663528,1.173262353404425e-05,380.864821434021,283.8214868605137,3.268209547968581e-05,378.7027277946472,296.3343141078949,0.00020440008665900677,374.16699409484863,298.62813997268677,2.5161871235468425e-05,374.6062831878662,294.12229681015015,4.227901081321761e-05,376.2842609882355,290.5922021865845,0.00022571378212887794,249.06652355194092,146.7928957939148,1.0,381.18244755268097,293.93537521362305,4.781478855875321e-05,385.4106321334839,290.3002338409424,0.9991112351417542
445,249.8034965991974,165.39300537109375,1.9826975403702818e-05,239.65417003631592,142.71791768074036,1.3462622519000433e-05,250.49006128311157,144.59791374206543,1.2071413038938772e-05,253.12234508991241,148.08418222516775,2.4202097392844735e-06,250.3817913532257,162.00055313110352,1.4529808140650857e-05,384.85767889022827,300.00980751030147,1.1814549907285254e-06,249.4741394519806,159.13399410247803,5.174905709282029e-06,237.98259389400482,155.9860042054206,1.231354872288648e-05,241.7283205986023,148.0596799850464,1.4351388017530553e-05,379.356585085392,295.9466996192932,1.2199421689729206e-05,241.9859881401062,149.1199493408203,7.459412699972745e-06,236.4866628050804,150.11483478546143,1.150191110355081e-05,257.4324514865875,150.58570337295532,4.873918442171998e-06,249.71439218521118,147.54759883880615,1.0,244.67937850952148,148.46789360046387,1.701778637652751e-05,383.7612988948822,291.2175946235657,0.7551241517066956
446,250.51263296604156,165.3376226425171,2.5972805815399624e-05,240.4334487915039,143.37940907478333,2.841422201527166e-06,250.53085780143738,145.1655855178833,1.3063754522590898e-05,254.07286024093628,148.71165132522583,2.7761914225266082e-06,250.04457652568817,162.15123081207275,1.8423186702420935e-05,385.12223625183105,300.31876757740974,5.343111297406722e-06,249.610848903656,160.1132526397705,6.242442395887338e-06,245.13523387908936,158.58810019493103,1.0880640729737934e-05,383.34231305122375,299.85636338591576,1.0316858606529422e-05,379.7806155234575,295.96254873275757,7.387301593553275e-06,255.06164693832397,154.27941071987152,1.8032230855169473e-06,244.4028344154358,161.60664558410645,5.430286364571657e-06,376.76874709129333,291.04011631011963,1.3408743143372703e-05,250.8073763847351,148.47908878326416,1.0,380.84133118391037,296.4495413303375,7.288917004188988e-06,382.97542929649353,291.5504472851753,0.17494569718837738
447,262.42684268951416,163.6657156944275,1.8434591765981168e-05,251.59833163022995,142.37636041641235,1.7939776171260746e-06,250.886057138443,146.1438431739807,8.139140845742077e-06,255.29659509658813,149.47882914543152,2.20927404370741e-06,250.70016813278198,162.70191049575806,1.3017378478252795e-05,263.7258186340332,161.48115968704224,3.2222769732470624e-06,250.15974688529968,160.92565631866455,3.943805950257229e-06,245.65647411346436,159.80995869636536,7.319475571421208e-06,251.64794462919235,150.71642208099365,1.0276108696416486e-05,257.59053206443787,159.56808972358704,4.109016117581632e-06,253.50386810302734,154.70847368240356,7.322812962229364e-06,257.5341691970825,156.97735166549683,5.019428499508649e-06,263.7083034515381,151.92003870010376,9.218500963470433e-06,252.56201076507568,150.54758071899414,1.0,248.0380516052246,150.94477367401123,1.720491695778037e-06,376.39906454086304,289.6839761734009,0.8047128319740295
448,262.68313789367676,164.14794158935547,1.8032927982858382e-05,252.36594131588936,143.1563265323639,4.001341494586086e-06,251.66734114289284,146.13297986984253,8.702763807377778e-06,253.15204513072968,156.17373287677765,2.6938428163703065e-06,250.80952334403992,163.15950441360474,1.6095083992695436e-05,263.8775854110718,161.15743732452393,2.833158305293182e-06,382.44971537590027,299.15604162216187,9.730380043038167e-06,245.72571992874146,160.34404230117798,8.06335810921155e-06,253.1825441122055,150.58063793182373,2.2711410565534607e-05,378.96522176265717,298.36313247680664,7.198284947662614e-06,254.70573139190674,155.70563977956772,4.87263150716899e-06,374.73854875564575,296.22413969039917,8.872792022884823e-06,375.24799489974976,292.7070879936218,1.0819942872331012e-05,254.1385214328766,151.8293399810791,1.0,379.9376304782927,297.41877818107605,3.7657341636077035e-06,375.2020893096924,292.31380516290665,0.9683234095573425
449,263.1714839935303,164.5480728149414,1.6563853932893835e-05,252.4253832399845,143.6713891029358,3.0716735182068078e-06,251.9883457645774,146.41589879989624,4.459574938664446e-06,252.88612884283066,156.38418054580688,3.2835373531270307e-06,251.048071205616,162.728666305542,1.9026523659704253e-05,264.17916655540466,161.72950744628906,2.2754704787075752e-06,251.22898602485657,161.47209119796753,9.128098099608906e-06,245.84956121444702,160.65412855148315,8.122253348119557e-06,253.65721809864044,150.94121265411377,1.6527830666746013e-05,254.73218417167664,149.94113874435425,7.149846624088241e-06,255.49987506866455,156.18430288136005,6.3987586145231035e-06,256.9789409637451,164.14871302247047,1.0565945558482781e-05,334.67200088500977,220.05437738448381,0.0005094734951853752,255.46130990982056,152.33745765686035,1.0,248.3549346923828,155.6055498123169,2.275700580867124e-06,373.7846757173538,291.0707349181175,0.5651125907897949
450,262.9602131843567,164.5872631072998,1.2249189239810221e-05,252.46053045988083,144.2384753227234,5.245586635282962e-06,260.3147988319397,148.33529314398766,1.0312875019735657e-05,252.68563497066498,156.4832499921322,3.7367963159340434e-06,251.07806491851807,162.84673595428467,1.6714360754122026e-05,254.98856806755066,160.33597993850708,1.4372825489772367e-06,250.9749002456665,161.63394975662231,1.0952601769531611e-05,245.57151460647583,161.36548852920532,9.515516467217822e-06,254.09415698051453,151.336407661438,1.643937503104098e-05,254.50903344154358,150.58108758926392,5.831564521940891e-06,260.62272554636,160.25440192222595,6.077969828766072e-06,246.42868661880493,164.50549018383026,1.0035355444415472e-05,335.7210204601288,221.36153292655945,5.959788541076705e-05,255.26392936706543,153.25842237472534,1.0,248.10707092285156,156.89233207702637,5.738544587075012e-06,373.72313940525055,291.0154342651367,0.08294881880283356
451,264.1797845363617,165.05970573425293,1.2810396583518013e-05,254.62985062599182,157.32904875278473,5.188955128687667e-06,261.20813608169556,149.23118996620178,9.86586746876128e-06,253.07328367233276,156.45678415894508,3.5147907055943506e-06,251.77332565188408,162.83081769943237,1.7068266970454715e-05,259.1626824736595,150.93461275100708,2.971772801174666e-06,251.71187153458595,161.53174591064453,1.0672055395843927e-05,246.55346584320068,161.52822256088257,6.216427664185176e-06,250.31238162517548,162.28749132156372,1.1409737453504931e-05,255.27501893043518,151.15198016166687,8.13277165434556e-06,261.44102597236633,160.79684805870056,6.461725206463598e-06,247.44994735717773,164.36606720089912,1.2271638297534082e-05,334.7006404399872,221.1945879459381,0.000338559242663905,256.7227096557617,154.5577268600464,1.0,249.22194051742554,158.03715419769287,4.18004901803215e-06,373.554013133049,289.0214066505432,0.41467154026031494
452,264.4723834991455,164.69654178619385,1.397040432493668e-05,254.69915390014648,157.54012322425842,3.268282171120518e-06,261.3878502845764,149.26892256736755,1.2279130714887287e-05,253.29626071453094,156.43839326500893,2.307676368218381e-06,251.8674901276827,163.2312774658203,1.1365395948814694e-05,259.5798790156841,151.42821431159973,1.8221644495497458e-06,257.7714464664459,161.28429508209229,7.870385161368176e-06,246.72099208831787,161.39740371704102,4.925560915580718e-06,255.6088604927063,151.53192710876465,9.909073014569003e-06,254.1338882446289,153.24491000175476,5.690547823178349e-06,261.7595682144165,160.97018671035767,1.735524710966274e-05,257.1587800979614,165.4434996843338,8.441077625320759e-06,337.3415780067444,223.69020223617554,0.0014716960722580552,257.29809761047363,154.75591897964478,1.0,249.8417615890503,158.03357410430908,4.109263045393163e-06,341.3437385559082,225.53453660011292,0.0006407033652067184
453,264.87043380737305,164.431414604187,1.3268208931549452e-05,254.83999490737915,157.6583629846573,8.766586688579991e-06,261.3643698692322,149.91573011875153,1.2274752407392953e-05,256.4579520225525,168.05704164505005,2.782091314657009e-06,252.39342832565308,163.1317434310913,1.0880569789151195e-05,256.4975209236145,160.16591691970825,1.3965136531624012e-06,258.90402340888977,161.7440266609192,9.474433682044037e-06,251.01502376794815,166.11655044555664,1.5855594028835185e-05,251.64096263051033,163.06082916259766,1.2519699339463841e-05,254.46393465995789,153.4500663280487,8.761940989643335e-06,253.3995612859726,160.13143825531006,7.002302481851075e-06,258.22846508026123,166.32616901397705,6.9806992541998625e-06,335.73786902427673,222.31620049476624,0.00015186828386504203,258.28926181793213,156.50031757354736,1.0,250.62429571151733,159.41744804382324,3.887002094415948e-06,341.72097635269165,225.88039827346802,0.001051062485203147
454,253.14817094802856,175.15175080299377,1.0247590580547694e-05,255.09699273109436,157.63309681415558,1.5866075045778416e-05,261.9851713180542,149.96681475639343,7.311919944186229e-06,256.3721122741699,168.977388381958,5.26128314959351e-06,252.61579769849777,163.19297981262207,1.3246147318568546e-05,256.61583280563354,159.8719618320465,2.0759894141519908e-06,259.43901884555817,161.98151969909668,1.2615172636287753e-05,251.2347233891487,167.2130537033081,2.1388372260844335e-05,252.08634578436613,163.33861589431763,1.664329283812549e-05,254.9435954093933,153.71029686927795,1.143981899076607e-05,253.75051844120026,160.6453151702881,1.107423577195732e-05,246.17196369171143,163.34395217895508,8.944633918872569e-06,336.4851622581482,224.67666363716125,4.1395043808734044e-05,258.63564920425415,157.39226722717285,1.0,253.34039282798767,159.68710899353027,4.322941549617099e-06,341.18282318115234,226.37931787967682,0.0009168530232273042
455,258.0436123609543,178.1038646697998,4.363293192000128e-05,255.33070373535156,158.1676800251007,2.4082113668555394e-05,254.50350165367126,161.24142265319824,7.703790288360324e-06,257.22691345214844,169.43237924575806,6.0244451560720336e-06,253.18287825584412,163.18270111083984,1.2520190466602799e-05,256.704806804657,160.57177352905273,2.2041854208509903e-06,260.39064940810204,162.56704998016357,9.94178481050767e-06,251.7875360250473,168.34218192100525,4.745582918985747e-05,253.3519377708435,164.02670574188232,2.830282028298825e-05,255.04470252990723,154.52133405208588,3.4417080314597115e-05,254.06158113479614,161.35081720352173,5.698551831301302e-05,247.59478521347046,164.14327239990234,1.4086205737839919e-05,338.9219923019409,226.08013498783112,0.03623391315340996,260.2247471809387,159.00735759735107,1.0,253.43325555324554,161.38562536239624,6.302644123934442e-06,341.3048186302185,227.63399043679237,0.10644702613353729
456,258.8276071548462,179.66103267669678,3.545754589140415e-05,254.97088098526,157.99247825145721,1.5050302863528486e-05,265.7807586193085,158.9655842781067,7.93890194472624e-06,257.00918340682983,169.89204025268555,8.452065230812877e-06,265.8057324886322,177.01884269714355,1.0130637747352012e-05,257.3911597728729,163.4507279396057,1.5739608443254838e-06,260.6783423423767,162.846360206604,8.390258699364495e-06,250.8729031085968,169.916161775589,2.9991600968060084e-05,253.0007985830307,164.38995170593262,2.034004864981398e-05,255.18081641197205,154.2764617204666,1.1288151654298417e-05,254.33814334869385,162.24178552627563,1.4706716683576815e-05,247.7770595550537,164.66969299316406,9.764849892235361e-06,338.0093505382538,227.17294299602509,0.5082714557647705,260.05201664194465,160.5953483581543,1.0,254.0031394958496,162.23252773284912,8.093944416032173e-06,341.7769192457199,227.10007172822952,0.028446771204471588
457,260.0003384060401,179.93627500534058,3.5032975574722514e-05,255.27642226219177,158.62392616271973,1.5787123629706912e-05,266.54964423179626,159.6875832080841,1.445787802367704e-05,257.41426515579224,170.08023154735565,4.278600044926861e-06,265.99159002304077,177.45312547683716,1.6332100130966865e-05,268.64971178770065,176.67476081848145,1.957305130417808e-06,265.31636118888855,173.9008992910385,6.715291874570539e-06,251.89324043691158,170.8861768245697,1.9976818293798715e-05,254.94076442718506,165.0173215866089,2.4244433006970212e-05,264.6838552951813,169.64821314811707,1.5542622350039892e-05,255.3550088405609,163.92825174331665,2.6984043870470487e-05,249.70896911621094,165.75074005126953,9.959017916116863e-06,338.529643535614,229.00789964199066,0.0012969273375347257,261.79548740386963,162.64927625656128,1.0,255.7691216468811,167.59871816635132,4.874443675362272e-06,344.7098274230957,232.7993085384369,0.05151096731424332
458,260.6936787366867,180.57896327972412,2.6753839847515337e-05,254.97022128105164,158.80394291877747,1.9786646589636803e-05,266.3981121778488,159.80290269851685,2.677252450666856e-05,256.62097358703613,170.52944338321686,7.236686087708222e-06,266.08923292160034,177.49904108047485,1.8808252207236364e-05,269.0584976673126,176.9277262687683,2.1977455162414117e-06,265.6142921447754,174.95364379882812,1.5241846085700672e-05,251.37765628099442,172.42928275465965,3.939968883059919e-05,255.82540011405945,165.44681930541992,4.4203567085787654e-05,264.7998323440552,170.10007178783417,1.906093893921934e-05,255.6784942150116,164.96074676513672,2.531827885832172e-05,250.90814340114594,166.5479974746704,1.3191976904636249e-05,340.063475497067,233.13838934898376,0.0010209224419668317,262.43039107322693,164.28159427642822,1.0,255.96677660942078,165.41325664520264,1.904202508740127e-05,343.72316002845764,234.83493053913116,0.3321722745895386
459,261.65310311317444,180.3525915145874,1.3904809748055413e-05,255.38017463684082,159.51910972595215,1.8073369574267417e-05,266.4782074689865,160.1932888031006,3.65943560609594e-05,266.0890803337097,171.22803282737732,6.630812094954308e-06,265.8207552433014,177.34931564331055,1.7505981304566376e-05,269.23825466632843,176.77287673950195,2.9873044695705175e-06,265.59482312202454,175.5059278011322,2.559066160756629e-05,251.79108607769012,173.28848671913147,3.3471049391664565e-05,257.0348172187805,165.458740234375,2.6328021704102866e-05,265.1219062805176,170.14206194877625,1.984322261705529e-05,260.14775943756104,169.19527196884155,2.5095469027291983e-05,252.7159081697464,167.10976696014404,7.118420853657881e-06,339.1569430232048,234.35284185409546,0.010501649230718613,263.44297647476196,165.43054389953613,1.0,257.3069396018982,166.62629413604736,1.4089993783272803e-05,343.29213094711304,235.79728810489178,0.10730218142271042
460,263.4926679134369,181.25446701049805,9.780860636965372e-06,256.5289673805237,172.412319034338,5.226342182140797e-06,266.5686491727829,160.9293360710144,1.5774045095895417e-05,267.65373706817627,172.81830793619156,4.543131581158377e-06,265.89712142944336,177.87345695495605,1.0159121302422136e-05,269.47280848026276,177.23626565933228,2.2439151052822126e-06,265.9319100379944,177.1452498435974,3.2899613870540634e-05,251.8313838094473,174.89215111732483,1.9653256458695978e-05,267.68150675296783,165.12077236175537,1.0841674338735174e-05,265.5669376850128,170.47145521640778,1.3550235962611623e-05,270.2541170120239,172.50990563631058,6.603991550946375e-06,260.3565368652344,178.91987991333008,4.594422989612212e-06,339.69055926799774,236.33427354693413,0.0006002016016282141,264.58587884902954,167.91675472259521,1.0,257.75839281082153,170.13454866409302,7.222710792120779e-06,343.0203630924225,238.50648164749146,0.06414774060249329
461,264.52318954467773,180.86739349365234,9.292468348576222e-06,256.9431462287903,172.71912014484406,6.522281182697043e-06,267.21367061138153,161.966290473938,3.301718379589147e-06,267.0225210785866,172.01069947239012,6.059056886442704e-06,266.13235449790955,177.7129807472229,1.1001855455106124e-05,270.961398601532,176.60595560073853,3.61894785783079e-06,267.2492843866348,176.97849130630493,7.281988655449823e-05,258.1420580148697,176.94011211395264,1.6788531866041012e-05,265.2454891204834,177.1804084777832,1.296666687267134e-05,266.6927593946457,169.38450145721436,3.983392889495008e-05,274.3258799314499,175.97779607772827,2.1405799998319708e-05,251.03099256753922,177.41189813613892,6.9369853008538485e-06,342.69830322265625,238.76483702659607,0.004419232252985239,266.34799814224243,169.302011013031,1.0,262.23109793663025,168.21148490905762,6.492121428891551e-06,345.61148977279663,241.49702620506287,0.45855504274368286
462,331.33072608709335,235.28405141830444,3.361255949130282e-05,257.00458574295044,172.99639916419983,1.857926145021338e-05,277.90309381484985,170.49752032756805,9.744383532961365e-06,266.97181928157806,172.43830400705338,6.229115570022259e-06,265.77156949043274,177.94162273406982,1.075745967682451e-05,270.58610939979553,176.79420471191406,3.124139084320632e-06,266.6240406036377,177.49978637695312,7.235272641992196e-05,258.1660990715027,177.96005725860596,2.6058600269607268e-05,265.01076340675354,178.31900119781494,1.2356130355328787e-05,266.30646419525146,169.5490391254425,2.2536052711075172e-05,274.2637184858322,176.88886070251465,1.7045233107637614e-05,251.3749417066574,177.76763200759888,1.0225741789327003e-05,343.3461627960205,242.55496609210968,0.007796499412506819,266.46018409729004,171.04696083068848,1.0,262.80372619628906,170.32195663452148,2.618801772769075e-05,344.90850257873535,244.44525581598282,0.9771375060081482
463,265.2660536766052,181.99887943267822,6.287515589065151e-06,256.70484495162964,173.1218101978302,8.247555342677515e-06,266.9812214374542,162.725492477417,2.017692395384074e-06,266.3749576807022,172.24242790043354,2.8360293526930036e-06,266.23228085041046,178.53461980819702,5.329909981810488e-06,270.4127252101898,178.00349378585815,1.7351751466776477e-06,266.6320481300354,178.17605829238892,2.690923611226026e-05,257.7712218761444,178.21941137313843,9.537011464999523e-06,265.15847611427307,179.189838886261,7.11107941242517e-06,266.1909626722336,169.98839926719666,2.3334370780503377e-05,264.0607407093048,174.0340714454651,8.127668479573913e-06,341.9928607940674,250.42376267910004,7.231994004541775e-06,344.81923151016235,244.20130015909672,0.0014361180365085602,266.2726550102234,170.86103773117065,1.0,261.928759932518,170.54439091682434,2.4522203148080735e-06,346.63788878917694,247.7261564731598,0.7538356781005859
464,341.3752427101135,238.61459255218506,6.64472536300309e-05,256.84610509872437,173.65406370162964,5.191870968701551e-06,331.43518275022507,246.43752241134644,1.0402236512163654e-05,266.66119706630707,172.8260571360588,2.8221186312293867e-06,266.12028563022614,178.6234941482544,3.962811206292827e-06,270.50552344322205,178.26583528518677,1.990731107071042e-06,267.19604593515396,178.633403301239,3.8225687603699043e-05,259.0704196691513,179.2031421661377,8.255038665083703e-06,257.1518974304199,177.93641996383667,7.737549822195433e-06,266.43467903137207,169.58433747291565,2.8826092602685094e-05,271.61220598220825,179.9917594231665,4.7967601858545095e-05,342.7259783744812,251.64178302884102,4.2623763874871656e-05,347.85877990722656,246.66001844406128,0.08861447870731354,267.24176597595215,173.01898097991943,1.0,262.60592770576477,171.94256272912025,5.147273441252764e-06,349.53501176834106,247.99222946166992,0.945288360118866
465,343.36351585388184,238.78948640823364,0.0050335051491856575,256.53592348098755,173.57925510406494,8.460419849143364e-06,332.84306448698044,246.72069311141968,2.5687117158668116e-05,344.4684603214264,253.78364849090576,3.4800632420228794e-06,343.31215715408325,250.1767132282257,4.103185801795917e-06,346.5901668071747,249.66146397590637,4.538243047136348e-06,267.3392690420151,178.4579906463623,2.2787477064412087e-05,259.0341866016388,178.68431425094604,6.288229087658692e-06,348.7514987587929,248.04734754562378,9.681552910478786e-06,265.99213910102844,169.6995153427124,2.5641276806709357e-05,264.4721477031708,174.64061284065247,1.7941345504368655e-05,343.9672956466675,251.54498758912086,0.00021857359388377517,353.0148801803589,250.2437710762024,0.2580612003803253,267.5725541114807,172.88563919067383,1.0,343.9672818183899,249.42804050445557,1.0856118933588732e-05,349.72060203552246,249.80294728279114,0.9936009049415588
466,343.31112003326416,239.47033834457397,0.10712817311286926,340.2512354850769,246.93308544158936,4.187713784631342e-06,333.21757197380066,248.0189609527588,7.455452578142285e-05,344.5010223388672,262.40320682525635,9.461242370889522e-06,268.47211959958076,194.98220825195312,6.340631443890743e-06,345.11172246932983,249.4680197238922,2.688701897568535e-06,268.124659717083,178.51503324508667,1.2104360394005198e-05,264.8413589000702,185.69069290161133,1.6835845599416643e-05,267.2199100255966,180.67113971710205,1.1653926776489243e-05,267.22953701019287,170.4033614397049,3.623746306402609e-05,270.8514950275421,181.93029534816742,3.5378983739065006e-05,345.9657928943634,252.79178684949875,0.0005037473747506738,354.25621271133423,251.2123829126358,0.9895201921463013,268.840558052063,175.8926718235016,1.0,263.5312669277191,174.74122524261475,2.645827771630138e-05,350.8810725212097,250.94186079502106,0.9725767970085144
467,344.0975909233093,240.34694051742554,0.014701168052852154,256.73061418533325,174.52269339561462,3.182019327141461e-06,333.9733533859253,249.27127146720886,1.1422627721913159e-05,345.2580850124359,263.2075138092041,1.3521166692953557e-05,267.48998177051544,178.8397135734558,4.4120602069597226e-06,269.7077097892761,179.84632873535156,2.206471663157572e-06,267.54893308877945,178.51504611968994,7.535998975072289e-06,263.9633626937866,185.42809915542603,5.3808748816663865e-06,266.2637209892273,180.42617225646973,1.0413770723971538e-05,266.2014328241348,170.63667118549347,4.080062353750691e-05,268.9949885606766,181.42877089977264,3.561852645361796e-05,347.4121118783951,253.53240430355072,0.00010087710688821971,355.6712103486061,252.67461305856705,0.9974249601364136,268.60805666446686,175.63730430603027,1.0,343.4278998374939,250.80882561206818,9.6944877441274e-06,353.2949547767639,255.00614166259766,0.9140344858169556
468,344.3242118358612,242.63593924045563,0.5853442549705505,340.27497577667236,249.23049235343933,3.3584332413738593e-05,334.8172221183777,251.46088844537735,5.103081275592558e-05,345.9155321121216,264.6798486709595,8.71089578140527e-05,267.5770898759365,195.0754895210266,4.9878490244736895e-06,344.33239555358887,250.21734416484833,8.89520038072078e-07,264.78148221969604,183.218257188797,4.849271590501303e-06,259.0892822742462,188.07528334856033,4.543976956483675e-06,261.63726127147675,177.5592713356018,6.207666046975646e-06,269.66777753829956,183.28881406784058,1.5813086065463722e-05,269.2909725904465,182.8728051185608,3.519796518958174e-05,348.4758001565933,254.47730207443237,0.00039374781772494316,355.1829692721367,257.4369857311249,0.9915247559547424,268.4901485443115,178.2818078994751,1.0,343.33451557159424,251.43002247810364,1.89146649063332e-05,353.2149658203125,256.68515634536743,0.9148876070976257
469,346.44340312480927,241.83258652687073,0.06496040523052216,341.63008308410645,248.06079626083374,1.7193426174344495e-05,334.11854243278503,250.73629641532898,5.323559889802709e-06,346.85529124736786,265.1707830429077,0.00047478752094320953,268.2438881546259,195.66469192504883,2.0469699393288465e-06,270.9534604549408,180.88346576690674,5.145473664924793e-07,265.1231324672699,184.47889804840088,3.6826609175477643e-06,259.8405939787626,189.2184635400772,1.0028878023149446e-05,268.4586691856384,182.8331356048584,8.109606824291404e-06,270.6939182281494,180.6516684293747,1.7693508198135532e-05,269.93167543411255,184.11656618118286,5.664596756105311e-05,348.38036677241325,253.94351410865784,0.0001922236697282642,357.49408280849457,256.33473324775696,0.9994522929191589,270.6846196651459,179.91885805130005,1.0,342.91297483444214,249.92078351974487,2.3504779164795764e-05,354.4248080253601,256.29849338531494,0.8073766827583313
470,346.1358491182327,247.17471075057983,0.36944401264190674,342.1131649017334,249.22464728355408,5.257571319816634e-05,342.92557096481323,255.5138611793518,2.555146465965663e-06,346.73476123809814,265.44583797454834,0.00030361185781657696,341.9018383026123,250.60169160366058,5.081827566755237e-06,344.873685836792,249.9245846271515,7.022659360700345e-07,264.62161684036255,185.28042459487915,1.887009602796752e-06,264.38293623924255,189.44625973701477,5.518599664355861e-06,269.0105346441269,183.44864177703857,7.3535984483896755e-06,271.36679220199585,181.03443241119385,1.571121538290754e-05,270.0693097114563,185.15161657333374,2.4594883143436164e-05,348.3905071914196,253.96136045455933,0.0007221378618851304,356.8851873278618,257.8075520992279,0.9848244786262512,270.77662086486816,181.30277824401855,1.0,337.2753791809082,253.39540565013885,3.4882290492532775e-05,354.6314082145691,256.4660613536835,0.9661266207695007
471,345.9362678527832,248.1315746307373,0.48312824964523315,342.3317451477051,251.70889031887054,1.937695014930796e-05,342.5453591346741,257.2125310897827,1.5654535445719375e-06,347.3313584923744,266.371254324913,8.405131666222587e-05,342.20238733291626,251.2704153060913,9.382540156366304e-06,280.48280596733093,192.9647741317749,5.093089043839427e-07,267.49787616729736,191.35616302490234,3.7979518765496323e-06,263.47005701065063,190.45810723304749,6.405792191799264e-06,269.18700778484344,183.89139080047607,5.770153165940428e-06,271.558687210083,181.61819338798523,9.233133823727258e-06,267.1160607933998,187.38972526788712,8.647606591694057e-06,348.7434999346733,256.97124195098877,6.634816236328334e-05,357.18360459804535,259.76112645864487,0.9901836514472961,270.555700302124,183.21579360961914,1.0,344.1498990058899,253.17085790634155,1.0803867553477176e-05,354.16064417362213,259.176422894001,0.6627745032310486
472,346.4809972047806,249.15173196792603,0.6843785047531128,342.9094223976135,253.67242741584778,1.97978788492037e-05,343.15997838974,260.9085955619812,9.271924454878899e-07,348.11389032006264,267.4873700737953,0.00010933704470517114,342.3054165840149,251.36930352449417,1.2352149951766478e-06,361.2026128768921,267.4313915967941,6.77713046570716e-07,360.53204441070557,269.10194504261017,5.8409987957475096e-08,265.15022444725037,190.84191155433655,5.881759648218576e-07,367.7895715236664,264.2979393005371,2.7068604140367825e-06,361.8066408634186,262.36488819122314,7.218936389108421e-06,358.6267704963684,269.8731988668442,2.4979285626614e-06,352.8419122695923,260.5777562856674,3.745945286937058e-05,361.1163136959076,261.29389905929565,0.9978561997413635,272.7778263092041,183.6565065383911,1.0,346.76162004470825,257.1568830013275,5.42281895832275e-06,354.90669214725494,259.710282176733,0.1921531707048416
473,346.3348379135132,251.30275535583496,0.06769866496324539,344.18952655792236,257.19103360176086,3.333203721922473e-06,344.01096963882446,262.575336933136,1.1750960311474046e-06,348.6098988056183,269.42794239521027,7.570689831482014e-06,343.45587825775146,252.5747607946396,1.4262049035096425e-06,361.2292845249176,267.58311584591866,2.0452237095014425e-06,267.89564176648855,191.85458636283875,2.591849295185966e-07,264.45351457595825,193.03350973129272,2.0953996227035532e-07,367.76258063316345,265.0539240837097,3.894002929882845e-06,270.6110668182373,185.3274245262146,1.3117185517330654e-05,268.36944130063057,190.71832132339478,1.3730947102885693e-05,354.61801195144653,261.36787462234497,2.939302248705644e-05,362.57566833496094,263.0283260345459,0.9564595222473145,272.0375380516052,186.51022148132324,1.0,347.38624823093414,258.30386793613434,4.464259745873278e-06,354.48472905158997,261.7368640899658,0.2264990508556366
474,346.47460305690765,250.2965146303177,0.5722681283950806,342.68367433547974,257.60616970062256,8.873977094481234e-06,343.4987449645996,262.84267950057983,3.9426290641131345e-06,348.4260613620281,269.14457881450653,5.912763299420476e-05,342.50071001052856,252.01762325689197,2.122307478202856e-06,359.8497920036316,267.676315754652,3.7313689063012134e-06,360.06323194503784,270.452410697937,3.8780785871495027e-07,342.88400888442993,281.712500333786,1.209626390163976e-07,367.9049310684204,264.8739695549011,9.380196388519835e-06,361.4412350654602,264.41097617149353,2.5302519134129398e-05,359.0252504348755,271.33243799209595,1.2505356608016882e-05,353.29651498794556,261.5572521686554,7.805198401911184e-05,361.1528925895691,262.9661777019501,0.9997652173042297,273.9313762187958,186.58521902561188,1.0,346.83744037151337,258.5207003355026,2.855288221326191e-05,356.9810602068901,262.5860652923584,0.07181308418512344
475,351.0272283554077,252.23273320496082,0.09436357766389847,344.5513389110565,260.04443665221334,2.270400545967277e-05,345.2038142681122,265.2684442996979,1.188170335808536e-05,354.687460899353,274.31903648376465,4.508576239459217e-06,356.21222019195557,263.4258289337158,6.905257237121987e-07,359.1701149940491,267.1330100297928,2.2032522792869713e-06,359.58617973327637,269.9255772829056,2.617890686451574e-07,266.23331344127655,194.7255859375,3.4823500527636497e-07,368.49681854248047,264.795667886734,6.905757800268475e-06,361.667325258255,264.4056730270386,1.2839334885939024e-05,361.1459929943085,272.09823274612427,6.707848115183879e-06,350.7999405860901,268.80573332309723,5.017740113544278e-05,364.71798515319824,265.90690183639526,0.9999022483825684,274.2934374809265,189.71159780025482,1.0,345.4374351501465,264.17899084091187,6.627019047300564e-06,356.92098331451416,267.92786072194576,0.11800096184015274
476,352.4188575744629,256.2678999900818,0.4590934216976166,345.26394033432007,265.74150252342224,0.0001144691850640811,346.33778154850006,266.994930267334,1.7447862774133682e-05,350.3268303871155,282.22015130519867,0.0001405317016178742,355.0851411819458,263.67140769958496,2.625644128784188e-07,357.5325493812561,266.7004281282425,1.2570753824547864e-06,357.7079772949219,269.66868340969086,8.877508150817448e-08,268.2777110040188,200.180082321167,8.324174132212647e-07,368.94536781311035,264.74326753616333,3.849745098705171e-06,361.52305579185486,264.5081241130829,6.765236321371049e-06,362.59362602233887,272.9679341316223,2.6569186957203783e-06,351.7031457424164,270.29706144332886,3.125435614492744e-05,367.0185444355011,267.41298961639404,0.9999676942825317,275.39703154563904,190.95302724838257,1.0,344.0386326313019,265.1438903808594,4.924762379232561e-06,357.36948013305664,269.65722465515137,0.013998189009726048
477,353.37788915634155,257.428582906723,0.9880077838897705,346.21119725704193,267.70163854956627,0.03951841592788696,345.70292568206787,272.8427908420563,0.00018520065350458026,351.18788719177246,284.8053317666054,0.0014616060070693493,345.2671239376068,254.887855052948,0.00032050994923338294,354.9484577178955,265.56719636917114,1.2665625490626553e-06,356.64640855789185,269.00017750263214,2.232983753458484e-08,344.8640444278717,286.55077743530273,5.844208672556306e-08,368.73942136764526,264.28934049606323,1.105310047933017e-06,360.6583788394928,263.7673749923706,7.930630658847804e-07,364.86102283000946,273.4353976249695,6.938275873835664e-07,362.67404198646545,270.96375918388367,1.2206450264784507e-05,369.92382526397705,271.01005840301514,0.9999951124191284,274.9818581342697,195.64622485637665,0.8897761106491089,346.86119318008423,263.01015520095825,1.2634682207135484e-06,357.08827114105225,272.8535466194153,0.0010459377663210034
478,355.2580454349518,258.5767990350723,0.8960615396499634,347.82954159379005,268.9905573129654,0.10511838644742966,346.90694534778595,274.57480108737946,7.512675074394792e-05,352.1690993309021,286.83448934555054,3.1585841497872025e-05,347.1126522421837,255.6982319355011,4.39383256889414e-06,343.34872817993164,265.65847873687744,8.183819204532483e-07,343.4332847595215,268.5421531200409,1.5938157460482216e-08,345.6109108924866,287.3946235179901,1.7537958640900797e-08,368.3113126754761,265.77268505096436,6.124881792857195e-07,361.1504793167114,264.6570863723755,4.826148369829752e-07,366.4304301738739,273.4297742843628,3.4419562666698766e-07,363.75910046696663,272.4296169281006,7.914281013654545e-06,370.1332017183304,273.5618050098419,0.9999536275863647,275.51784670352936,196.94919484853745,0.986611008644104,347.48935174942017,269.7253112792969,2.9258708877932804e-07,367.45216274261475,285.26240634918213,0.0008218270377255976
479,354.35049641132355,258.8857614994049,0.9624805450439453,347.35498547554016,268.8686977624893,0.09329449385404587,346.461186170578,274.6529130935669,0.00010124863183591515,357.7445025444031,284.29660350084305,2.1906245819991454e-05,347.9599981382489,257.8134708404541,1.9512331164150964e-06,355.5114059448242,265.33454275131226,1.0224222251054016e-06,356.794536113739,268.8292986154556,3.747276977605907e-08,345.4113070964813,287.7739269733429,7.277838331987141e-09,367.8145868778229,264.91971373558044,9.914780321196304e-07,361.1683304309845,264.72467136383057,7.717179073551961e-07,366.39922165870667,273.74261951446533,5.518803618542734e-07,362.86225259304047,272.1482844352722,2.9365426598815247e-05,370.2344813346863,274.35892724990845,0.9999983310699463,276.19011121988297,197.33690690994263,0.014731603674590588,355.8654098510742,270.12494373321533,1.7410794725947198e-06,367.2711834907532,285.18182468414307,0.0038598510436713696
480,355.46867817640305,260.33659479022026,0.8598989248275757,348.2993270754814,270.43755626678467,0.17668993771076202,346.5609538555145,275.9755474831909,0.0003002998128067702,358.8654160499573,286.32644486427307,6.777232192689553e-05,348.71648067235947,258.0095319747925,1.3846962474417523e-06,358.1374454498291,272.2564916610718,4.0393803146798746e-07,358.1038417816162,282.7071578502655,2.05378096751474e-08,355.78552627563477,287.90234446525574,1.6444714034946628e-08,367.41812682151794,265.92636919021606,5.03441583532549e-07,361.8274312019348,265.137508392334,3.3726993819982454e-07,361.1985607147217,287.42470812797546,2.209829546018227e-07,364.78517735004425,274.408221244812,2.311279058631044e-05,370.4641389846802,276.18286879360676,0.9999994039535522,349.08592987060547,252.7781002521515,3.8970904370216886e-07,355.74849700927734,271.3824095726013,1.086911652237177e-06,369.6985869407654,286.5104556083679,0.01416007336229086
481,357.08628273010254,259.31969356536865,0.9433576464653015,349.1819041967392,270.27535820007324,0.7218356132507324,347.17264437675476,276.47084948420525,0.0007761568995192647,359.1719436645508,287.23280453681946,7.935174653539434e-05,349.8564250469208,257.6328206062317,8.288424737656896e-07,358.96553659439087,281.54350876808167,1.3568820804721327e-06,378.3884710073471,287.45602536201477,1.9025267761207942e-07,354.7381076812744,298.5161439180374,2.358645012634497e-08,383.04931688308716,282.87199890613556,9.724521987664048e-07,375.4285178184509,281.8979661464691,2.8090689738746732e-06,361.9393081665039,287.8826959133148,5.891409955438576e-07,365.18047857284546,274.3468933105469,1.3617079275718424e-05,371.3566105365753,276.3839592933655,1.0,350.11270117759705,253.48904931545258,3.0887226785125677e-06,312.8243420124054,319.58927869796753,3.4000963751168456e-06,369.1893663406372,286.0967559814453,0.04365752264857292
482,357.92199516296387,260.3717642426491,0.6659834980964661,351.7401728630066,270.58694982528687,0.00931447371840477,355.3116235733032,278.97462272644043,1.9772329324041493e-05,361.12944412231445,287.4739091396332,4.0183032979257405e-05,373.68366050720215,278.6253924369812,2.0701659764199576e-07,378.5713610649109,283.633999556303,9.55985342443455e-07,378.13838589191437,287.34528279304504,1.743943016663252e-07,355.74071311950684,299.15181374549866,2.7811408287448103e-08,383.5448980331421,282.56940150260925,1.0066497679872555e-06,375.6079864501953,281.6489009857178,2.6535258257354144e-06,373.12140941619873,287.4530282020569,6.99161205375276e-07,366.7154047489166,275.0634460449219,9.32269267650554e-06,373.12905979156494,277.5734632015228,1.0,368.8132734298706,277.43486070632935,3.9114965488806774e-07,356.10805654525757,270.4620509147644,8.861619562594569e-07,370.5037884712219,287.25887632369995,0.019441459327936172
483,359.65564823150635,261.1639370918274,0.8699142932891846,352.5373556613922,271.6687955856323,0.031104182824492455,348.27957195043564,279.4077100753784,4.389569949125871e-05,361.10009956359863,288.9027943611145,2.7671310817822814e-05,372.2515425682068,278.28844594955444,7.432751090163947e-07,376.39560770988464,283.1736583709717,6.092797320889076e-06,376.91462802886963,287.3111753463745,5.526324002858019e-07,371.1041784286499,287.71579337120056,4.500387618122659e-08,383.367467880249,282.3033902645111,4.442591034603538e-06,374.87180757522583,281.56613874435425,8.106992936518509e-06,373.87013149261475,287.89643001556396,3.2697039387130644e-06,369.63182044029236,282.8612766265869,1.320158025919227e-05,374.3209111690521,279.20947456359863,0.9999997615814209,357.43181324005127,252.18290054798126,4.2204542296531145e-06,356.30392122268677,270.70883774757385,2.392304736531514e-07,370.7766077518463,287.98833417892456,0.016089636832475662
484,358.5534782409668,262.46832275390625,0.9528779983520508,352.11012411117554,273.0009560585022,0.06754576414823532,348.18416279554367,280.8722813129425,0.0001291931257583201,359.71166229248047,298.1865565776825,1.742892163747456e-05,372.43351221084595,277.89596366882324,2.0694071736215847e-06,375.61467456817627,282.7223732471466,4.109983638045378e-05,376.6590826511383,288.0555000305176,1.8854484551411588e-06,371.02428340911865,289.397762298584,8.281821095579289e-08,383.97604966163635,281.92759823799133,1.3823958397551905e-05,374.98102855682373,281.2848606109619,4.579957385431044e-05,374.9526767730713,288.2959403991699,1.726275877445005e-05,369.9063882827759,283.69214457273483,2.0099347239010967e-05,375.20721077919006,280.1744751930237,1.0,375.7822194099426,278.9897313117981,4.373652700451203e-06,374.5527982711792,283.7817617803812,4.711330916506995e-07,372.09909562021494,280.15307331085205,0.0024502768646925688
485,361.2868435382843,263.05501985549927,0.9995310306549072,353.52623319625854,275.07829999923706,0.903316080570221,353.07270860671997,281.9872798919678,0.00217608199454844,360.96804451942444,300.7247705459595,3.514772106427699e-05,370.76681327819824,277.6248893737793,3.7878671719226986e-06,374.2544584274292,282.1289141178131,5.936872184975073e-05,376.24619150161743,287.7891561985016,1.865333160822047e-06,369.82388496398926,302.65802669525146,4.24748918703699e-07,384.41519117355347,281.7547402381897,2.88939645542996e-05,375.1263756752014,281.0703318119049,0.00012525639613159,376.52370715141296,288.92939615249634,4.544291368802078e-05,370.9076385498047,284.8507533669472,8.447857544524595e-05,377.96295142173767,281.6727890968323,1.0,355.09211027622223,251.8445719629526,2.477811540302355e-05,373.6881685256958,284.90177273750305,2.4033206500462256e-06,372.44287100434303,286.40847301483154,0.005393760744482279
486,361.13893866539,264.8666191101074,0.9999748468399048,355.5030906498432,277.07374358177185,0.9917030930519104,354.8243250846863,284.5268167257309,0.02041798271238804,361.05764961242676,303.0620012283325,0.0001639174879528582,351.8346691131592,261.5290334224701,6.363138527376577e-05,341.93408203125,268.64821964502335,7.783020555507392e-05,344.6450984477997,275.60172986984253,7.839880709070712e-07,369.36369609832764,304.5248212814331,2.8480337732617045e-07,383.0817139148712,297.64010667800903,3.0961014090280514e-06,380.2396508157253,288.22057127952576,1.5008451555331703e-05,371.72239875793457,304.21957874298096,3.3293565593339736e-06,371.14144337177277,286.64217829704285,3.786902880165144e-06,380.2388375848532,283.929226398468,1.0,353.6953926086426,249.90348744392395,0.0005242677289061248,348.9581131339073,275.84341192245483,1.416254917785409e-06,380.32369178533554,300.3509593009949,0.0005435564671643078
487,363.3277815580368,266.97884809970856,0.9978013634681702,357.2057194709778,278.2086763381958,0.7827914357185364,356.34693962335587,285.46324825286865,0.0008744518854655325,362.1557512283325,303.7826828956604,8.080401130428072e-06,356.67876720428467,263.6652202606201,1.08477536286955e-06,347.5866090655327,268.74436527490616,5.009836604585871e-05,375.13969135284424,300.3696335554123,9.117322008478368e-08,369.53449630737305,304.68498516082764,5.3170627012377736e-08,386.0628881454468,281.6808376312256,2.153760306100594e-06,381.76711797714233,288.3888669013977,5.528097062779125e-06,379.46578097343445,289.91378116607666,2.1770790681330254e-06,372.4964118003845,286.6970875263214,3.2902860311878612e-06,380.8787052631378,284.99605745077133,1.0,365.28859758377075,262.47757863998413,2.277193971167435e-06,357.0824488401413,277.17918395996094,5.285968995849544e-07,379.6997907757759,289.580677986145,0.00013313230010680854
488,363.8912039473653,268.17382611334324,0.9926906228065491,356.3046514093876,281.67767786979675,0.7304936647415161,357.3319835662842,285.9862939119339,0.0004102708771824837,363.43859469890594,304.4769330024719,4.4351221731631085e-05,357.4637613296509,264.244909286499,5.68363191177923e-07,347.63393944501877,268.82954210042953,9.062946446647402e-06,373.74021911621094,299.847192466259,9.652318766484314e-08,368.9687395095825,304.6981358528137,7.444223371066983e-08,384.3159861564636,296.82738518714905,2.3265101845026948e-06,376.2928912639618,294.060791015625,2.791294264170574e-06,373.28517389297485,304.1387963294983,2.8337315143289743e-06,373.5358142852783,297.5515172481537,3.0385695026780013e-06,382.14178490638733,286.7539646625519,1.0,364.89697021245956,262.8055052757263,5.235401204117807e-06,357.15786159038544,277.5833282470703,7.821838039490103e-07,380.1601180136204,300.82489109039307,0.0006935218116268516
489,366.63262033462524,269.0727119445801,0.999710738658905,357.732577085495,283.9788472894579,0.9992927312850952,358.27530336380005,288.71129274368286,0.0018900512950494885,370.0692434310913,303.7653365135193,0.0003839482378680259,358.1257073879242,266.5216646194458,8.465319297101814e-06,343.94813776016235,274.4644937515259,0.0003154293808620423,347.08189272880554,278.71902561187744,6.184156831068321e-08,368.6978054046631,314.52431213855743,1.0097116387441929e-07,384.31114959716797,296.21002292633057,2.7693847641785396e-06,376.1852538585663,292.7701168060303,6.544299139932264e-06,373.80430603027344,304.5805034637451,5.315812813933007e-06,373.6420941352844,298.50684320926666,2.5780491341720335e-06,383.1165132522583,288.79994106292725,1.0,356.8917895555496,264.39800477027893,4.1140770917991176e-05,372.8928098678589,298.18663132190704,8.092247298918664e-07,381.62323009967804,300.89245796203613,0.0004186467849649489
490,367.65608739852905,271.6489715576172,0.999984860420227,359.1841335296631,284.0778858885169,0.9999444484710693,358.6721611022949,289.60255193710327,0.024286683648824692,367.63884925842285,305.765962600708,0.0012415536912158132,359.1428496837616,268.00299010728486,0.0006952609401196241,344.6523668766022,274.6470466852188,0.0038994946517050266,395.94104547426105,304.03182315826416,9.073985296481624e-08,369.334716796875,315.07455825805664,2.905657403573514e-08,348.6270227432251,273.97630167007446,3.1466427117265994e-06,375.9908528327942,291.55178356170654,2.169038225474651e-06,374.54599952697754,304.6435604095459,2.043225322267972e-06,381.4167113304138,298.02603828907013,6.6759707806340884e-06,383.94045424461365,289.4517607688904,1.0,356.5633823275566,253.1346538066864,5.759767645940883e-06,371.7406053543091,298.34633553028107,3.467000624368666e-07,382.38177275657654,301.6081886291504,0.00022751750657334924
491,367.59285163879395,272.2160894870758,0.9994696974754333,358.5722494125366,284.2705119252205,0.9996260404586792,357.8987728357315,290.4647545814514,0.016322096809744835,368.12458324432373,306.7526960372925,0.0005015463102608919,360.54353308677673,266.4401288032532,0.00030366223654709756,344.7969045639038,275.67425322532654,0.0002620606392156333,395.76729318499565,304.0441770553589,9.534554834544906e-08,368.7471580505371,315.5906006395817,1.2553433847983797e-08,385.19986295700073,296.11771607398987,1.2889641993751866e-06,392.12196493148804,290.1595582962036,2.5095350792980753e-06,375.4110026359558,304.84198474884033,1.158226837105758e-06,382.45393991470337,298.2776381969452,6.353100161504699e-06,385.8644390106201,290.4985194206238,1.0,363.85529686510563,260.8919644355774,3.1610045425622957e-06,370.8223876953125,299.43669402599335,1.5899405525487964e-07,382.9028067588806,302.72396755218506,0.00010550619481364265
492,369.9553153514862,274.5496747493744,0.9999696016311646,361.876895904541,285.76613783836365,0.997161865234375,360.34517312049866,293.07505774497986,0.04926538094878197,368.12814116477966,308.5430379509926,0.005325467325747013,361.32805347442627,268.030863719061,0.026627512648701668,347.37736773490906,277.3336292505264,0.0009280598605982959,396.2691013813019,303.7512152194977,5.994370155804063e-08,369.2389888763428,316.5531852245331,2.585903224883168e-08,350.6537082195282,276.1782855987549,3.793000360019505e-06,393.0419166088104,290.22377574443817,2.914093784056604e-06,375.96187353134155,304.9478840827942,8.940163525039679e-07,382.3408489227295,298.0898414850235,1.3305450011102948e-05,388.01045673992485,291.0990490913391,1.0,363.0983622074127,261.74089193344116,4.8931131459539756e-05,370.5193796157837,298.6588349342346,2.5128085212600126e-07,382.66964983940125,303.5144577026367,0.00033967511262744665
493,370.54831528663635,277.0248739719391,0.9998428821563721,360.99846506118774,289.40327429771423,0.9948521256446838,360.1636772155762,297.11705899238586,0.07044535130262375,373.19972944259644,309.1426764726639,0.023509342223405838,363.5506144762039,270.73543977737427,0.0006225938559509814,348.887378513813,281.53902673721313,0.0005475789657793939,374.1813054084778,311.8596444129944,5.038920676270209e-07,370.8283634185791,316.43499448895454,3.4780955502355937e-06,398.19994282722473,297.8111093044281,1.4875987289997283e-05,389.9111018180847,298.0517832040787,7.377571455435827e-05,388.9718289375305,302.50799894332886,1.982960384339094e-05,383.4357771873474,299.52539536356926,8.559304114896804e-05,387.97781284339726,294.22476053237915,1.0,363.2506071925163,263.58968687057495,0.00038614292861893773,374.60633754730225,310.2739429473877,5.166207301954273e-06,383.93703842163086,306.18304193019867,0.0909198522567749
494,372.50199204683304,278.30520009994507,0.9993969202041626,364.4623447060585,289.4738495349884,0.9926751255989075,362.93393659591675,296.3043496608734,0.7097517848014832,374.29453134536743,310.2011630535126,0.544883131980896,378.7551836967468,315.251407623291,8.244636774179526e-06,350.64177083969116,282.12590765953064,2.2328693376039155e-05,372.28480529785156,311.18265104293823,1.6169802847798564e-06,359.6736545562744,314.98112761974335,1.6279664123430848e-05,381.81061398983,311.1079635620117,2.2204769265954383e-05,390.1507430076599,298.1328023672104,0.00011250529496464878,389.53378772735596,302.95094871520996,4.698512930190191e-05,384.2087743282318,300.41654056310654,6.31107686785981e-05,389.8275787830353,294.9433386325836,1.0,375.2686171531677,306.4235324859619,0.000680144876241684,372.3246021270752,308.88655519485474,1.0451298294356093e-05,377.1796975135803,307.4160795211792,0.8625670671463013
495,372.29797399044037,279.2900092601776,0.9998583793640137,364.83357602357864,290.9997316598892,0.9991822838783264,363.0699834227562,297.70123648643494,0.8909659385681152,374.0284628868103,310.57797169685364,0.6612676382064819,378.2122211456299,315.68898063898087,3.8028813378332416e-06,351.07007002830505,282.17026138305664,0.0001308720966335386,371.1522922515869,311.1193494796753,1.0043081601907033e-06,359.8976230621338,316.09823713451624,3.565461884136312e-05,398.5525097846985,298.0358132123947,2.6956136935041286e-05,390.23279428482056,297.18527364730835,0.00011784715752582997,390.4123487472534,303.34824299812317,8.267089287983254e-05,383.36751317977905,300.8652687072754,0.0001233678631251678,391.652138710022,295.3908669948578,1.0,361.6219873428345,266.5972332954407,0.0008523371652700007,371.25302600860596,308.7746629714966,5.43040596312494e-06,375.85557317733765,316.30366611480713,0.9272139072418213
496,373.16910207271576,280.7506651878357,0.9998772144317627,365.4939377307892,291.8777491077781,0.9993935823440552,363.2610867023468,298.29019260406494,0.9277467131614685,374.2380986213684,313.59995126724243,0.4274680018424988,362.26693522930145,275.42409431934357,0.00018714800535235554,350.85305309295654,283.0236024260521,0.005242294631898403,350.7969739437103,298.69138765335083,7.382259809673997e-06,371.7059955596924,324.5454144477844,4.8226749640889466e-05,400.05859184265137,297.7093951702118,1.850051194196567e-05,390.2030725479126,297.5359539985657,0.00012469889770727605,391.41094303131104,304.14695596694946,5.701916597899981e-05,383.6516876220703,300.9514550566673,0.00010801608004840091,391.7260808944702,297.86639308929443,1.0,361.435574054718,266.4079073667526,0.00012866217002738267,374.15574312210083,323.9821538925171,7.017062216618797e-06,379.9563771598041,318.0657596588135,0.9445480704307556
497,372.79327726364136,280.9792902469635,0.9965318441390991,366.11802983283997,293.32243609428406,0.9993638396263123,363.61942049860954,300.4628385901451,0.9441684484481812,373.98096466064453,314.98613691329956,0.818081796169281,363.192535340786,275.8386340588331,0.00016017472080420703,351.7573194503784,285.3865761756897,0.0054318225011229515,374.94384717941284,327.0936098098755,2.0453601337067084e-06,371.8186273574829,325.9346213340759,4.875961894867942e-05,400.5947527885437,297.9779796600342,1.4051361176825594e-05,390.30464029312134,297.33783292770386,5.094018342788331e-05,391.77596855163574,303.3096263408661,2.959770972665865e-05,384.2256693840027,301.7296025753021,3.870603541145101e-05,392.36034202575684,298.17178869247437,1.0,368.35775089263916,265.50489616394043,0.00011758381151594222,374.10653352737427,324.70729780197144,1.0537328307691496e-05,374.84176206588745,319.0484228134155,0.9826090335845947
498,375.86939811706543,282.9830241203308,0.997500479221344,369.98150753974915,293.4508491754532,0.9966108202934265,368.8544201850891,299.8319097161293,0.8464505076408386,374.95164728164673,315.41555029153824,0.9503470659255981,365.57606279850006,277.47314643859863,0.0010975986951962113,355.6601301431656,284.99753201007843,0.0038432469591498375,357.2136187553406,290.6464786529541,1.3017722721997416e-06,373.05080699920654,324.89047050476074,1.765273918863386e-05,401.8045744895935,296.9202780723572,8.968875590653624e-06,390.3469133377075,296.86331701278687,2.5051162083400413e-05,392.8291358947754,303.9179542064667,2.1202105926931836e-05,384.34131383895874,302.99112844467163,3.933624248020351e-05,394.92247354984283,299.26523780822754,1.0,367.6269121170044,265.79991126060486,0.0007699808920733631,359.09960317611694,293.98379135131836,5.746353508584434e-06,374.41329407691956,318.08158588409424,0.7938575744628906
499,374.29877400398254,287.90406608581543,0.9850566983222961,366.7663583755493,299.83022151887417,0.8684783577919006,367.97662925720215,301.7511234283447,0.009839686565101147,374.5129451751709,315.9254108443856,0.2568613588809967,362.68273627758026,283.43970918655396,1.8065622953145066e-06,351.5591595172882,290.17062652111053,9.962090553017333e-05,393.09977078437805,303.30848383903503,3.4492643408157164e-07,372.5923104286194,326.5748324394226,8.723243922759139e-07,402.05608463287354,297.37011551856995,2.3573606085847132e-05,390.797571182251,298.39252865314484,0.00010106727859238163,393.72016882896423,304.81029891967773,3.517823643051088e-05,384.17630672454834,303.31876587867737,6.90676097292453e-05,393.5206904411316,302.63126707077026,1.0,365.4803168773651,281.07396721839905,3.504724008962512e-05,387.33244705200195,303.3528687953949,1.6884951037354767e-05,382.414186000824,316.401620388031,0.017741749063134193
500,376.9617085456848,288.5335462093353,0.9981223940849304,368.53546929359436,299.9530898369849,0.750331699848175,368.58536291122437,303.4941973686218,0.0014972235076129436,374.7645688056946,317.7479022741318,0.054690342396497726,362.80542290210724,285.85450208187103,3.054799162782729e-05,351.82425713539124,292.34711453318596,0.00012490049994084984,390.55568838119507,316.146922275424,3.071849903335533e-07,385.09058952331543,320.3542194366455,1.7782730310500483e-07,398.0585935115814,312.4756646156311,8.626174349046778e-06,396.71545934677124,304.7614710330963,7.303574966499582e-05,388.22815322875977,306.28423845767975,1.3179565939935856e-05,389.91234397888184,302.6649432182312,2.7207399398321286e-05,395.6239722967148,304.8279252052307,1.0,390.31538009643555,307.5669536590576,1.2385897207423113e-05,387.9311466217041,313.76533460617065,2.1037142232671613e-06,371.9426779747009,312.54255867004395,0.003964930307120085
501,378.1374715566635,290.0106348991394,0.9982982277870178,369.4625446796417,301.52554082870483,0.6375482678413391,369.11287331581116,305.9560739994049,0.0003990198310930282,376.20097184181213,318.5968587398529,0.02065352536737919,363.07063913345337,287.5375156402588,1.1464286444606842e-06,356.3413787186146,291.45245492458344,0.00036142169847153127,358.3849334716797,303.5894079208374,7.200312666100217e-07,373.1685953140259,328.53255009651184,1.8020286063347157e-07,398.4443271160126,311.9013514518738,4.2544152165646665e-06,397.71255481243134,305.2832043170929,1.9480596165522e-05,388.3947615623474,317.6905679702759,7.355205070780357e-06,390.33897161483765,304.6111640930176,1.3062295693089254e-05,396.89255064725876,306.28781509399414,1.0,390.3153567314148,307.3005418777466,6.685240350634558e-06,386.9690418243408,314.01455092430115,9.888009344649618e-07,372.42756938934326,314.00070667266846,0.009819868952035904
502,379.48225569725037,291.0254292488098,0.9999169111251831,370.2301057577133,301.6770215034485,0.49186038970947266,372.81740713119507,306.13008069992065,0.00016714770754333586,376.69319677352905,318.6525194644928,0.00473002577200532,389.6040201187134,311.1381812095642,3.4976105780515354e-06,356.6269762516022,289.6802017688751,0.00033166888169944286,359.9262480735779,301.9223442077637,2.3057580165186664e-06,384.8452033996582,319.5618705749512,2.0905072517507506e-07,399.480628490448,311.65732860565186,2.9967382943141274e-05,391.72943019866943,310.4724521636963,0.0001566735445521772,389.5567111968994,318.37977170944214,5.9949979913653806e-05,386.9913330078125,313.5063383579254,3.640066279331222e-05,397.6553729772568,307.79440112411976,1.0,391.3131380081177,308.05820989608765,3.66392960131634e-05,387.7474069595337,313.82387232780457,2.4904949896153994e-05,378.91626596450806,311.4148292541504,0.010081641376018524
503,380.27856692671776,290.51762211322784,0.9999629259109497,371.37758111953735,302.5632252693176,0.9506882429122925,373.0399856567383,308.5418472290039,0.0008975611999630928,377.30777525901794,320.2062873840332,0.00202173856087029,364.9678048491478,287.351686000824,1.980569686566014e-05,356.77696990966797,291.75364074110985,0.001353633007965982,359.1142826080322,303.4055483341217,9.43367285799468e-06,372.3990001678467,328.2004346847534,5.2066781108806026e-08,399.7430193424225,310.87096977233887,3.72908175449993e-06,391.52547121047974,308.60820722579956,1.5091221939655952e-05,352.7245831489563,319.6646692752838,9.061788659892045e-06,368.8456325531006,311.38138031959534,9.260708793590311e-06,398.8839762210846,307.5371022224426,1.0,370.6559507846832,280.44132018089294,2.5198210096277762e-06,386.023229598999,314.4423406124115,3.3412115953979082e-06,374.45447635650635,313.571373462677,0.003312310902401805
504,380.4147204756737,291.31052857637405,0.9999908208847046,367.8194408416748,304.345351934433,0.9958890080451965,372.36059856414795,310.0014696121216,0.0006111626280471683,384.5748300552368,321.9611053466797,0.0007014157017692924,366.10124921798706,286.92944073677063,0.00010596617357805371,356.6965891122818,293.1851991415024,0.053197380155324936,359.62057542800903,305.30320930480957,3.897766418958781e-06,372.30075693130493,328.614098072052,8.589487521248884e-08,400.09793281555176,311.30500888824463,2.3136410163715482e-05,392.00493454933167,309.07724380493164,8.118791447486728e-05,391.03647089004517,319.4432637691498,1.88027297554072e-05,387.45569896698,313.13647079467773,4.783969052368775e-05,398.8416922092438,309.1594281196594,1.0,391.8635940551758,307.0286045074463,9.047316780197434e-06,386.99981784820557,314.91487169265747,2.708448482735548e-05,390.0041129589081,308.9850916862488,0.00022890156833454967
505,380.5145243406296,292.4520537853241,0.9999836683273315,369.0457992553711,305.99671268463135,0.9981858134269714,373.36655473709106,311.19105529785156,0.0007429714314639568,385.2664604187012,321.6924810409546,0.006223442032933235,370.41406404972076,288.74621057510376,1.4424426808545832e-05,356.70383459329605,293.64142620563507,0.33292582631111145,360.52236223220825,304.97028398513794,8.900742614059709e-06,373.5014672279358,327.67883253097534,2.4885548555175774e-07,400.39925384521484,310.3097577095032,1.4804543752688915e-05,392.02694034576416,308.8419804573059,5.6511129514547065e-05,357.0966964960098,321.2093713283539,4.762048411066644e-05,386.7151412963867,313.287220954895,2.1779182134196162e-05,399.43566060066223,309.13240444660187,1.0,391.5074315071106,307.44108867645264,8.742750651435927e-06,386.08384799957275,314.3615287542343,2.4779601517366245e-05,387.69176292419434,313.4398899078369,0.000852635654155165
506,381.1537104845047,291.1418287754059,0.9999983310699463,370.00844943523407,304.15272402763367,0.9980271458625793,373.05813932418823,309.92860746383667,0.0007018074975349009,384.9642906188965,321.52048444747925,0.002212869469076395,370.2699245214462,286.97430205345154,2.5760567950783297e-05,356.70878583192825,292.3513372838497,0.9959726929664612,361.265704870224,305.3599157333374,1.9496486856951378e-05,372.69703817367554,328.4013488292694,3.5504876905179117e-07,400.0943374633789,310.65340185165405,1.7612297597224824e-05,391.8659768104553,308.30906343460083,4.39612558693625e-05,355.895083501935,317.9079632759094,5.4232288675848395e-05,392.48491072654724,305.88447666168213,2.07645061891526e-05,399.47802472114563,308.45415210723877,1.0,391.55240201950073,307.3366756439209,1.993833211599849e-05,386.1636371612549,314.6641763448715,2.004263296839781e-05,394.06422889232635,309.5898141860962,0.00018010784697253257
507,384.24248719215393,292.5118588209152,0.9999943971633911,374.8894844055176,305.6626811027527,0.942084550857544,374.8684387207031,311.09367752075195,0.0013608671724796295,387.2313814163208,321.7089033126831,0.005324505269527435,402.7849950790405,310.06505250930786,4.6255576080511673e-07,358.16509222984314,296.0561020374298,0.0015309973387047648,365.7762964963913,311.9529187679291,6.4426430981257e-06,374.160382270813,328.0853462219238,4.4952400912734447e-07,400.94243001937866,310.52361965179443,7.127265234885272e-06,395.09257888793945,311.3858141899109,3.455754631431773e-05,358.3372440338135,320.96556997299194,0.0001358919107588008,369.7296862602234,316.91261595487595,3.497779107419774e-05,401.7826256752014,309.76795077323914,1.0,392.4853594303131,307.733850479126,4.14307260143687e-06,386.17029190063477,314.2571861743927,2.2010193788446486e-05,383.871075630188,312.1449155807495,0.0006052023964002728
508,385.92605924606323,292.6386418938637,1.0,376.11950635910034,304.7515871524811,0.9855051636695862,375.1823744773865,310.1213092803955,0.017086392268538475,387.428560256958,321.82323360443115,0.006306927651166916,371.90675980597734,287.06640911102295,0.007531527429819107,359.10030460357666,292.6700100302696,0.5809348225593567,366.2854588031769,310.41374349594116,4.930872091790661e-05,372.6463475227356,328.8008396625519,1.3259203797133523e-06,400.01165771484375,309.97825050354004,2.7944879548158497e-05,395.3776397705078,311.5421676635742,0.00010105253750225529,357.13364458084106,318.2063865661621,0.001380666857585311,389.0564646720886,313.0037045478821,0.00014692598779220134,401.89005517959595,310.8363950252533,1.0,393.0199658870697,308.141508102417,2.223744559159968e-05,386.56933879852295,314.6477063894272,8.478426752844825e-05,384.77916431427,312.56422901153564,0.00918592233210802
509,386.96391129493713,293.05672228336334,0.9999971389770508,377.4114067554474,305.4210956096649,0.9507617354393005,376.2287037372589,310.84243154525757,0.0013813284458592534,388.4233808517456,321.0454478263855,0.0011606323532760143,401.77374362945557,309.0607147216797,5.023322046326939e-06,360.4924666881561,293.0267916917801,0.06427143514156342,368.34515857696533,311.3522114753723,8.293934115499724e-06,372.98733139038086,329.1299343109131,1.2122795851610135e-06,414.40920400619507,312.0632984638214,3.358395042596385e-05,404.1181116104126,313.989462852478,0.00036117626586928964,358.00626945495605,319.58922696113586,0.0008973427466116846,395.61112785339355,315.0895109772682,0.0001791659597074613,403.55835831165314,310.4260768890381,1.0,405.91129779815674,309.9237461090088,1.5052685739647131e-05,385.8161563873291,314.52902352809906,2.4231301722466014e-05,396.91750943660736,311.34992599487305,0.006165084429085255
510,386.1157805919647,294.230131149292,0.9999992847442627,377.28254556655884,306.5525004863739,0.9627304077148438,376.672256231308,312.1293799877167,0.0033321816008538008,388.0563220977783,324.6682593822479,0.0005478269304148853,371.8481338471174,290.66047954559326,4.509200152824633e-06,358.839882850647,294.61357855796814,0.3336196839809418,370.1418492794037,309.88934230804443,1.0685855158953927e-05,374.4900212287903,329.9349274635315,6.19193997408729e-07,415.4860084056854,312.57842659950256,1.4398148778127506e-05,405.01052141189575,313.362544298172,7.429993274854496e-05,358.30300664901733,318.86720848083496,0.0006346160662360489,396.8808012008667,315.321884393692,6.419300916604698e-05,404.26602962613106,312.17850399017334,1.0,399.7368006706238,308.0934557914734,1.5852274373173714e-06,384.0890874862671,315.742417126894,4.0015283957473e-06,383.84222984313965,314.71321964263916,0.020563464611768723
511,387.0983567237854,294.8143060207367,0.9999808073043823,377.54478693008423,307.2153008580208,0.9675416946411133,376.4938485622406,312.2094271183014,0.0016122168162837625,389.3923625946045,322.5326690673828,0.0008922992274165154,400.9307689666748,308.5533003807068,1.0047085652331589e-06,358.74218797683716,293.92327785491943,0.6966804265975952,362.76434230804443,305.704110622406,2.8729189580189995e-05,373.8106541633606,330.5282847881317,4.510106634825206e-07,415.49504947662354,312.8059630393982,1.4846110389044043e-05,404.9801697731018,313.1669890880585,5.20295106980484e-05,358.6606140136719,319.1902275085449,0.00015268955030478537,397.280264377594,316.56969970464706,4.4767610233975574e-05,405.3086873292923,312.0460925102234,1.0,400.2654778957367,308.47229385375977,3.9237802411662415e-06,384.439603805542,315.4661149382591,3.1955214581103064e-06,388.24233627319336,315.4041202068329,0.010211714543402195
512,386.6026312112808,294.46472096443176,0.9999998807907104,378.41492760181427,307.4487637281418,0.9939449429512024,380.2748341560364,314.33869302272797,0.0012234452879056334,388.1915602684021,326.88028955459595,0.0011798127088695765,371.905946880579,289.16992807388306,0.0003719989617820829,359.81773376464844,292.7422592639923,0.9959813356399536,364.247302159667,304.4868597984314,0.0004429227556101978,383.3462953567505,332.5065927505493,1.7541846375479508e-07,415.9942183494568,313.0342812538147,7.5874809226661455e-06,404.3983144760132,313.820029258728,2.3840515495976433e-05,357.69240391254425,308.65061604976654,0.0006395506206899881,398.2440104484558,316.8614503145218,2.2205867935554124e-05,405.1333235502243,313.12940645217896,1.0,380.7566273212433,293.10980319976807,6.962157499401656e-07,368.8322010040283,306.9266791343689,7.067695833029575e-07,384.15865755081177,314.9678955078125,0.0002316658792551607
513,388.20473739504814,295.6196885108948,0.9999991655349731,380.2929353117943,308.4901675581932,0.9956722259521484,381.50320863723755,313.89271450042725,0.0037507496308535337,389.54248809814453,326.75772619247437,0.00021027047478128225,374.03514528274536,288.5541162490845,0.00021989089145790786,360.03398275375366,293.9290986061096,0.9985004663467407,364.3670423030853,305.99551820755005,3.116470907116309e-05,384.5156888961792,332.9015233516693,9.614266360813417e-08,416.75733518600464,312.7321825027466,9.976974979508668e-06,405.7059760093689,312.58894634246826,2.831124402291607e-05,359.87987518310547,318.3657965660095,0.0006376419914886355,398.1693420410156,317.0113594532013,2.3005675757303834e-05,407.7002019882202,314.1971344947815,1.0,380.4246422946453,294.199912071228,2.368964260313078e-06,402.33763885498047,317.90517938137054,2.872490313166054e-06,384.7543520927429,316.50643730163574,0.00023276980209629983
514,388.2559509277344,296.9376759529114,0.9999972581863403,379.6120443344116,310.4763653278351,0.9936639070510864,386.01101303100586,315.3053202033043,0.0007777049904689193,389.3732867240906,329.92647647857666,0.0003800881386268884,371.58510303497314,291.05400800704956,0.006065217778086662,359.6758801937103,295.4567983150482,0.9997716546058655,371.3950276374817,311.74228167533875,2.305632187926676e-05,385.47865200042725,332.1057167202234,3.713378191605443e-07,416.6385097503662,312.7419464588165,5.701906957256142e-06,405.1494355201721,312.62912368774414,1.0896133971982636e-05,365.3874316215515,321.3562955856323,0.006204693112522364,396.22067499160767,317.37621557712555,1.486652581661474e-05,408.21919202804565,314.2917242050171,1.0,380.6362645626068,293.6897888183594,6.662359737674706e-06,401.2684383392334,318.67755913734436,9.360565513816255e-07,389.4123258590698,318.85237216949463,0.0008861353853717446
515,389.8533807992935,296.4429597854614,0.9999854564666748,383.04323148727417,309.57083809375763,0.9816524386405945,386.3588752746582,315.21396511793137,0.00614060927182436,390.8537173271179,328.04570293426514,0.0006256674532778561,375.59339904785156,288.8337731361389,4.113959948881529e-05,360.3949031829834,293.89550364017487,0.9994996786117554,372.2414732426405,311.1788287162781,1.3510210010281298e-05,384.9732961654663,333.04993546009064,4.545449314719008e-07,417.1453928947449,312.9240052700043,1.784788037184626e-05,406.2676019668579,311.4916672706604,4.3661861127475277e-05,360.29786252975464,319.4862594604492,0.0018995446152985096,402.56918811798096,315.48777401447296,2.9451581212924793e-05,411.1920953989029,314.5020213127136,1.0,380.7225252389908,295.03640270233154,5.387524652178399e-06,401.44400215148926,317.67115020751953,1.0154888514080085e-05,400.7958183288574,315.63040694594383,0.00016135998885147274
516,391.8765158653259,296.9312219619751,0.9999285936355591,384.26777243614197,310.56618452072144,0.9585332870483398,387.9848041534424,314.7957110404968,0.005853428039699793,391.4682865142822,327.7780442237854,0.00038909053546376526,376.4721853733063,290.43613517284393,0.13408051431179047,363.12156265974045,295.29179334640503,0.9992282390594482,374.87314534187317,311.10221815109253,0.00042670973925851285,386.7849645614624,332.54324024915695,1.6129528148667305e-06,417.0338063240051,312.0418219566345,1.4580697097699158e-05,405.6768364906311,311.2683300971985,2.684771789063234e-05,366.6511468887329,320.8961572647095,0.03418254107236862,377.9722638130188,317.16839599609375,5.1785624236799777e-05,412.5112556219101,314.3267831802368,1.0,381.92099165916443,294.2778306007385,2.9914390324847773e-05,400.81097316741943,317.76299381256104,1.2014964340778533e-05,399.08397030830383,316.653812289238,0.01761484146118164
517,395.3690757751465,298.26707780361176,0.9971426129341125,385.61593317985535,310.2874002456665,0.6022812724113464,388.6038737297058,313.7306978702545,0.006144448649138212,391.5540437698364,326.5096261501312,0.007643464952707291,376.50095534324646,296.0836100578308,1.4639651908510132e-06,365.6634669303894,294.82704162597656,0.8242942094802856,375.70288133621216,310.86589646339417,0.0003825761377811432,386.3387985229492,330.9921133518219,1.620180114514369e-06,416.9683165550232,312.505765914917,6.843893061159179e-06,407.25629711151123,311.23815631866455,9.283115105063189e-06,361.21453762054443,319.0132279396057,0.0027945092879235744,377.0223526954651,317.27674198150635,4.832697595702484e-05,412.50244468450546,314.90073585510254,1.0,381.3322114944458,296.470814704895,4.4383391468727496e-06,400.56011962890625,316.90074640512466,7.411852948280284e-06,397.9961926937103,317.09664380550385,0.010468509048223495
518,395.54517805576324,299.47205197811127,0.9998031258583069,385.6832523345947,310.72709560394287,0.9817239046096802,389.2617540359497,315.3991646170616,0.00820859894156456,392.69484782218933,328.96401381492615,0.01690066233277321,379.8170168399811,293.3069131374359,0.00013318726269062608,365.8907723426819,296.96398401260376,0.9993051290512085,375.94719791412354,311.9316780567169,0.004913836717605591,385.9665412902832,330.8362407684326,1.2066381032127538e-06,376.27759313583374,299.91890501976013,9.24817595659988e-06,353.79028058052063,303.78080344200134,3.3128869745269185e-06,366.72297072410583,320.44422936439514,0.10427068918943405,379.1715393066406,321.2233519554138,0.000373414863133803,414.0496835708618,316.41781836748123,1.0,381.28332102298737,295.67666816711426,6.578954071301268e-06,399.3934803009033,317.67549896240234,4.2196211325062905e-06,399.0489947795868,318.88180208206177,0.004773061256855726
519,395.9155140221119,299.7854102998972,0.9994889497756958,385.6091117858887,310.8994240760803,0.9359230399131775,389.9096932411194,314.49644100666046,0.0010005106450989842,392.15621185302734,328.4995958805084,0.0023617383558303118,381.05701875686646,292.7429699897766,0.0014183329185470939,367.81053137779236,296.77952432632446,0.9971862435340881,376.46402072906494,311.6330614089966,0.0010493810987100005,387.41703510284424,330.8671621084213,7.414888614221127e-07,377.09147095680237,300.28632828593254,1.1303222891001496e-05,407.27056312561035,310.7672348022461,3.5756163470068714e-06,367.1050271987915,319.51205825805664,0.15666842460632324,379.52304315567017,320.73455238342285,0.0003410015197005123,413.92672753334045,315.80408151447773,1.0,381.43958258628845,295.0868821144104,1.1855637239932548e-05,399.79779148101807,316.8015268445015,4.835422259930056e-06,399.1622507572174,317.7771170139313,0.022072097286581993
520,395.83844266831875,302.36327600479126,0.998325765132904,384.3871958255768,313.3126742839813,0.9953304529190063,389.96521759033203,317.5781127214432,9.606310777598992e-05,393.57018637657166,330.37615275382996,0.00018098769942298532,416.8216314315796,311.29293727874756,6.87855163050699e-07,368.64293384552,298.72173726558685,0.4824666380882263,376.32616090774536,306.75640630722046,1.5502714632020798e-06,389.4590263366699,332.67188960313797,9.838654477789532e-07,415.50099539756775,311.37865924835205,8.633835932414513e-06,412.21646213531494,311.44009017944336,1.4251853826863226e-05,367.0444452762604,321.34045338630676,0.0019107670523226261,404.7961277961731,317.4427262544632,4.891909338766709e-05,416.5369074344635,317.75619316101074,1.0,408.95301842689514,309.2425694465637,6.83221287545166e-07,399.79802799224854,317.62143325805664,6.371691142703639e-06,401.36785984039307,318.93455362319946,0.01389570627361536
521,398.8758165836334,301.37765645980835,0.9982300400733948,386.496439576149,312.410368680954,0.9914485812187195,390.3600182533264,316.8757385611534,0.00021089673100505024,401.9300584793091,328.8097801208496,0.00012687427806667984,379.3893141746521,298.19559931755066,6.045313966751564e-06,368.4665653705597,298.46110463142395,0.9950714111328125,375.77634143829346,306.8557949066162,7.031425775494426e-05,388.26578426361084,333.5281215906143,1.5486104132378387e-07,432.16239976882935,313.43606328964233,1.0239795301458798e-05,420.76089096069336,315.19917023181915,2.3591013814439066e-05,367.8149402141571,320.8007962703705,0.005324712023139,380.8153419494629,321.0771484375,3.8375292206183076e-05,417.01832818984985,318.3171877861023,1.0,382.0990102291107,296.41007924079895,4.142325906286715e-06,398.1008253097534,318.2268798351288,1.1401027677493403e-06,400.4666938781738,319.74503445625305,0.0010280478745698929
522,399.08219051361084,304.5915620326996,0.9998173117637634,385.19520020484924,314.72050428390503,0.9964587092399597,390.37391328811646,318.5262060165405,1.2502280696935486e-05,401.51112365722656,330.69972360134125,0.00027991406386718154,378.97377598285675,298.86544501781464,1.0508008472243091e-06,367.8217182159424,298.6679301261902,0.9861591458320618,375.4760174751282,306.9512825012207,1.4592783372791018e-05,389.04017210006714,333.76373064517975,1.2160909079739213e-07,431.62157917022705,313.4147069454193,6.158946234791074e-06,359.47969579696655,306.27928268909454,1.0726645086833742e-05,367.18994069099426,319.64607763290405,0.004038184881210327,381.7978811264038,323.5281791687012,5.77610480831936e-05,416.69626903533936,319.77488946914673,1.0,381.0582365989685,296.48895716667175,1.7810660210670903e-05,398.9873847961426,318.0113534927368,2.6461541438038694e-06,401.4706492424011,320.14596128463745,0.004534893669188023
523,400.9347198009491,304.29565596580505,0.9984481334686279,385.7235128879547,313.6199200153351,0.977664053440094,401.51761054992676,315.6546750962734,2.5499915864202194e-05,402.7496147155762,329.97638058662415,0.00022912495478522032,415.44772243499756,310.9964671134949,7.608650776091963e-07,371.7030220031738,301.0144543647766,0.9360341429710388,386.8791891336441,312.34059143066406,2.061846316792071e-06,389.6751775741577,332.23340241611004,1.5524224750151916e-07,431.78653836250305,311.48188495635986,7.3862734097929206e-06,422.4815950393677,315.3021041750908,7.381534487649333e-06,375.07114601135254,319.7993402481079,0.0002106481115333736,406.491238117218,318.08403968811035,3.305780774098821e-05,416.6445894241333,319.940034866333,1.0,407.2207636833191,315.1263589859009,9.794486004466307e-07,399.451696395874,316.0266579464078,4.136215466132853e-06,403.45961660146713,318.03293657302856,0.12183377146720886
524,405.6125907897949,305.17098665237427,0.9999667406082153,395.49030286073685,317.1346266269684,0.8878865242004395,402.5202445983887,317.5073084831238,0.00021647097310051322,406.1970434188843,330.6840318441391,0.016176313161849976,391.75229263305664,299.1182162165642,1.323159085586667e-05,377.74135756492615,305.4310071468353,0.6838664412498474,388.35458013415337,312.1399459838867,0.001025260193273425,398.2729501724243,334.2593276500702,1.5904455494819558e-06,433.2616720199585,311.9397654533386,3.558203161446727e-06,368.00475883483887,312.97534704208374,1.205528405989753e-05,374.2706882953644,320.1707179546356,0.7699612975120544,394.5478663444519,326.3538475036621,9.131166007136926e-05,422.18858647346497,320.0583257675171,1.0,387.0659168958664,296.9321086406708,1.346607859886717e-06,398.68958854675293,317.5466104745865,1.215807401422353e-06,405.83301734924316,322.8998923301697,0.08028166741132736
525,404.6950047016144,305.3754458427429,0.9997645020484924,395.08291059732437,317.350927233696,0.967780351638794,402.3527584075928,317.09175634384155,5.5590353440493345e-05,406.47126388549805,330.84747087955475,0.02378370799124241,392.9429621696472,300.1749373078346,2.0494650016189553e-05,374.4937038421631,304.374874830246,0.9919317364692688,388.9409320950508,313.72833585739136,0.00016751819930505008,401.46737003326416,332.0208235960454,2.760253607902996e-07,432.6951870918274,311.12580251693726,5.6078361012623645e-06,426.4730449914932,319.499062538147,1.250567856914131e-05,373.9811774492264,319.52485609054565,0.6220911741256714,401.86748790740967,323.37623405456543,5.2748768212040886e-05,421.61027562618256,320.9053044319153,1.0,393.87607431411743,297.93804478645325,8.963701816355751e-07,398.5375232696533,316.02317487448454,3.7052986954222433e-06,413.808132648468,318.1167869567871,0.018445203080773354
526,404.80353969335556,306.4325259923935,0.9998917579650879,394.41375637054443,319.51982283592224,0.9924828410148621,401.3551082611084,321.26375818252563,2.296819047842291e-06,406.27256965637207,333.713286280632,0.0029822203796356916,391.0095229148865,300.1382207274437,1.7831529476097785e-05,374.037962436676,304.6002388000488,0.9999855756759644,385.3120188713074,319.88664150238037,1.7089191715058405e-06,401.19648265838623,333.9908928871155,1.143788175284044e-08,431.6557524204254,326.62194633483887,6.543905783473747e-06,421.4768862724304,325.7640633583069,5.322327706380747e-05,373.12166118621826,321.0328953266144,0.16148191690444946,417.7876844406128,321.657350063324,1.0132792340300512e-05,422.4237976074219,323.95573291555047,1.0,422.274218082428,322.1508331298828,4.387993328691664e-07,403.008225440979,327.1146020889282,3.1783952181285713e-06,415.22801876068115,317.8544445037842,0.0008281130576506257
527,404.41545084118843,307.1668165922165,0.9976282715797424,395.5899119079113,317.3926213979721,0.9825882911682129,398.65809297561646,321.02979373931885,9.846861757978331e-06,406.59910917282104,332.4079219400883,0.00042724169907160103,392.0744047164917,300.9612972140312,6.24955864623189e-05,374.7242867946625,306.46890592575073,0.9991809725761414,390.49706196784973,321.0478005409241,1.924901698657777e-05,430.5080382823944,5.099436521530151,2.549982980326604e-07,428.66732144355774,4.502830326557159,1.9399205939407693e-06,366.6327586174011,316.2248381525278,1.9667675587697886e-05,374.15664863586426,321.579870223999,0.7647006511688232,401.8551321029663,323.3608236312866,1.6749208953115158e-05,422.5577938556671,322.9135887622833,1.0,435.59555381536484,-3.4042205810546875,8.19668457552325e-07,434.57987785339355,0.7581641674041748,1.4970820529924822e-06,405.1021966934204,325.2843532562256,0.008682250045239925
528,404.3653247654438,308.5972901582718,0.9945868253707886,396.07800820469856,318.4039590358734,0.9893926382064819,398.7890839576721,321.5194847583771,4.520450238487683e-05,405.200400352478,331.54095086455345,0.004015914164483547,392.728711605072,302.0684869289398,0.0005868151783943176,374.58813667297363,307.2626696228981,0.9990888833999634,389.96819043159485,321.4934883117676,4.899159102933481e-05,430.0959918498993,5.135127425193787,4.5596158315674984e-07,391.8145513534546,310.3782367706299,5.807267825730378e-06,366.8315987586975,317.7937922477722,1.0968929018417839e-05,374.0488917827606,322.01054668426514,0.37087661027908325,426.56437611579895,1.3819856643676758,1.5271862139343284e-05,424.56019616127014,324.2344798594713,1.0,392.29099893569946,298.31318950653076,1.969072172869346e-06,433.9045236110687,1.4855804443359375,2.1575347091129515e-06,403.6562943458557,326.5010166168213,0.007483350113034248
529,406.20969820022583,309.3064979314804,0.9995902180671692,397.50776290893555,320.83560705184937,0.9624390006065369,403.2206087112427,323.5955159366131,7.988815013959538e-06,407.585337638855,334.95064187049866,0.0006235059699974954,393.8256709575653,303.9118683338165,6.290137389441952e-05,378.9460550546646,310.5375826358795,0.9961342811584473,391.94953441619873,318.51163721084595,4.29592801083345e-05,430.44268012046814,5.3835976123809814,2.6560826427157735e-07,392.037100315094,311.97535371780396,1.2151896044088062e-05,422.7063002586365,325.62113094329834,2.6382083888165653e-05,375.65048813819885,322.5660802125931,0.2860740125179291,403.29646348953247,325.377667427063,6.975299766054377e-05,425.6950957775116,326.1727089881897,1.0,397.11098289489746,311.8553400039673,2.639727199493791e-06,402.3157892227173,328.1456530094147,1.376757495563652e-06,404.69579219818115,328.1288299560547,0.0029438985511660576
530,406.6995847225189,310.13107204437256,0.9999213218688965,397.17113065719604,323.0919758081436,0.9836491346359253,401.8451633453369,326.3736882209778,1.232783506566193e-05,406.9591455459595,336.090452671051,0.0005099832196719944,393.22856044769287,304.6067955493927,0.00025705964071676135,377.929655790329,312.13124561309814,0.5719678997993469,393.310152053833,318.2152659893036,1.2452956980268937e-05,430.2485899925232,5.4043272733688354,6.462738610935048e-07,392.83518385887146,312.4768989086151,1.2020615031360649e-05,421.9021716117859,326.4357075691223,3.431571167311631e-05,374.0431430339813,323.16433638334274,0.01776900142431259,403.04447984695435,326.1171703338623,5.04773561260663e-05,425.08645391464233,327.35184693336487,1.0,435.4069510102272,-2.8931164741516113,5.15712054038886e-06,401.44645500183105,329.37653064727783,1.108101787394844e-05,403.17063570022583,329.1281280517578,0.003225073916837573
531,408.3264682292938,312.8033890724182,0.9972540736198425,398.4213619232178,322.70015001296997,0.16367590427398682,403.7667427062988,325.7103819847107,9.906398190651089e-06,406.98832416534424,334.17898964881897,0.0002916702360380441,392.97769260406494,306.41476702690125,5.48896896361839e-05,380.5722028017044,310.3517527580261,0.0811077281832695,394.3731516599655,317.5097236633301,0.0001210499758599326,429.3768643140793,5.138944625854492,2.78191862435051e-07,393.0463066101074,313.4145061969757,1.1148037629027385e-05,423.5946774482727,326.27005767822266,1.0386079338786658e-05,377.49092864990234,323.6210170686245,0.015268167480826378,400.58728981018066,325.17752742767334,7.334011752391234e-05,425.5039396286011,326.52713322639465,0.9999884366989136,402.78376042842865,312.67521023750305,2.187706013501156e-05,403.2530059814453,328.54778361320496,1.399983921146486e-05,404.1200191825628,323.30068385601044,0.10566440969705582
532,409.574059009552,313.2433910369873,0.9990574717521667,400.9832088947296,323.7159506082535,0.4193083941936493,405.3381953239441,326.10825967788696,4.102425737073645e-05,409.03063678741455,335.90701174736023,0.0004098080680705607,396.09828063100576,306.86616814136505,0.0005126352189108729,385.01485896110535,312.2499039173126,0.09531132131814957,397.06418812274933,323.64932030439377,0.0003839817363768816,429.5109417438507,5.518540859222412,7.67104040733102e-07,392.87320828437805,314.4153753519058,2.3299082386074588e-05,429.93767535686493,0.23671507835388184,1.576169961481355e-05,379.410964012146,324.71891736984253,0.0203755721449852,400.5798988342285,325.7519693374634,7.637590897502378e-05,427.9847887735814,327.6817719936371,0.9999982118606567,435.11644953489304,-2.7454748153686523,1.1331878340570256e-05,432.74002599716187,1.8241817951202393,6.378865691658575e-06,407.6226100921631,328.8172073364258,0.06635265797376633
533,410.9460594654083,315.4969913363457,0.9998998641967773,402.6967520713806,327.84166145324707,0.5898084044456482,406.4383659362793,329.8283109664917,0.00017421443772036582,420.4684329032898,336.2029848098755,0.00026158610126003623,426.9874042272568,2.849871039390564,1.1793615158239845e-05,385.44445300102234,315.97288132831454,0.07238014787435532,398.8347661495209,327.1828465461731,2.0420668079168536e-05,429.54848051071167,5.655451655387878,8.577737844461808e-07,428.4948230087757,4.976356327533722,2.5026351067936048e-05,429.6776683330536,0.6003921031951904,1.4175496289681178e-05,377.1013927459717,332.41642048954964,0.00025000603636726737,427.3420408964157,1.9615113735198975,3.811869828496128e-05,431.17467308044434,330.24973952770233,0.9999821186065674,434.5983370542526,-3.061115264892578,9.168220458377618e-06,431.8583903312683,2.054237723350525,3.285938873887062e-05,413.54631304740906,331.45380771160126,0.013261607848107815
534,409.82325530052185,316.10550916939974,0.999636173248291,401.72700119018555,325.8709239959717,0.07826283574104309,406.65639543533325,328.30975365638733,0.00026803501532413065,408.4172856807709,338.35007333755493,6.432015652535483e-05,397.1937997341156,309.6939160823822,0.00015264193643815815,431.4578604698181,3.398742377758026,0.020690487697720528,429.48173928260803,4.103443555533886,2.084052721329499e-05,429.21471631526947,5.43157684803009,1.8563392814030522e-06,427.85743284225464,4.264353901147842,0.00010607262811390683,429.0409326553345,1.3972814083099365,5.110931670060381e-05,377.4683952331543,332.16717982292175,0.00010730228677857667,427.94061562791467,2.4028409719467163,5.868710650247522e-05,430.8859028816223,330.1296943426132,0.9984186887741089,427.67728185653687,0.8260254859924316,3.452046075835824e-05,430.9204659461975,2.679900288581848,0.00022923813958186656,407.33986949920654,333.16109549999237,0.06411445140838623
535,415.3355712890625,316.5079421401024,0.9998706579208374,403.0406101346016,325.89575242996216,0.7052778005599976,407.41972398757935,329.6103572845459,0.001360186841338873,419.4572982788086,338.8180307149887,6.276919157244265e-05,402.35627257823944,310.2322402000427,8.10249475762248e-05,385.08755350112915,316.19979578256607,0.6787583231925964,399.4883997440338,326.9108486175537,0.0009079445153474808,404.8336458206177,333.9911335706711,4.433413280935383e-08,394.7673388719559,316.78863525390625,8.212517968786415e-06,375.51045751571655,322.43475568294525,2.4328724066435825e-06,381.68102860450745,337.4729905128479,0.03004678711295128,399.3433804512024,333.70793640613556,0.00012048421194776893,432.39179730415344,332.1494451761246,0.9999756813049316,401.1644902229309,312.30218601226807,2.0302484244894003e-06,401.8728847503662,330.9014701843262,3.244156914661289e-06,413.4421663284302,332.73758655786514,0.04709506779909134
536,416.7868993282318,320.5141019821167,0.9998119473457336,407.6837148666382,327.6033411026001,0.29075098037719727,408.5340311527252,329.8845238685608,0.0002991425571963191,421.2654881477356,340.1718469709158,0.0013796364655718207,398.96798276901245,309.97893738746643,5.064747165306471e-05,384.0757040977478,316.68498688936234,0.9454615712165833,398.7377848625183,325.4155840873718,0.004724934697151184,400.47447681427,334.86427211761475,1.415213688460426e-07,430.2941904067993,325.173246383667,3.206159590263269e-06,429.6110725402832,329.4450123310089,5.087743375042919e-06,377.97455072402954,332.33769553899765,0.08164960891008377,394.5982279777527,335.71088337898254,0.0004147685831412673,433.16677236557007,333.1678693294525,0.9999992847442627,409.6549527645111,323.273344039917,8.592573976784479e-07,415.45685291290283,330.82558822631836,7.219942290248582e-06,413.0878840684891,332.4208973646164,0.06512290239334106
537,417.5605671405792,321.3618817329407,0.9999936819076538,402.1567770242691,328.00559282302856,0.01078603696078062,407.8928418159485,331.61043882369995,2.955621857836377e-05,421.9676089286804,339.5647896826267,0.0002143002930097282,401.9956102371216,325.8378891944885,1.0470123015693389e-05,388.21460254490376,318.7338104248047,0.0944431945681572,401.7986059188843,326.47239232063293,0.0004644528962671757,405.4042453765869,332.32416731119156,3.217474159100675e-06,408.5374855995178,326.61349630355835,1.0188296073465608e-05,429.6068425178528,330.2569160461426,1.075365344149759e-05,382.8105239868164,337.7553720474243,0.019710863009095192,410.27366757392883,334.3207628726959,0.00024161695910152048,433.6097798347473,334.0574827194214,0.9999837875366211,410.4315470457077,326.74785137176514,1.0415906217531301e-05,401.85912227630615,332.626665353775,6.937964644748718e-05,413.2449015378952,335.41702103614807,0.959726095199585
538,416.8624894618988,321.0933418273926,0.9999911785125732,403.77110001444817,329.6386616230011,0.7076522707939148,408.1157901287079,334.13208413124084,0.00029577829991467297,420.4488091468811,343.5281195640564,0.003679645014926791,403.41938495635986,314.7814029455185,3.4345825952186715e-06,386.7680377960205,319.0881042480469,0.8449864387512207,399.692462682724,328.18014764785767,0.00010603076952975243,407.3041043281555,345.14863896369934,1.816986667790843e-07,448.05194759368896,329.68808817863464,1.6462829535157653e-06,430.27209186553955,329.7885949611664,2.742796141319559e-06,377.88438272476196,333.46305799484253,0.022816304117441177,401.089617729187,336.0597810745239,3.0409026294364594e-05,433.55914306640625,335.6121873855591,0.9999963045120239,411.47994750738144,324.1038146018982,9.825087090575835e-07,400.36215591430664,333.64424777030945,6.381542789313244e-06,413.5136080980301,336.68934774398804,0.025182902812957764
539,417.35637283325195,321.37071204185486,0.9999947547912598,407.48071575164795,330.313196182251,0.23424683511257172,408.21843934059143,332.8827468752861,0.00018602379714138806,422.0476498603821,341.5942163467407,0.0007051800494082272,401.458327293396,324.3364825248718,1.845286533352919e-06,387.7648955434561,318.76327180862427,0.029886670410633087,398.78362226486206,330.21534729003906,0.00035345880314707756,405.2726402282715,333.6971586942673,3.3457698123129376e-07,448.1208257675171,327.41045570373535,3.906001438735984e-06,429.57215118408203,329.87894439697266,1.599731513124425e-05,382.0834879875183,337.5112409591675,0.061036042869091034,399.1738998889923,335.4302542209625,0.0001031751962727867,434.9435203075409,334.62441325187683,0.9999994039535522,410.6363596916199,325.18565034866333,7.84717394708423e-06,400.97586727142334,332.91346776485443,6.618878251174465e-05,413.21515560150146,335.49986243247986,0.14153580367565155
540,415.4281358718872,322.8924889564514,0.999915599822998,402.3241271972656,330.5328515768051,0.44306257367134094,407.7593855857849,334.1173560619354,1.9217193766962737e-05,408.4514698982239,344.4466698169708,0.0001641162671148777,401.889910697937,317.15617763996124,2.6512213935347972e-06,387.5389525592327,319.60964822769165,0.08512189984321594,397.1636235713959,331.7739013880491,2.590875737951137e-05,405.6606616973877,343.6331720352173,5.284260282678588e-07,429.41568517684937,326.50895500183105,2.1365308384702075e-06,430.49854803085327,330.4578515291214,3.370639205968473e-06,382.29963302612305,335.64419651031494,8.910624455893412e-05,401.7301368713379,335.3965268135071,2.76961836789269e-05,431.983877658844,336.29916763305664,0.9999474287033081,411.02584302425385,325.1937494277954,7.576609846182691e-07,401.06936168670654,333.10847091674805,9.344214959128294e-06,418.4934538602829,333.877366065979,0.08661932498216629
541,416.1900191307068,322.0943523645401,0.9999234676361084,403.54576951265335,329.19868564605713,0.6939918994903564,409.1471199989319,333.02231657505035,0.0006237752386368811,421.60413360595703,344.02163219451904,0.0006126320222392678,402.30869257450104,315.4674609899521,0.0002333991724299267,388.607184112072,319.5571508407593,0.358776330947876,399.0970187187195,331.6967251598835,2.0128982214373536e-05,407.35312604904175,333.1992584466934,4.190935598558099e-08,408.56558895111084,325.9008183479309,1.0157222050111159e-06,431.0900831222534,329.8961217403412,8.977012271316198e-07,388.3564820587635,335.37810754776,0.005342075135558844,401.12113666534424,333.4865103960037,5.54303805984091e-05,434.4314955472946,335.532999753952,0.9999915361404419,411.1063874363899,324.03618812561035,2.16396165342303e-06,401.29010009765625,332.34314930438995,2.576609404059127e-05,412.03962860256433,334.6047217845917,0.013076482340693474
542,417.3146479129791,322.4192724227905,0.9998605251312256,408.1737151145935,330.0434184074402,0.20731191337108612,408.2265737056732,333.01388120651245,0.00023542701092083007,421.51726150512695,341.353879570961,9.025060717249289e-05,404.47777032852173,316.3370989561081,1.1404026736272499e-05,388.6538542509079,319.0182113647461,0.15431112051010132,398.5770049095154,331.0060809850693,0.0001250982313649729,405.65198612213135,333.71002221107483,1.51783524415805e-07,409.1926031112671,326.2786684036255,3.7201943996478803e-06,406.2242512702942,327.7135262489319,7.88080967595306e-07,389.03073942661285,335.777184009552,0.004563416354358196,405.86163210868835,337.70788049697876,6.62468810332939e-05,433.8576018810272,335.4310622215271,0.9996607303619385,409.4162757396698,325.37192249298096,7.063469638524111e-06,401.1568355560303,332.93243062496185,8.024672752071638e-06,412.36407482624054,335.68604278564453,0.141066312789917
543,417.2104709148407,321.1300513744354,0.9996801614761353,407.79978227615356,329.72670340538025,0.7113879323005676,407.8164486885071,333.21653258800507,0.00019270851043984294,420.7219867706299,343.3757252693176,0.0005967296310700476,403.86291313171387,315.9230524674058,1.2970067473361269e-05,388.8207002878189,318.8407883644104,0.00918627344071865,399.6888029575348,331.8709479570389,6.19992715655826e-06,405.2531147003174,334.73027777671814,3.573924090005676e-08,447.4956724643707,328.89205408096313,3.5810521694656927e-06,430.10412216186523,329.7571864128113,8.83655775396619e-06,388.67647325992584,335.962055683136,0.0020677761640399694,413.5638644695282,335.8756136894226,3.356752131367102e-05,433.2217426300049,334.58249711990356,0.9999969005584717,410.9649324417114,324.9539089202881,1.658563519413292e-06,401.4492025375366,333.48900985717773,1.1711651495716069e-05,418.3574593067169,333.58899307250977,0.013429466634988785
544,418.0394492149353,321.9168646335602,0.9996954202651978,406.9911994934082,328.8361134529114,0.010404597036540508,407.0441155433655,332.0840145945549,8.982116924016736e-06,421.51111602783203,339.7774679809809,0.0001629250473342836,402.1754312515259,325.6400480270386,1.647738940846466e-06,389.45785188674927,318.52976846694946,0.0024569272063672543,401.25890827178955,327.56315755844116,0.0001531046291347593,404.97327709198,333.4014593362808,6.764526006008964e-07,416.7436046600342,332.4389038383961,4.821644779440248e-06,430.43826246261597,330.3648133277893,7.227181868074695e-06,389.05094254016876,335.68010568618774,0.004471790045499802,411.35947293043137,335.12284564971924,0.0001484109234297648,432.04409742355347,334.85453391075134,0.9992434978485107,410.4218908548355,326.76079654693604,2.898884758906206e-06,401.4842348098755,332.5987845659256,4.0276223444379866e-05,418.6066001653671,334.05833745002747,0.8159494400024414
545,418.7075003385544,321.3961591720581,0.9996342658996582,408.4416489601135,328.1674358844757,0.012673425488173962,408.4654176235199,330.60128009319305,3.0817889637546614e-05,421.13149642944336,339.6702850162983,0.0005035212961956859,425.95362854003906,2.3886969089508057,1.5802745110704564e-05,431.4730052947998,3.0344585180282593,0.008554495871067047,401.82466316223145,326.0190885066986,0.005104961805045605,401.9419867992401,336.0431180000305,3.703867378135328e-06,427.0711653828621,4.711899936199188,2.458902235957794e-05,429.43155467510223,0.35300540924072266,2.412224785075523e-05,387.39323139190674,333.90473222732544,0.012388293631374836,397.919203042984,335.03845596313477,0.007496547419577837,433.51276326179504,333.9733511209488,0.9999426603317261,427.076561152935,0.4641423225402832,3.656069384305738e-05,424.3236417770386,-0.2110142707824707,4.0722607081988826e-05,413.6443018913269,334.16084146499634,0.4625716805458069
546,417.8823552131653,321.36932587623596,0.9992579817771912,408.7345747947693,328.79454255104065,0.2181321531534195,408.365403175354,332.49176013469696,0.00010248468606732786,421.3268394470215,341.2373332977295,0.0012777779484167695,425.2977650165558,2.378875970840454,0.00010793309047585353,390.38808584213257,318.6004157066345,0.0712670236825943,401.57216787338257,328.31733989715576,0.0002909275935962796,428.20113268494606,5.160766959190369,6.955905519134831e-06,426.67907106876373,4.084979176521301,0.0001675003150012344,429.0440528392792,1.2073829174041748,0.00013486384705174714,388.2675340771675,333.5912164449692,0.00420101685449481,401.179874420166,336.11431789398193,0.00020889643928967416,433.1614248752594,335.5540373325348,0.9999349117279053,426.9117980003357,1.585235595703125,0.000247099029365927,429.17292284965515,3.196937918663025,0.0006196413305588067,415.5922996997833,335.638897895813,0.126760333776474
547,419.6616336107254,320.44558930397034,0.9982934594154358,409.00471234321594,327.9400734901428,0.0135964872315526,408.4181945323944,330.58601450920105,7.519534119637683e-05,422.148051738739,340.35308986902237,0.0022911448031663895,424.55573868751526,2.136738657951355,0.00014455150812864304,424.3480463027954,-1.669628620147705,0.09946095198392868,406.59894037246704,326.6155905723572,0.0033943774178624153,428.25758612155914,4.934585690498352,9.983199561247602e-06,426.0433623790741,3.8395136445760727,0.0001572845649207011,428.93743497133255,1.4608640670776367,0.00017342751380056143,390.6791136264801,335.48389291763306,0.26983800530433655,427.6030033528805,3.709868162870407,0.00013746705371886492,434.22240805625916,334.0538229942322,0.9999768733978271,426.91555631160736,1.6611802577972412,0.00040829466888681054,424.1791615486145,1.878096580505371,0.001592213986441493,416.558575630188,334.8865416049957,0.8661238551139832
548,419.66881489753723,319.78334045410156,0.9978718757629395,409.00236678123474,327.2259225845337,0.00969031173735857,408.08232951164246,329.87635493278503,2.62644789472688e-05,422.36692237854004,339.42501401901245,0.014827399514615536,425.0712170600891,2.0930052995681763,0.00025868008378893137,424.3492021560669,-1.309112548828125,0.12019534409046173,406.9996461868286,326.36952018737793,0.0004018664767500013,428.1605848670006,5.355479836463928,1.526533924334217e-05,426.1610952615738,4.161426395177841,0.00033178177545778453,428.6928186416626,1.611769199371338,0.0001969555887626484,394.31516885757446,336.31820917129517,0.0021061692386865616,401.11527967453003,334.3422293663025,0.0015792850172147155,434.075776219368,333.09062230587006,0.9999970197677612,426.9119482040405,2.010663628578186,0.0004027126415167004,428.67938685417175,3.974729247391224,0.0029533710330724716,417.000855922699,333.7063422203064,0.32535678148269653
549,422.80427503585815,314.97367811203003,0.9348545670509338,414.34639835357666,325.3525844812393,0.02700670063495636,419.30310344696045,328.5084571838379,5.830511508975178e-05,422.4513735771179,339.52234783768654,0.0064432136714458466,424.7899420261383,2.4807101488113403,1.8355984138906933e-05,423.7369828224182,-1.8789434432983398,0.023590685799717903,407.60761070251465,325.3677409887314,0.00024072846281342208,428.2162186950445,4.6155301332473755,1.6322725286954665e-06,425.99242329597473,4.807868301868439,2.5696062948554754e-05,428.9202024936676,0.8226933479309082,1.758876533131115e-05,390.01284623146057,334.4521369934082,0.013006121851503849,401.103750705719,334.86552262306213,0.00017088222375605255,435.78154185414314,332.2808926105499,0.9999988079071045,426.7001596689224,0.2973356246948242,4.570899181999266e-05,423.48760318756104,0.9314601421356201,0.00015778522356413305,416.4459767341614,331.63163232803345,0.09877856075763702
550,417.55931067466736,315.86348789930344,0.9850371479988098,409.99044847488403,325.2031239271164,0.3642790615558624,408.5848181247711,330.71831488609314,9.936958667822182e-05,421.77083826065063,341.698148727417,0.00016815977869555354,424.3184778690338,2.2758426666259766,1.6531865185243078e-05,394.93250596523285,320.78652262687683,0.07427864521741867,406.05257630348206,328.1271901130676,1.0332317287975457e-05,428.0415521077812,4.498310714960098,1.2717950994556304e-06,425.65556716918945,4.791863203048706,2.242929804197047e-05,428.81960105895996,1.0779719352722168,1.2443638297554571e-05,390.8485908508301,334.6578297615051,0.00036503782030195,427.01282596588135,2.8492846488952637,3.473841934464872e-05,435.9841649085283,333.4985489845276,0.9999910593032837,426.62337148189545,0.545586109161377,3.0144723496050574e-05,423.04356360435486,1.8094379901885986,0.0002946729655377567,416.0265083312988,333.29664385318756,0.005998509936034679
551,418.7257705926895,317.9170114994049,0.9325842261314392,415.03601455688477,327.4542467594147,0.06243954598903656,420.2272481918335,330.4803329706192,3.6714111047331244e-05,423.0834674835205,340.51892936229706,0.0003331860061734915,423.9420795440674,2.230100989341736,1.0970195035042707e-05,397.9393779039383,321.1434609889984,0.014944768510758877,407.26308369636536,327.20914912223816,7.21249234629795e-05,427.8437100946903,4.396720618009567,1.0701636483645416e-06,425.14853143692017,4.728180825710297,1.4752327842870727e-05,429.18446946144104,0.897747278213501,8.82581025507534e-06,391.62425208091736,334.3883819580078,0.010111670941114426,421.1598860025406,3.9309491366147995,3.522845872794278e-05,435.93270213901997,333.4733645915985,0.9994751811027527,426.32873916625977,0.13265514373779297,7.465945964213461e-05,422.44663739204407,1.803574800491333,0.0006492992979474366,418.9654359817505,332.32167887687683,0.5615447163581848
552,419.14487540721893,317.0100806951523,0.987676739692688,415.6002793312073,326.5019648075104,0.5217336416244507,414.6172676086426,329.1860613822937,0.0003466919297352433,422.7763524055481,340.0177273862064,0.01238192431628704,423.5913596153259,2.2438188791275024,5.4920896218391135e-05,422.2893240451813,-1.5716958045959473,0.0752856656908989,407.4675154685974,327.59261870384216,0.0002785377437248826,427.39473390579224,4.343140572309494,3.362394863870577e-06,424.482115983963,5.034748435020447,6.564455543411896e-05,420.05411801859736,0.34366774559020996,2.8018102966598235e-05,391.05951261520386,334.19253849983215,0.18430469930171967,427.19906544685364,3.758993238210678,8.989364869194105e-05,436.80365002155304,332.8185136914253,0.9999877214431763,426.0513768196106,1.3515241146087646,0.000201718183234334,422.50813341140747,2.5287235975265503,0.0018810908077284694,417.32258224487305,334.1158649921417,0.4060690701007843
553,417.67639923095703,316.57955503463745,0.9783070087432861,408.8849370479584,323.9323002770543,0.0845341831445694,421.38066005706787,328.87954115867615,0.00010621270484989509,423.4768490791321,339.1663412451744,0.0006680579972453415,404.50174474716187,317.2430750131607,8.894437996787019e-06,396.48082956671715,320.75786542892456,0.00289171957410872,407.5470013618469,326.8136832714081,1.7200592992594466e-05,406.64690828323364,331.44298535585403,8.408792240288676e-08,409.9104664325714,326.266010761261,3.154692421958316e-06,430.6086812019348,329.43596625328064,2.118776592396898e-06,390.57055044174194,333.6246511936188,0.0029713178519159555,411.4272036552429,332.1193887963891,1.9254046492278576e-05,435.7018975317478,332.1229961067438,0.9994696974754333,408.50093507766724,326.56203985214233,1.4458238410952617e-06,416.0930633544922,330.57185304164886,2.809468014675076e-06,417.09755754470825,330.04795384407043,0.6031954884529114
554,422.2171468734741,316.0274375099689,0.961354672908783,415.5257706642151,326.36467933654785,0.005785433109849691,420.2889804840088,328.2246952056885,0.0003972513659391552,423.2083902359009,338.0170817375183,0.0014164040330797434,417.1043519973755,326.00740098953247,9.311800681643945e-07,399.04748725891113,318.9006772041321,4.3518284655874595e-05,408.40702962875366,325.8528069257736,2.8839565857197158e-05,418.04518604278564,333.719375371933,3.303140161392548e-08,429.6762373447418,325.6244878768921,7.978969733812846e-06,430.2447681427002,329.5440082550049,2.2244592400966212e-05,392.8679795265198,334.52029275894165,0.0011755157029256225,423.5514245033264,333.85538482666016,8.193852409021929e-06,435.402020573616,332.29152223467827,0.9999921321868896,424.27011489868164,325.9624571800232,2.671579295565607e-06,416.9561882019043,329.38401651382446,7.866168743930757e-06,421.9889734983444,332.62442404031754,0.42955607175827026
555,418.5995693206787,315.63539561629295,0.9942711591720581,415.023295879364,325.9001145362854,0.0008695359574630857,419.9470272064209,327.72299575805664,4.543017712421715e-05,422.6980423927307,338.7150341272354,0.0005109990015625954,407.0734372138977,315.6474428474903,8.326815986947622e-06,398.1262369155884,320.51025772094727,0.007065655197948217,407.1008446216583,325.48723316192627,0.01144484058022499,405.1956548690796,333.0065586566925,9.686915518614114e-07,446.8179986476898,327.170551776886,6.056156962586101e-06,429.7127408981323,329.33712005615234,1.2599517503986135e-05,390.9498407840729,333.8236235380173,0.1976001262664795,402.2493095397949,335.90692591667175,0.0005044498830102384,434.1602953672409,332.540780544281,0.9999182224273682,437.78528451919556,327.962815284729,1.6112724097183673e-06,415.4675703048706,330.06385374069214,2.1509852103918092e-06,420.7275393009186,332.0989300608635,0.9654048085212708
556,417.58448696136475,315.93698481470346,0.9887603521347046,408.65507459640503,327.20607233047485,0.09594224393367767,408.11193203926086,329.4871108531952,3.3619580790400505e-05,422.54235315322876,339.9061438366771,0.0008031780598685145,406.46053743362427,315.3456525206566,1.4455796190304682e-05,397.10289239883423,320.90956711769104,0.004444404970854521,407.6278750896454,327.32542872428894,1.219778187078191e-05,406.79865980148315,333.08414483070374,8.157592645829936e-08,410.3383071422577,326.1771631240845,3.86678129871143e-06,429.94426918029785,329.4628653526306,9.565731488692109e-06,395.5311799943447,336.4912419319153,0.011363862082362175,412.95106410980225,333.6143299341202,3.640653085312806e-05,435.1432011127472,332.6676001548767,0.99998939037323,411.06873393058777,326.86316299438477,1.3627424095830065e-06,404.64711475372314,332.688124358654,1.246821466338588e-05,421.09415566921234,332.3496957719326,0.13794977962970734
557,422.9404559135437,314.8608981370926,0.9790441393852234,414.8701739311218,326.2913467884064,0.05839142948389053,420.36263704299927,329.65410804748535,1.5971310858731158e-05,424.11748337745667,339.5999984741211,0.00018361606635153294,433.3303527832031,324.99578332901,5.761305601481581e-07,398.21306705474854,319.9082627296448,0.010473290458321571,408.3982572555542,325.7973213195801,0.00011895392526639625,407.95170402526855,333.2606874704361,9.007369961011591e-09,448.0224332809448,327.6703143119812,4.4727612475981005e-06,429.7291531562805,329.3750081062317,4.359772901807446e-06,395.1836632490158,337.74379110336304,0.014246096834540367,404.08675956726074,336.3202705383301,9.256417797587346e-06,436.7188205718994,331.96508027240634,0.9997552037239075,439.01868200302124,327.4086833000183,5.702754606318194e-07,417.50611114501953,330.49698507785797,1.4969192534408648e-06,422.1049406528473,332.19078086316586,0.029032966122031212
558,421.6842465400696,316.18001513183117,0.9237179756164551,407.6665711402893,323.0966081023216,0.01717250794172287,419.82050228118896,328.82992482185364,4.646169600164285e-06,423.3248519897461,338.05438327789307,9.281645179726183e-05,417.7221908569336,326.4852614402771,1.6292119653371628e-06,397.16579961776733,320.5130488872528,7.180347893154249e-05,408.4886631965637,325.62598848342896,1.6916654203669168e-05,418.967586517334,333.29269897937775,7.120988954056884e-08,428.6752784848213,325.84106492996216,6.492591637652367e-06,430.2205276489258,329.619971036911,1.6442401829408482e-05,393.7285635471344,338.84561109542847,0.013285870663821697,423.925546169281,333.65868377685547,9.30256828723941e-06,434.60894083976746,331.7405551970005,0.9996341466903687,424.8218927383423,324.77830362319946,2.163464614568511e-06,418.12268924713135,329.97111225128174,9.662542652222328e-06,422.03471970558167,330.85802149772644,0.09551957994699478
559,418.1853553056717,316.2738202512264,0.9966729879379272,408.2901756763458,325.6381673812866,0.0013843284687027335,420.11220932006836,328.6141104698181,8.033039921429008e-05,423.2606554031372,338.66158282756805,0.0005331132560968399,405.5449872016907,316.20427741110325,1.2743635124934372e-05,396.10077427327633,318.3655776977539,0.004317827522754669,407.06080532073975,324.96236675977707,0.0009649115963838995,405.6105651855469,331.55588486790657,6.197724360390566e-07,447.36920166015625,327.138117313385,4.503935087996069e-06,429.43609142303467,329.6559548377991,1.2770497960445937e-05,390.8834774494171,333.58287382125854,0.05811918526887894,409.3613622188568,333.3472498655319,5.9922149375779554e-05,434.4309456348419,333.1062732934952,0.9999680519104004,423.67864179611206,325.8387327194214,1.7827300098360865e-06,404.37651920318604,332.93228828907013,1.4665889466414228e-05,418.33145475387573,331.1345073580742,0.9479064345359802
560,418.6568384170532,316.0657017454505,0.9977497458457947,403.6196765303612,326.590699672699,0.16065600514411926,420.2039566040039,330.051934838295,2.55263894359814e-05,423.7991714477539,339.20437401533127,0.000647700042463839,407.0674123764038,315.4370014667511,3.2597868994344026e-05,397.2125710248947,321.1159749031067,0.24101494252681732,408.1466579437256,326.96368741989136,3.09696770273149e-05,419.40746879577637,333.14783930778503,5.640402278572765e-08,446.7219035625458,327.911669254303,3.073428615607554e-06,429.3690438270569,328.8843059539795,1.1665558304230217e-05,391.38536763191223,334.48937010765076,0.02802690491080284,413.75477290153503,334.8101601600647,1.6190993846976198e-05,434.9133176803589,332.7308173775673,0.999774158000946,410.21040892601013,314.844499707222,1.532109422441863e-06,416.3726921081543,330.59013509750366,3.617160700741806e-06,420.6346824169159,332.46005618572235,0.45121973752975464
561,419.91370375454426,320.20243215560913,0.9987680315971375,409.58017325401306,327.60265159606934,0.009124831296503544,420.20371198654175,330.478374004364,1.2668786439462565e-05,423.43057346343994,339.8075848519802,0.00032300353632308543,407.2692551612854,316.64451038837433,4.2172101530013606e-05,398.07205176353455,320.37920093536377,0.21994921565055847,408.3011865615845,326.7302691936493,0.0006056607817299664,407.50130891799927,333.39979445934296,4.223068970077293e-07,408.63945865631104,327.0011658668518,6.541585207742173e-06,428.94030570983887,329.69981026649475,7.565348823845852e-06,392.66412448883057,334.3979034423828,0.23314248025417328,411.69627156853676,335.0760052204132,0.00035927240969613194,435.04665648937225,334.1907458305359,0.9998633861541748,410.4918681383133,327.92893505096436,5.352628249966074e-06,403.56484508514404,334.0315170288086,1.3082229088468011e-05,418.07433223724365,334.6982479095459,0.8972730040550232
562,422.3061270713806,318.99746227264404,0.9996306896209717,414.0151524543762,328.0628695487976,0.17452451586723328,419.9471855163574,331.56722632050514,1.4847752936475445e-05,423.622013092041,341.4842803478241,6.607829709537327e-05,406.8300938606262,315.63284799456596,0.0005596079863607883,398.90214800834656,320.6430070400238,0.7216989994049072,407.9211699962616,325.9583262205124,0.0008624927140772343,427.0990007519722,3.810729995369911,5.634800004372664e-07,424.6687843799591,5.630911707878113,7.0355158641177695e-06,392.23317980766296,328.5043423175812,1.0121175364474766e-05,391.7065589427948,334.69511008262634,0.5798062682151794,414.0589118003845,335.3152642250061,0.0001608145539648831,436.5408566594124,334.74621510505676,0.9999852180480957,426.07220339775085,0.4675934314727783,2.1171981643419713e-05,421.22611701488495,2.9492822885513306,0.0013434444554150105,418.6364035606384,334.50707149505615,0.34078726172447205
563,421.1817592382431,321.6419312953949,0.9849020838737488,415.1737332344055,325.7210330963135,0.030657170340418816,420.42499685287476,330.7851892709732,1.7426460544811562e-05,423.5754704475403,340.64652305841446,0.0002661394246388227,404.68990898132324,327.2571177482605,1.48239269037731e-05,421.31157433986664,-2.420098304748535,0.0433734655380249,407.60658836364746,327.2441096305847,0.00034643354592844844,406.93769216537476,331.3842633366585,9.868574579741107e-07,408.23613476753235,326.9891724586487,1.7307447706116363e-05,419.74435779452324,-0.21940088272094727,9.473169484408572e-06,393.14755058288574,336.348352432251,0.23093312978744507,409.9054820537567,333.68621504306793,0.00021097133867442608,436.5796589255333,333.98020446300507,0.9954786896705627,426.2151827812195,0.0911569595336914,1.6518690244993195e-05,420.9555243253708,3.191369950771332,0.0014590485952794552,416.45357370376587,333.98364996910095,0.9785126447677612
564,418.5583233833313,322.5607624053955,0.6630979180335999,408.7590260505676,326.94205236434937,0.032256610691547394,408.2072937488556,329.3273584842682,0.000316736928652972,410.2106964588165,339.3806643486023,2.221792055934202e-05,407.2571597099304,317.29541969299316,0.010835699737071991,421.75485372543335,-2.768374443054199,0.025332516059279442,409.211993932724,330.5209312438965,9.248637070413679e-05,407.505747795105,331.69557747244835,3.3741514471330447e-06,408.7648766040802,326.27454948425293,2.783790296234656e-05,393.76087975502014,330.3897476196289,1.2373264326015487e-05,396.3351304233074,337.6194951534271,0.01286536455154419,409.9785912036896,333.86128866672516,0.00020793800649698824,433.59909439086914,334.5321567058563,0.457205593585968,409.5286853313446,330.319743514061,5.7218574511352926e-05,420.6296617388725,3.238991439342499,0.0017761910567060113,414.50048899650574,334.06753182411194,0.9916616678237915
565,422.0363163948059,320.9085433483124,0.07893291860818863,409.3257722854614,327.6607336997986,0.0004530787991825491,419.2467670440674,329.90655875205994,1.174364456346666e-06,422.3694348335266,337.87118434906006,3.823040515271714e-06,422.8861985206604,2.509149432182312,1.0451252592247329e-06,422.12495827674866,-4.00748348236084,0.0085194306448102,410.5026071071625,331.4909533262253,6.289326847763732e-06,426.8472225666046,3.7971941381692886,1.270376372985993e-07,411.7981010824442,4.816532254219055,2.2085052933107363e-06,419.11315470933914,-1.178349494934082,2.1600237687380286e-06,395.16547453403473,338.33387887477875,0.004603572189807892,419.5794326663017,3.212207555770874,1.0011000085796695e-05,432.92820835113525,335.25308299064636,0.5162695050239563,426.15844762325287,-0.7500262260437012,6.041406777512748e-06,421.1714984178543,2.481502056121826,0.0002358098136028275,419.13992792367935,334.8721787929535,0.8546191453933716
566,419.8669659346342,323.06593948602676,0.9358499646186829,414.36529445648193,326.98483896255493,0.006681211292743683,419.7690324783325,330.81540858745575,1.856337439676281e-05,422.5963544845581,339.84945334494114,0.00013172533363103867,406.27534103393555,318.29522609710693,9.10260951059172e-06,421.83100056648254,-3.24312162399292,0.011043079197406769,407.24489855766296,327.1487340927124,0.0001239961275132373,406.35686445236206,341.47913932800293,2.420895270915935e-06,410.3007677793503,327.3065857887268,8.871853424352594e-06,419.30444717407227,-0.7758340835571289,2.6854831958189607e-06,393.1070861816406,336.4228835105896,0.006523565389215946,411.37416565418243,334.31467604637146,0.000105263214209117,434.41724729537964,336.21621322631836,0.9172499179840088,421.85552418231964,-2.1042580604553223,4.128109139855951e-06,421.132932305336,2.5753051042556763,0.0003318317758385092,419.05510061979294,335.6971318721771,0.8687215447425842
567,421.0979255437851,324.6384137272835,0.8646111488342285,416.7864034175873,328.76979804039,0.009474452584981918,421.82632875442505,334.89372158050537,5.8138452914136e-06,424.349684715271,344.66469073295593,0.0006490149535238743,407.3687701225281,319.7829020023346,0.00011376893235137686,398.6038236618042,321.94693636894226,0.10253388434648514,404.9359587430954,328.2946343421936,0.009414884261786938,402.7938188314438,339.74997502565384,1.2379651934679714e-06,407.24218940734863,326.9172148704529,3.1602328363078414e-06,419.58020028471947,-2.1777777671813965,7.519842029068968e-07,391.47751927375793,338.04711997509,0.3381025493144989,399.35589504241943,342.75880551338196,0.00013790543016511947,439.8433232307434,339.01331400871277,0.8849112391471863,421.8934277296066,-2.331547260284424,2.667305125214625e-06,421.35097312927246,1.9789793491363525,1.8820164768840186e-05,413.6988128423691,337.3604953289032,0.8920858502388
568,423.7678928375244,324.17604307830334,0.9672936797142029,418.48414158821106,329.2415041923523,0.012800933793187141,421.9240984916687,333.97541761398315,6.795602530473843e-06,424.59017300605774,344.8843238353729,0.0002628413203638047,409.8661472797394,320.0565357208252,1.90153132280102e-05,402.4219720363617,323.09052497148514,0.18630431592464447,409.0162420272827,330.2185243368149,0.0008975544478744268,408.2189848423004,341.95722103118896,7.991421284714306e-07,407.8478627204895,326.00064420700073,3.6743890632351395e-06,418.88358449935913,-1.836130142211914,2.5204477083207166e-07,394.1368885040283,338.0720776319504,0.16715003550052643,402.5141520500183,343.3059208393097,9.387444151798263e-05,436.4552145898342,338.951048374176,0.5981752872467041,421.5852494239807,-3.085266590118408,1.013128553495335e-06,420.6444944739342,1.43009352684021,8.383164640690666e-06,418.3940739631653,341.38081645965576,0.3670899271965027
569,424.34642243385315,324.5644850730896,0.8617191314697266,417.3431508541107,329.5007152557373,0.003175529884174466,421.85811138153076,334.3893971443176,4.312165856390493e-06,424.4936046600342,345.10650539398193,7.982366514625028e-05,415.0700535774231,322.04263639450073,1.0591489626676776e-05,400.08342361450195,323.0624962449074,0.12687334418296814,406.37553429603577,333.45473647117615,0.0004883677465841174,409.08658599853516,342.6854147911072,1.0711520417316933e-06,409.60547256469727,327.0209722518921,2.079413206956815e-06,392.3759846687317,332.28178480267525,1.5888507221006876e-07,395.9954446735792,340.976927280426,0.2341907024383545,404.43655467033386,342.4833598136902,1.621203773538582e-05,434.4541610479355,339.95382584258914,0.46249526739120483,421.8407356739044,-3.2216944694519043,2.2029928459232906e-07,420.5252593755722,0.8100860118865967,2.617886138978065e-06,420.36225816607475,338.07065522670746,0.4835301637649536
570,423.3910584449768,324.0563347674906,0.3396230638027191,414.90345096588135,328.51426935195923,0.0026874381583184004,421.3179864883423,333.9647274017334,3.239006446165149e-06,422.64015531539917,344.32045793533325,8.228988735936582e-05,408.43010234832764,320.17378544807434,1.9656349650176708e-06,399.59327149391174,323.140507042408,0.06152546405792236,407.7116632461548,328.01213693618774,9.319328819401562e-05,409.45267605781555,341.83823108673096,3.904482070993254e-08,410.4770016670227,327.56126070022583,8.161855475918856e-07,424.1633222103119,339.3277368545532,6.314058964562719e-08,393.6276249885559,338.9386250972748,0.01969064399600029,412.2800232768059,336.853711605072,2.8247973204997834e-06,433.3627760410309,338.1486825942993,0.11234761029481888,410.27755880355835,330.5417158603668,1.8365886589322145e-08,408.0817537307739,338.5213180780411,6.088663440095843e-08,421.2082335948944,336.9339654445648,0.5886358022689819
571,418.34462654590607,324.67939603328705,0.01852104626595974,410.21013879776,329.3333623409271,0.00044700404396280646,419.5410394668579,332.22399051487446,9.62068611443101e-08,421.657133102417,341.0726648569107,3.480737177596893e-06,407.19396018981934,320.8389720916748,4.537230324785924e-06,398.46048760414124,323.78957419097424,0.0034741044510155916,409.05912232398987,331.4653241634369,5.49463220522739e-06,406.97397804260254,342.06019258499146,2.0821678603510918e-08,410.87885189056396,328.1616644859314,3.5298759826218884e-07,336.63331365585327,283.5421889126301,4.410387788311709e-08,396.63159823417664,341.68080711364746,0.004461794160306454,411.922519877553,335.36832427978516,2.584454477982945e-06,427.5188467502594,335.3720762729645,0.002259468659758568,408.3257427215576,330.43387269973755,2.5445261897516502e-08,407.92353105545044,341.8976721763611,2.6614932480129028e-08,417.79961705207825,338.67307806015015,0.20580054819583893
572,418.95725452899933,326.41637206077576,0.00027817970840260386,411.74124667048454,331.73504653573036,0.00011040906247217208,397.9674050807953,342.7970962524414,1.5308957435067327e-09,422.8696036338806,341.7294543981552,7.354654107949443e-10,404.36864852905273,331.0200300216675,1.9750478941205074e-07,398.5530650615692,325.61399579048157,0.00027647113893181086,409.8034791946411,332.79247575998306,8.170305250132515e-07,406.92712688446045,332.01183908898383,7.653686573405594e-10,409.29774165153503,330.9569140672684,3.405027371172764e-07,336.4502487182617,281.999005317688,1.207395143865142e-07,394.8975284099579,341.68708872795105,0.006101288367062807,412.093676880002,334.2925364971161,1.85895953563886e-06,338.35292387008667,276.97390055656433,0.01350141316652298,339.50144627690315,282.21231949329376,4.167142364508436e-08,392.7044925689697,346.0055773258209,3.62271923570745e-09,413.0079892873764,337.644700050354,0.0005085763987153769
573,424.07947301864624,324.12860706448555,0.0023025122936815023,416.84658098220825,327.55369234085083,0.00010607374861137941,420.3553957939148,331.47623217105865,6.472570248661214e-07,422.34876012802124,341.11428368091583,1.5675137774451287e-06,406.2149930000305,328.93921542167664,6.443783604481723e-07,401.7290074825287,323.1949931383133,0.0003551061963662505,409.9513761997223,330.4958372116089,0.00010249122715322301,407.2380175590515,341.6365728378296,9.90437030168323e-08,409.88881611824036,329.07001066207886,8.296316877931531e-07,402.2631130218506,332.1826562732458,2.3959252359873062e-08,395.6801534295082,341.9709333181381,0.04367662966251373,405.9517185688019,340.12999153137207,3.1611943995812908e-06,435.0028427839279,337.78311586380005,0.006415868643671274,340.18769197165966,282.42616522312164,7.504684162995545e-08,407.6879415512085,337.63027024269104,3.1205154016333836e-08,417.867308139801,337.92496633529663,0.25750404596328735
574,423.8880400657654,329.6318106651306,0.0006018170388415456,411.7745507657528,332.5709246993065,0.001948279095813632,408.6545293331146,334.0505962371826,2.685684741265959e-08,423.12467336654663,344.747850894928,2.9357060782331246e-08,408.141037940979,321.7707953453064,4.980813628208125e-06,401.18296337127686,326.7709217071533,0.030349094420671463,409.0242347717285,334.63416361808777,6.35967717244057e-06,407.9866166114807,343.13690280914307,1.4399997638747664e-08,410.58483624458313,328.740683555603,1.0314204246242298e-06,394.33603382110596,334.68207836151123,1.0374203611718258e-06,397.73802387714386,340.783818423748,0.003043315140530467,401.730384349823,345.7442488670349,2.465960506015108e-06,338.81851530075073,276.2795861661434,0.0002442591357976198,407.8190059661865,329.7627182006836,1.6489839538280648e-07,395.01736533641815,344.4763934612274,4.8272529085124916e-08,415.41196966171265,340.6670226454735,0.026212893426418304
575,422.8960208892822,327.25780057907104,6.177571776788682e-05,417.6303880214691,330.7761663198471,0.0010169632732868195,411.29104566574097,333.4092546701431,1.0539321237956756e-06,422.690523147583,344.506121635437,9.109593293032958e-07,408.38946509361267,322.0660181045532,5.575562681769952e-06,401.64715600013733,326.96638536453247,0.04999467730522156,406.08306670188904,338.3396897315979,0.0005311209824867547,406.57862424850464,344.44283866882324,1.032820140522972e-08,408.69697761535645,327.6935706138611,4.3874581479030894e-07,394.2030665874481,333.23754835128784,3.9648952565585205e-07,398.610622882843,340.59311509132385,0.0046073500998318195,402.44065284729004,345.4630699157715,7.0592273004876915e-06,433.87435388565063,338.0812392234802,0.0038512416649609804,407.475613117218,329.4214391708374,7.272305424521619e-08,403.6286153793335,336.0115313529968,2.3036157870137686e-08,413.97109603881836,339.7595624923706,0.0010559557704254985
576,418.55975663661957,326.44169664382935,0.00034856837010011077,412.5843907594681,331.80232276022434,0.001790190814062953,410.45534694194794,332.6937642097473,1.0190181001235032e-06,423.58344411849976,347.7282918393612,9.805844456423074e-06,405.67503690719604,320.4296169281006,0.00013181279064156115,398.1761691570282,328.304386138916,0.016699794679880142,405.5506417751312,337.28249645233154,0.00016875730943866074,407.2955665588379,344.16831707954407,3.976095186430939e-08,408.81700825691223,327.2530279159546,1.1157877679579542e-06,392.8486559391022,333.27769660949707,3.2065327104646713e-06,396.13318607211113,340.07804042845964,0.010999908670783043,400.9071831703186,345.45216369628906,4.805719981959555e-06,340.1160192489624,275.9289666637778,0.019232070073485374,339.7539262920618,280.59560799598694,3.87367581424769e-05,403.20190769433975,332.87622928619385,1.8151925473830488e-07,412.7513521909714,340.0930957645178,0.06050467863678932
577,423.4489793777466,326.3368754386902,4.902112777926959e-05,413.9130280017853,330.7221940755844,0.00023241101007442921,411.3816043138504,333.035542845726,1.2428030458977446e-05,424.44298815727234,347.4871178865433,0.0001625803706701845,407.7906017303467,321.03698682785034,2.399285222054459e-05,399.48564648628235,323.97823979333043,0.1388547718524933,404.4323082268238,334.2324552536011,0.044267307966947556,408.2013785839081,344.2460172176361,2.296595766893006e-06,407.610191822052,326.56964588165283,1.027309167511703e-06,390.7331337928772,332.7904116511345,1.9517509031174995e-07,392.0132751464844,340.0003650790313,0.18068595230579376,400.51248836517334,344.7751922607422,7.468146941391751e-05,435.0758907198906,340.7243949174881,0.009146966971457005,409.12898874282837,330.45701587200165,4.4674652599496767e-07,403.96600818634033,338.06840896606445,1.3186676994791924e-07,415.4812767505646,340.5812324285507,0.4507140517234802
578,421.344685792923,325.0361763238907,0.00037506865919567645,415.65401887893677,330.33308243751526,0.0035263157915323973,412.48793202638626,333.15975844860077,3.6332483432488516e-05,423.25590896606445,345.4890830516815,2.0246518033673055e-05,408.95660305023193,319.7095203399658,5.750882701249793e-05,401.9898319244385,324.1080024763942,0.27130264043807983,408.9933376312256,331.7176975309849,0.02139836922287941,407.66303062438965,344.1234962940216,6.635314093728084e-07,408.4358513355255,325.4796476364136,2.5981080398196355e-06,392.4525966644287,332.3239905536175,9.895754828903591e-07,396.40157800912857,341.39503705501556,0.021469127386808395,401.15231227874756,343.87491846084595,1.5867695765336975e-05,339.76550340652466,273.29217624664307,0.019451867789030075,410.2203439474106,330.62269055843353,1.2272738558749552e-06,406.1626467704773,336.49578046798706,6.065423008294601e-07,417.1124839782715,339.5284900069237,0.12736141681671143
579,424.4133632183075,324.0129427500069,0.0009511748212389648,418.2925531864166,328.3010904788971,0.0007792045944370329,416.05399894714355,332.93973261117935,3.6537546748149907e-06,423.08614110946655,342.64420223236084,7.80416485213209e-06,407.8402805328369,327.83623790740967,1.1696745332301361e-06,402.2387343645096,322.7178672552109,0.5421464443206787,410.0230281352997,331.0140834450722,0.0023645227774977684,409.4177749156952,342.7919101715088,1.0841470299283174e-07,410.342725276947,327.03941011428833,1.3211566738391411e-06,394.00229728221893,333.1025228500366,7.250192766150576e-07,397.86391139030457,341.4922287464142,0.02113167569041252,407.7282953262329,341.0932779312134,2.1806924905831693e-06,341.186785697937,274.7218099832535,0.021486371755599976,338.49914610385895,277.7102391719818,3.170047784806229e-05,407.7012915611267,338.8963029384613,1.0448157894415999e-07,418.2348051071167,339.4707634449005,0.31550824642181396
580,422.45615673065186,323.72788444161415,0.0020375067833811045,416.7053382396698,328.1035716533661,0.006381166633218527,415.1863293647766,332.57338494062424,5.3436615417012945e-06,421.81240367889404,342.64972591400146,4.387785793369403e-06,407.6064028739929,318.6224834918976,2.2299114789348096e-05,399.41385793685913,323.3267296552658,0.0020504635758697987,408.5188021659851,331.60204565525055,0.00039817969081923366,408.0330128669739,343.87994289398193,4.896904215456743e-09,409.06922125816345,326.0914855003357,1.7602931734472804e-07,393.026508808136,330.71005165576935,1.873228967497198e-07,396.58946788311005,340.7198382616043,0.006670454517006874,402.0752549171448,343.013729095459,2.763851853160304e-06,435.02699518203735,336.962450504303,0.4315360188484192,339.3798677325249,277.01262295246124,2.2839144548925105e-06,404.1670241355896,337.49359607696533,1.4116606905645313e-07,417.0096745491028,338.3285322189331,0.011918182484805584
581,421.4596961736679,322.44474589824677,7.882427598815411e-05,417.6924374103546,327.78055810928345,0.0049633122980594635,412.7249654531479,330.7627433538437,7.291190740943421e-06,423.7494339942932,344.573294878006,1.707438173070841e-06,407.97489833831787,316.4833742082119,8.446568244835362e-05,400.5431513786316,321.94053292274475,0.313952773809433,408.91542506217957,330.5093641281128,0.003165125846862793,407.37271547317505,333.57728469371796,4.511730100631439e-09,408.616548538208,325.15933895111084,9.75858029050869e-07,392.5341203212738,330.8457942008972,5.236100150796119e-06,396.38859820365906,340.6942637562752,0.050877977162599564,402.8902497291565,336.6115503311157,3.509885209496133e-05,437.5862258672714,336.8472671508789,0.01826726645231247,408.0855715274811,329.24900364875793,1.0332559696735188e-07,397.3893549442291,338.3232183456421,1.471062091695785e-06,415.3566966056824,337.85637950897217,0.0734909325838089
582,424.7229549884796,326.64218950271606,6.866608600830659e-05,417.41628241539,329.21416568756104,0.002736586844548583,411.1364362835884,331.7114292085171,1.7606656683710753e-06,423.01246547698975,346.2049831151962,4.7024341256474145e-06,408.52546405792236,316.9549263715744,7.938227213344362e-07,399.8769037723541,322.34143459796906,0.1818743646144867,407.32409262657166,328.7749819755554,0.005062730982899666,409.0506331920624,343.31715154647827,1.4999208985955192e-08,409.564829826355,326.40993070602417,2.3654958170027385e-07,392.2179732322693,331.28887444734573,1.3550845778809162e-06,392.98477840423584,338.7057375907898,0.2710890471935272,403.3939094543457,337.377694606781,1.4722348169016186e-05,435.02531057596207,340.2828993201256,0.035374533385038376,339.76760433614254,276.9515632390976,6.831763244008471e-07,403.33470916748047,336.7903652191162,3.100930996424722e-07,414.9246828556061,339.156415104866,0.06011161953210831
583,425.0403051376343,327.0314202308655,0.010935207828879356,417.6671459674835,331.22155797481537,0.013764052651822567,421.50388383865356,336.174241065979,8.460024218948092e-06,423.49235677719116,346.71810615062714,4.2636285797925666e-05,410.6528364419937,319.56939148902893,6.262397073442116e-05,400.98966217041016,324.37851732969284,0.20176482200622559,410.83013570308685,331.6328668296337,0.003278503194451332,410.1010112762451,343.9702467918396,1.2517716641013976e-07,410.5622775554657,327.22414350509644,2.0685940853581997e-06,393.8231360912323,332.48779597878456,7.945172910694964e-06,398.2394185066223,340.623399078846,0.03537473827600479,413.7519624233246,337.9001178741455,7.960371476656292e-06,434.0555030107498,341.059877038002,0.012481862679123878,340.06064996123314,277.01116609573364,3.136996156172245e-07,408.113427400589,339.7210836112499,2.1177915243697498e-07,419.18697279691696,338.39752435684204,0.2316158264875412
584,421.2825096845627,324.7959662079811,6.820847920607775e-05,417.60439562797546,327.7632517814636,0.00041003726073540747,415.0071349143982,332.29463878273964,2.2734338926966302e-05,421.8821849822998,344.2626368999481,0.000192676525330171,407.763379573822,318.5710279941559,7.486379217880312e-06,400.3002247810364,322.5713759660721,0.05105246603488922,405.29921209812164,328.7982454299927,0.27445143461227417,404.09426513314247,340.7497913837433,1.7645652405917645e-05,407.21254301071167,326.0421624183655,6.435357704503986e-07,390.3271689414978,332.278883010149,6.568237722603953e-07,391.41813588142395,338.8825832605362,0.8346232771873474,399.0321567058563,343.8009264469147,0.0004727963241748512,435.33414137363434,336.95164155960083,0.049446411430835724,404.89717096090317,328.9280993938446,6.868817763461266e-07,403.42145562171936,337.4396696090698,7.719226857716421e-08,415.53502202033997,338.04131627082825,0.333981990814209
585,424.07924008369446,327.0758581161499,8.924867870518938e-05,416.78907895088196,329.7404851913452,0.000700113654602319,420.270450592041,335.1842188835144,1.6273622804874321e-07,422.7182960510254,345.65208888053894,1.23699624055007e-06,408.58179116249084,321.15831899642944,7.241756350140349e-08,399.22254514694214,324.55565518140793,0.00027350985328666866,405.5724982023239,334.9651892185211,3.125039438600652e-05,407.859010219574,344.677268743515,5.9117986062062755e-09,411.65872797369957,328.7079689502716,6.181656431181182e-08,392.1403067111969,332.76385056972504,4.657194185853086e-09,392.4772310256958,340.2444008886814,0.05096499249339104,401.3769202232361,344.2272696495056,9.97741153696552e-07,435.48782628774643,337.62385082244873,0.003925254102796316,338.17946910858154,276.1767262816429,2.5843599260610972e-08,402.7621192932129,338.0510222911835,3.2230782487374654e-09,418.5446548461914,337.96418380737305,0.004283513408154249
586,423.6708755493164,327.0005588531494,6.746660687895201e-07,415.8552722930908,327.9139766693115,1.5698877859904314e-06,420.05054569244385,333.10000562667847,8.452352773247185e-08,420.98876428604126,341.08855986595154,1.135783463723783e-06,406.70992374420166,329.7401683330536,2.3029260276530295e-08,400.0216221809387,323.5089583992958,4.829339013667777e-05,406.2299475669861,334.4301736354828,6.719525572407292e-06,406.1577830314636,342.8956880569458,5.929349811140128e-08,412.6076682806015,330.32555544376373,3.852756336186758e-08,394.3328870534897,332.11738918721676,5.5893288219976967e-08,396.167672380805,340.54129457473755,0.0005973501829430461,401.8197045326233,337.1361222267151,1.535577780487074e-06,427.0868486762047,335.19221234321594,1.6245856386376545e-05,340.7010885477066,276.82935494184494,4.952475052277805e-08,402.45828199386597,337.629994392395,1.8012444868986677e-08,418.3441843986511,337.7503273487091,0.010356083512306213
587,422.0246467590332,324.1010429263115,0.007475845981389284,417.22276520729065,330.58291697502136,0.029648613184690475,411.3368693590164,333.0885512828827,2.9749173791060457e-06,423.661904335022,343.01121068000793,1.282103653466038e-06,407.5014181137085,320.6404104232788,5.237329241936095e-05,398.89820766448975,323.44766306877136,0.38855159282684326,408.39950680732727,332.69914638996124,0.00039511144859716296,408.8202180862427,343.5551266670227,1.0218335511069654e-08,408.12910056114197,327.1831498146057,1.1168981473019812e-06,393.0433015823364,332.111695215106,4.238077337959112e-07,393.26537895202637,339.17886716127396,0.08145207166671753,404.45377254486084,337.4025626182556,1.084134419215843e-05,435.36907082796097,337.0967984199524,0.012064993381500244,340.5579474568367,276.0949775353074,8.450079747035488e-08,403.41416293382645,336.77564430236816,3.634361789295326e-08,413.27688455581665,339.3395313024521,0.01151290163397789
588,424.73173904418945,323.8774198964238,0.3039917051792145,418.36908996105194,329.2901563644409,0.07166716456413269,422.3511757850647,334.8631663322449,2.522746399336029e-05,424.739830493927,345.8817059993744,5.490979310707189e-05,408.96454882621765,320.33931255340576,0.000341754435794428,400.3623914718628,323.5074248313904,0.16507142782211304,409.34222960472107,330.5980820655823,0.005908091552555561,409.62680435180664,343.55011463165283,1.7165439203381538e-07,408.4300878047943,325.53116178512573,3.827079126494937e-06,392.7431855201721,331.316624045372,5.733259627049847e-07,396.58840852975845,340.89348274469376,0.10339155793190002,404.4026346206665,337.67950201034546,1.8195638403994963e-05,436.3883922100067,337.0863103866577,0.09222082793712616,410.5034919977188,329.3600764274597,1.6420024451235804e-07,404.6653561592102,336.56105613708496,2.3728955511614913e-07,416.54771423339844,338.9447544813156,0.11460355669260025
589,424.10736989974976,323.7594965696335,0.006210353225469589,418.3527258634567,329.11249828338623,0.0071065714582800865,416.2577557563782,333.12749922275543,3.5708865198103013e-06,423.5112452507019,342.93726086616516,1.8074439140036702e-05,407.6151075363159,319.70564126968384,3.0345758204930462e-05,399.46780705451965,323.7320524454117,0.07212000340223312,406.2184133529663,333.9103183746338,0.003206090070307255,407.40516090393066,343.12484884262085,1.4856043151212361e-07,408.35327100753784,326.6477484703064,7.701724484832084e-07,391.68945360183716,332.3198898136616,1.1246569329159684e-06,395.3853394985199,340.7936822772026,0.25022411346435547,401.60073232650757,343.56309485435486,5.381740993470885e-05,435.91253143548965,337.3661823272705,0.004670743364840746,340.4387221336365,273.04908633232117,2.6162263111473294e-07,403.851051479578,336.82510685920715,8.946691565370202e-08,412.6877756714821,338.69024097919464,0.02605222538113594
590,425.0335912704468,322.69801139831543,0.3327402174472809,419.0799949169159,328.16716289520264,0.009825526736676693,422.76392698287964,332.61532258987427,2.251950263598701e-06,424.6362371444702,341.97481203079224,0.0004340375598985702,410.50008153915405,318.4722249507904,7.228190952446312e-05,402.64231836795807,321.88337087631226,0.050803426653146744,411.3129636645317,326.8438322544098,0.13190551102161407,409.32327008247375,342.3063688278198,2.9791508495691232e-06,407.722044467926,327.4285807609558,1.2548244740173686e-05,392.1989254951477,331.05165457725525,6.567336185980821e-07,394.3444700241089,339.05257749557495,0.42886999249458313,402.5467104911804,343.60289335250854,0.00011661602911772206,436.8738578557968,336.38953971862793,0.0155556108802557,409.4960501194,330.5136525630951,4.0437279835714435e-07,406.6834044456482,338.2043489217758,1.6919888423672091e-07,418.6713628768921,338.5424852371216,0.3033895194530487
591,422.51582884788513,324.6223089694977,0.015556554310023785,414.0623049736023,330.7456817626953,0.007778791710734367,412.57866764068604,331.58315774798393,2.5310105229436886e-06,423.1138277053833,343.43381547927856,5.471879558172077e-05,409.57470512390137,319.2611196041107,0.00029442639788612723,400.0019316673279,322.83866226673126,0.0004587333824019879,405.0574849843979,331.8699529618025,0.004792280029505491,403.6557520329952,339.5861346423626,4.513377916737227e-06,406.95478105545044,326.38802099227905,1.0629455573507585e-05,391.8313422203064,330.5831501483917,1.868771732915775e-07,392.7105174064636,338.7588688135147,0.8228395581245422,400.3282446861267,343.16569447517395,0.0005755391321144998,341.05877208709717,266.3473253250122,0.0025557151529937983,408.595751285553,329.73688316345215,1.5243995221680962e-06,404.4793462753296,335.84259510040283,1.9259052805864485e-06,416.15115118026733,338.51717233657837,0.10723541676998138
592,423.0758013725281,321.8971302509308,0.028750281780958176,417.76576948165894,326.8791332244873,0.010311399586498737,415.3818278312683,331.90954349189997,8.26431733003119e-06,421.85575008392334,342.146377325058,0.0001321210729656741,408.9957845211029,318.50947070121765,2.7665611924021505e-05,400.25963068008423,321.47026920318604,0.18143869936466217,406.65542912483215,328.2306127548218,0.04085080698132515,403.0994493365288,339.9881772045046,1.6870778551947296e-07,408.50763177871704,321.25180292129517,1.911047320390935e-06,336.8760895729065,267.51913753151894,4.866816993853718e-07,393.2885489463806,339.6659882366657,0.11421637237071991,400.60304975509644,342.90246200561523,0.0003893109387718141,341.68054020404816,266.65273785591125,0.40249279141426086,340.6518241763115,268.69073486328125,9.532006515655667e-05,177.30708289146423,220.12025007605553,2.0506071507497836e-07,415.6401870250702,337.3195447921753,0.039536651223897934
593,424.0891387462616,322.9942789077759,0.2512859106063843,416.90876388549805,329.1921453475952,0.03881588205695152,411.58384773135185,332.2094691693783,1.3975527224374673e-07,422.730037689209,340.82542794942856,5.200880423217313e-06,409.29693365097046,320.3992166519165,1.1706548320944421e-05,400.9133052825928,323.2744884490967,0.012360612861812115,407.2860019207001,329.12469482421875,3.779823600780219e-05,406.52510929107666,332.5583239197731,2.1713857378813373e-08,409.53135681152344,328.24898862838745,1.7016479887388414e-06,337.14051485061646,266.58903658390045,4.1097896996689087e-07,396.89849358797073,340.4816267192364,0.007609963417053223,402.53682470321655,342.2111120223999,4.0056288526102435e-06,342.29777693748474,265.6387310028076,0.11210649460554123,340.7801038622856,268.0965081304312,2.2912905478733592e-05,404.5620355606079,336.5041947364807,6.744229352761977e-08,417.3790419101715,337.0639271736145,0.008259902708232403
594,424.4913294315338,322.7627068758011,0.3924844264984131,417.5859537124634,328.76100516319275,0.009591249749064445,420.8585910797119,333.0252720117569,3.2363232094212435e-06,423.8002519607544,342.31822776794434,1.953009450517129e-05,410.4712653160095,320.0042018890381,2.4748995201662183e-05,401.0413107872009,321.9926908016205,0.03597545996308327,407.3103804588318,329.15374183654785,0.001211996073834598,408.52717995643616,342.70390272140503,4.902331625089573e-07,408.3042104244232,327.8892283439636,9.418170066055609e-07,336.2148394584656,266.7303088903427,4.2846477299463e-06,396.02098159492016,341.25099778175354,0.15333031117916107,402.6572313308716,343.14278626441956,2.7232164939050563e-05,342.05178904533386,265.10408878326416,0.7864696383476257,340.6662845015526,267.5518493950367,0.0022976440377533436,172.93926680088043,218.79105520248413,1.690654926278512e-06,419.2300474047661,337.5803384780884,0.027162879705429077
595,425.3545241355896,322.68128848075867,0.3569647967815399,418.8235124349594,328.5232412815094,0.022016197443008423,422.87752389907837,333.434139251709,7.865532825235277e-05,424.9709894657135,344.6235702037811,0.0039673903957009315,410.98185563087463,318.7350823879242,0.0056382231414318085,401.05511140823364,322.6394649744034,0.1660485863685608,406.3040270805359,332.52037048339844,0.08093135058879852,408.56636571884155,342.34161615371704,1.3214843193054548e-06,406.91043186187744,320.85561990737915,1.278414492844604e-05,391.1447958946228,332.2674593925476,1.747799132090222e-07,396.18038684129715,340.8571618795395,0.2965681254863739,401.98195457458496,343.8971951007843,0.00019953706942033023,436.2481306642294,335.921493768692,0.20358872413635254,341.6603842973709,267.78832794725895,3.355817898409441e-05,407.42964458465576,339.17095363140106,1.5802432073996897e-07,416.8085627555847,338.48613727092743,0.15196682512760162
596,424.84251523017883,321.77583289146423,0.6510115265846252,418.6722711324692,327.7929229736328,0.002219690941274166,422.2822861671448,332.90827322006226,1.4011631719768047e-05,423.99979066848755,343.9399290084839,0.0001712250814307481,410.7351059913635,318.72153306007385,0.000848886847961694,402.1002358198166,321.4005677700043,0.26501670479774475,407.5482928752899,328.2591371536255,0.00488264812156558,408.48629570007324,341.4428324699402,1.5432278814841993e-06,408.8547115325928,320.44468784332275,6.684646905341651e-06,336.8109817504883,265.6604063510895,2.3156746919994475e-06,396.0794620960951,340.71352833509445,0.011791086755692959,403.38616847991943,338.13038873672485,6.32845694781281e-05,340.78330022096634,264.5508222579956,0.8331292867660522,341.60509288311005,266.4593114852905,0.007919037714600563,407.6032247543335,337.8561625480652,1.5152333787682437e-07,417.29569244384766,337.16154885292053,0.7477160096168518
597,424.66348576545715,321.33571457862854,0.868449330329895,417.14608240127563,327.88975524902344,0.0019345611799508333,423.0198941230774,332.9209747314453,8.820535185805056e-06,424.47252464294434,341.72248446941376,7.286059553734958e-05,414.91211700439453,318.4592971801758,2.9085686037433334e-05,400.6460099220276,321.4035487174988,0.017054611817002296,407.7616195678711,328.2083616256714,0.0010109242284670472,408.03488993644714,341.50301218032837,8.257959962065797e-06,409.90064692497253,322.2513302564621,1.094864046535804e-06,337.48717403411865,264.19803380966187,1.3368864415497228e-07,396.9209437966347,339.94094382598996,0.005847645923495293,402.5580859184265,342.6929666996002,5.034544301452115e-05,342.6434588432312,263.5383038520813,0.939268171787262,341.9942318201065,265.43198466300964,0.0012389973271638155,407.7429265975952,337.1303913593292,5.508990739144792e-07,420.6437784433365,336.4414699077606,0.9660630822181702
598,425.5977289676666,321.03134870529175,0.8138400912284851,421.4530987739563,327.19806814193726,0.0032597326207906008,423.03993463516235,332.1504473686218,8.556056855013594e-05,425.0209958553314,343.8045687675476,0.001312375534325838,415.0011763572693,318.379070520401,0.0010399810271337628,402.0096492767334,321.8979926109314,0.1270107477903366,406.22323632240295,331.51686629652977,0.45010533928871155,405.46655809879303,340.25091221928596,4.575025013764389e-05,408.2660446166992,321.5844795703888,1.4490357898466755e-05,391.7459659576416,331.6835755109787,9.008711003843928e-07,393.2886714935303,339.39987260103226,0.9089604616165161,400.26700592041016,343.98229789733887,0.001286557875573635,341.9929677248001,263.96642684936523,0.1359207034111023,341.32559847831726,265.71115279197693,0.003744069952517748,406.93458461761475,336.8318901062012,3.6216025023350085e-07,420.3058411478996,336.89177918434143,0.8224079012870789
599,425.0962507724762,322.17515909671783,0.79630047082901,418.24749505519867,327.568865776062,0.02109174244105816,422.63986444473267,332.82201290130615,2.185358061979059e-05,424.45396757125854,342.70161414146423,0.00011083723074989393,415.055871963501,319.3450446128845,0.00015886055189184844,401.89229440689087,322.8540221452713,0.10044042021036148,406.9560053348541,333.28338265419006,0.005190286785364151,408.13957691192627,341.64322900772095,1.118998511628888e-06,409.3650758266449,322.12111842632294,4.5148372009862214e-06,337.6840476989746,265.38732624053955,6.039599043106136e-07,397.216708779335,341.31686520576477,0.06492118537425995,402.84483337402344,344.56286001205444,2.4561015379731543e-05,341.97336077690125,263.6579473018646,0.07592525333166122,341.9972004890442,265.7758300304413,0.006395455915480852,408.1526622772217,337.90281653404236,1.7055164391877042e-07,419.7337079048157,338.1547613143921,0.10885868221521378
600,426.4930443763733,322.058007478714,0.450016587972641,425.4396071434021,327.86028385162354,0.0005780167994089425,424.23907351493835,333.0441241264343,0.000101493664260488,425.90052795410156,345.8599820137024,0.0004948515561409295,416.55074167251587,319.943158864975,0.00016256191884167492,402.4040011167526,322.4172213077545,0.0868581011891365,410.09670782089233,330.34818506240845,0.008090893737971783,408.49741411209106,342.11048698425293,9.358197530673351e-06,411.51234117150307,322.5916328430176,2.172570248148986e-06,339.2648882865906,265.60944986343384,1.5182318691131513e-07,396.76477712392807,341.57624328136444,0.17868104577064514,397.83184719085693,345.3302435874939,1.4917156477167737e-05,439.85327911376953,338.27238178253174,0.0047568948939442635,342.6569790840149,266.90134966373444,0.01704435795545578,415.8083486557007,338.2473039627075,3.07264741650215e-07,420.52664268016815,338.53500068187714,0.966479480266571
601,426.85654509067535,321.43755435943604,0.20104533433914185,425.74128675460815,326.88354778289795,0.011246586218476295,423.6654682159424,331.26727002859116,0.0002769647690001875,425.88446044921875,343.6512746810913,0.0004882532521151006,416.73687171936035,318.045960187912,0.0006945155910216272,403.32573014497757,321.2015583515167,0.5967651009559631,410.15042543411255,330.5224665403366,0.39496609568595886,409.6830942630768,342.551561832428,2.9101696782163344e-05,409.95259833335876,319.6738247871399,3.4385582239337964e-06,338.13207483291626,264.04522705078125,1.9697000652740826e-07,397.9166135787964,341.568279504776,0.672997772693634,403.78462839126587,345.3246040344238,2.1435911548906006e-05,342.4255533218384,262.8999373912811,0.21354611217975616,342.64169216156006,265.00708079338074,0.00039501406718045473,412.77430391311646,334.2712593078613,9.658433697268265e-08,421.8395141363144,338.0904583930969,0.3850550055503845
602,425.4283039569855,320.7207419872284,0.6590428948402405,422.363970041275,325.79573607444763,0.0007099162903614342,422.4451518058777,330.6801210641861,7.790973177179694e-05,424.76515650749207,342.8876881599426,0.001289824489504099,414.88256072998047,317.3166768550873,2.765566750895232e-05,402.75871443748474,321.2772116661072,0.007640199735760689,409.94584941864014,329.3367078304291,0.10455002635717392,407.7660484313965,341.37940406799316,7.1870008468977176e-06,408.3068325519562,326.5123453140259,5.017260718886973e-06,345.29626059532166,265.0002887248993,1.604297381163633e-06,396.0452488698065,340.71325492858887,0.7850763201713562,401.3302493095398,344.2092719078064,2.791076258290559e-05,343.8336298465729,264.0316252708435,0.6995245218276978,342.8847780227661,264.7042713165283,0.09390752017498016,406.1712145805359,337.1934542655945,3.2342393296858063e-07,416.4845361709595,337.39729404449463,0.709871232509613
603,426.20338237285614,322.82476925849915,0.4440693259239197,418.7392029762268,327.7135081291199,0.0038424087688326836,423.06937646865845,333.3638291358948,6.125895743025467e-05,426.15178859233856,344.63502955436707,0.00018657873442862183,416.2963128089905,319.59902024269104,0.00014069325698073953,402.89420080184937,322.6729031801224,0.007794755045324564,410.44208109378815,330.21039962768555,0.00642927223816514,409.12635612487793,341.35811042785645,9.665902780398028e-07,410.2886861562729,325.969614982605,1.99690907720651e-06,345.12258100509644,266.24623119831085,1.114893052545085e-06,397.21707916259766,341.6026334762573,0.07985452562570572,410.8750218153,336.52568197250366,2.0702243546111276e-06,346.43406915664673,263.7376317977905,0.23406359553337097,343.72505736351013,266.1639130115509,0.15515227615833282,408.20660519599915,337.78877902030945,1.7957668774215563e-07,419.97259764932096,337.9014437198639,0.18884803354740143
604,426.8123358488083,321.64025020599365,0.1650581806898117,425.3288884162903,327.2328591346741,0.015105935744941235,423.0011830329895,332.1197526603937,0.003744084620848298,428.2503291964531,345.8725287914276,0.0022681260015815496,415.67578887939453,316.8238762617111,6.921107706148177e-05,403.1748860478401,321.27387022972107,0.4089568853378296,410.4613457918167,330.0585125684738,0.19012436270713806,409.8156409263611,342.57385206222534,4.875357626588084e-05,409.7092320919037,325.30494499206543,3.144590664305724e-06,345.2745110988617,265.6956067085266,5.426774123407085e-07,396.98896193504333,340.34562370181084,0.2793112099170685,401.73834323883057,344.71956300735474,7.240421837195754e-05,442.2551324367523,337.31534719467163,0.561799168586731,343.46151089668274,265.57597279548645,0.0885506421327591,407.6657567024231,338.2060376405716,2.7890990850210073e-07,419.70525455474854,338.3100563287735,0.3910871744155884
605,424.39526081085205,322.70262575149536,1.5338668163167313e-05,424.3878335952759,327.33050322532654,9.061322998604737e-07,421.7269706726074,332.047245234251,7.424569048453122e-07,425.9293496608734,345.0960896015167,3.1430852686753497e-05,345.5480182170868,269.55792450904846,1.7297757892720256e-07,402.94215297698975,322.35889422893524,1.6997561033349484e-05,410.47466146945953,331.3064168691635,0.0004816610016860068,408.0769124031067,341.75053548812866,2.2907940433469776e-07,350.3059985637665,267.6475028693676,5.181771598472551e-07,345.15873861312866,265.2364296913147,4.1778212107601576e-06,396.5534108877182,341.82628333568573,0.00955105572938919,406.09064173698425,343.17390394210815,3.9312683952630323e-07,344.76491117477417,263.2163360118866,0.9572802782058716,343.83232712745667,264.85776352882385,0.19407834112644196,341.6210994720459,267.37876242399216,1.9528812345015467e-07,420.638221681118,337.2744197845459,0.7006796002388
606,424.39014530181885,321.92900466918945,0.000898405269253999,419.12827479839325,328.1092028617859,4.911124415230006e-05,421.4770998954773,332.58540642261505,9.086278623726685e-06,424.7762565612793,343.89853143692017,6.913377001183107e-05,345.7805771827698,269.7046594619751,8.94200525181077e-07,406.57388162612915,326.55411767959595,1.2621681889868341e-05,410.3163791894913,331.4662188887596,0.0011740867048501968,407.0955653190613,342.3557114601135,1.2934773394590593e-06,349.54529654979706,268.35825031995773,2.2432091100199614e-06,345.35722947120667,265.26255345344543,2.216440043412149e-05,393.3889694213867,339.4374694824219,0.008034209720790386,401.7999687194824,344.33815693855286,1.2610341855179286e-06,346.0898633003235,263.9066216945648,0.7790917158126831,345.6709084510803,265.0143303871155,0.9566389322280884,341.9827742576599,267.9530141875148,9.283435815632401e-07,419.3734139800072,338.9614336490631,0.7349679470062256
607,424.0330033302307,322.85016644001007,7.487064431188628e-05,418.1923861503601,328.40015387535095,2.6451652956893668e-06,422.5811758041382,333.89962911605835,7.61907813284779e-07,424.82784843444824,344.25346636772156,3.2111820473801345e-05,345.37785291671753,270.3939559459686,1.038783068452176e-07,407.1713480949402,328.1852719783783,6.898043011460686e-06,411.8604862689972,333.1016091108322,0.0002011517935898155,408.575044631958,342.52307987213135,1.1203102445733748e-07,349.4494650363922,268.7504418492317,2.3805749549410393e-07,345.3554172515869,265.5572693347931,9.797606708161766e-07,397.36152589321136,341.62738156318665,0.000946917396504432,406.95212960243225,342.8637623786926,1.6844123251757992e-07,344.2124342918396,263.2715196609497,0.358010470867157,343.65493059158325,265.5373947620392,0.15659016370773315,341.75852251052856,268.03156735002995,5.904420063984617e-08,419.429138481617,339.367145717144,0.8513159155845642
608,425.6066963672638,320.5709307193756,0.001263381913304329,425.77280950546265,325.14404821395874,1.8167247617384419e-06,424.6098074913025,332.4637484550476,1.0319298780814279e-05,426.2844351530075,344.8730056285858,0.0005034492933191359,345.9762406349182,270.5338685512543,1.1093594309841137e-07,403.8380301296711,318.9570608139038,2.75052479992155e-05,411.59930634498596,329.53412318229675,0.014119021594524384,409.9798741340637,341.8720021247864,7.686434400966391e-06,349.4811488389969,268.47721776366234,2.536255578888813e-07,345.2619364261627,265.8056387901306,1.0139336836800794e-06,397.53064024448395,341.15883815288544,0.008593009784817696,408.4041771888733,338.0580916404724,1.1680045872708433e-06,343.8776891231537,262.6137852668762,0.7731125354766846,343.1097340583801,264.3986690044403,0.4282677471637726,418.2144536972046,340.8276529312134,1.511727276692909e-07,421.3307445049286,337.51463413238525,0.9970182180404663
609,424.37857818603516,320.69034123420715,0.10528840124607086,419.55893886089325,328.0459814071655,0.00013611081521958113,421.71395683288574,331.68388986587524,1.150048501585843e-05,423.67158460617065,341.6947091817856,0.0001567993895150721,416.81697368621826,319.1986539363861,9.598043106961995e-06,408.6128842830658,327.1374616622925,1.177084050141275e-05,412.2569698691368,331.08686953783035,0.0004791565297637135,408.7024049758911,342.83330392837524,3.988677235611249e-06,418.90421652793884,330.00404012203217,2.739771218784881e-07,345.4848520755768,265.32085061073303,7.838303872631514e-07,398.30678844451904,342.1991775035858,0.0014501342084258795,411.1868520975113,336.51499462127686,1.4402997976503684e-06,347.5214910507202,264.4685502052307,0.10363112390041351,344.7031178474426,265.7033269405365,0.01719922199845314,408.6300702095032,338.7344343662262,1.5900451444395003e-07,422.1663439273834,337.6853013038635,0.995500385761261
610,424.80175733566284,319.89747047424316,0.0004782510222867131,424.6157078742981,325.2678954601288,6.656787832071132e-07,421.85148000717163,329.6798765659332,5.587880423263414e-06,424.23776507377625,344.07669019699097,8.659173909109086e-05,423.2748818397522,345.83294320106506,2.4131932718773896e-07,407.7475953102112,322.91225826740265,1.0806121508721844e-06,411.9175819158554,329.6585040092468,0.00022354867542162538,408.7987687587738,342.0245018005371,9.808732102101203e-07,430.07436323165894,343.4165859222412,4.6874882286829234e-07,423.6231002807617,341.7509961128235,7.087134008543217e-07,398.92792534828186,340.5646356344223,0.00021227622346486896,410.4155807495117,334.70282888412476,1.1981092029600404e-06,344.11878871917725,262.55000281333923,0.23074431717395782,343.72261595726013,265.15929913520813,0.04353850334882736,421.9135060310364,340.58454942703247,3.1307109793488053e-07,422.81876850128174,337.37489914894104,0.9993995428085327
611,427.1816563010216,318.21539855003357,0.0009398731053806841,424.73021245002747,325.26175689697266,3.1982958716980647e-06,422.23868799209595,330.86335384845734,2.9348716452659573e-06,424.73430943489075,341.89900267124176,1.0424273568787612e-05,417.6601264476776,317.8817411661148,1.3244590491012787e-07,403.45894342660904,319.6518874168396,4.9986694648396224e-05,411.73952013254166,330.2752537727356,0.0010909457923844457,409.0687644481659,341.22099351882935,5.335054353849955e-08,350.6305592060089,267.17524087429047,2.669139576028101e-07,345.5837116241455,265.17758202552795,1.3272017440613126e-06,398.78142857551575,341.0252741575241,0.0020173063967376947,410.5651341676712,336.06786584854126,8.193142662094033e-07,345.57320642471313,264.56727838516235,0.1367245614528656,344.7204399108887,265.2290732860565,0.07060644030570984,341.40345525741577,267.5437964498997,1.2617988431884442e-07,422.2319242954254,337.7316439151764,0.9921390414237976
612,426.52613747119904,315.83923844993114,0.06972458958625793,424.5311245918274,322.65071630477905,1.1694753084157128e-05,423.03140783309937,328.3930733203888,0.00040049178642220795,424.91726303100586,340.48093342781067,0.0005016555660404265,416.52061581611633,314.4444634914398,1.611143488844391e-06,403.5836012363434,316.05491423234344,0.007840391248464584,411.83600912988186,325.63645136356354,0.06576746702194214,409.64898228645325,340.38242864608765,1.639695881294756e-07,351.64316034317017,267.11849904060364,2.6475324830244062e-06,345.2010645866394,265.5501642227173,3.1091683922568336e-05,398.55304884910583,339.0992459654808,0.013814029283821583,409.0657196044922,337.7446870803833,8.883358532330021e-06,348.6566852927208,265.116596698761,0.9676539897918701,345.5235891342163,266.23762357234955,0.08490433543920517,341.84105348587036,268.7569259405136,3.0449778023466934e-06,420.69314855337143,335.99405431747437,0.9885668754577637
613,427.2030455470085,316.5306980609894,0.0005092909559607506,425.30964374542236,322.9502729177475,1.90782066056272e-06,423.012393951416,328.6655147075653,9.943735494744033e-05,424.7402698993683,340.296560972929,2.244530332973227e-05,417.74829292297363,316.75975102186203,3.367158569744788e-07,409.52506852149963,321.4395377635956,6.760282121831551e-05,414.23454785346985,328.41772413253784,0.004038769751787186,410.1920573711395,341.02475452423096,1.388717549843932e-07,413.5794640779495,327.30810356140137,9.788868027271747e-08,345.87816309928894,265.84508085250854,7.00417288612698e-08,400.0616807937622,339.8114059269428,0.018347829580307007,410.3063818216324,338.69271099567413,1.942567905643955e-06,351.07581186294556,267.4974702000618,0.001013612956739962,346.71258187294006,270.0715718269348,0.08310913294553757,415.39558839797974,334.6969542503357,8.885640312428222e-08,422.707816362381,337.10318779945374,0.9833282232284546
614,427.60646882653236,317.7021062374115,0.15767447650432587,421.40241825580597,326.6799213886261,6.349312025122344e-05,422.519624710083,330.9304517507553,0.00010138523794012144,425.39014983177185,341.9144289493561,9.447945922147483e-05,416.3134813308716,317.48618841171265,9.868690540315583e-06,404.95808905363083,320.2962212562561,0.005289722234010696,412.5089661478996,330.34734869003296,0.007529211230576038,410.3509782552719,341.0748152732849,2.140159693908572e-07,411.37944519519806,326.84804916381836,3.8662616930196236e-07,345.21010279655457,266.33506882190704,8.57371446727484e-07,399.6741609573364,340.0016262900317,0.05602213367819786,408.75007581710815,342.38529086112976,2.178155045839958e-05,345.76005697250366,264.59574580192566,0.08609189838171005,344.0229616165161,266.7101753950119,0.2927609086036682,342.3855605125427,268.9426155090332,1.3669345833022817e-07,422.539098739624,339.86607034504414,0.9821350574493408
615,427.07116317749023,316.1158680394292,0.06899114698171616,424.7484931945801,323.39768648147583,2.9913961043348536e-05,423.3726649284363,328.75255513191223,0.00016842775221448392,429.318745136261,339.6035980582237,4.3693184125004336e-05,416.8175735473633,316.0342964492738,4.239336703903973e-06,407.8297653198242,318.57456493377686,0.0014701224863529205,413.8544158935547,327.70764112472534,0.0175657719373703,412.9632778763771,339.64399576187134,1.7291738174662896e-07,350.7524287700653,267.4025619626045,4.1039385223484715e-07,345.58678221702576,265.41884422302246,2.6831073682842543e-06,399.22217869758606,338.60404121875763,0.0052729262970387936,408.8305912017822,340.9531782269478,4.927022473566467e-06,345.40031719207764,263.11770820617676,0.8398277759552002,345.3284933567047,264.926474571228,0.0041859871707856655,342.02307987213135,268.3116225004196,8.099144110929046e-08,422.9286804199219,338.2324060201645,0.9320030212402344
616,425.5307095050812,315.585084348917,0.007272678893059492,421.6479866504669,323.28478544950485,5.734853039029986e-05,421.97377014160156,328.1123101711273,0.0004155757778789848,424.5644669532776,340.2247734218836,5.331105421646498e-05,416.8203146457672,308.4893980026245,7.40082271022402e-07,404.85426807403564,316.8696817755699,0.00041830670670606196,411.3569378852844,327.006489276886,0.011600423604249954,408.5705449581146,341.0810227394104,4.7696630645077676e-06,349.18834602832794,267.4944614171982,1.34560775677528e-06,345.2388725280762,265.32485604286194,1.1523320608830545e-05,398.9087584018707,338.9983538389206,0.003258075099438429,402.6546015739441,342.1270637512207,1.451385560358176e-05,345.3393497467041,263.5808455944061,0.9234814643859863,345.19863414764404,264.54932498931885,0.8297834396362305,341.8506474494934,267.2675080895424,2.0066266870344407e-07,422.67350482940674,337.7390902042389,0.8286253809928894
617,426.4711080789566,315.9177479892969,0.005528779234737158,425.02608489990234,322.18723702430725,1.485351640440058e-05,423.576030254364,328.1395025253296,0.0004918259219266474,425.2765119075775,339.8674577623606,0.0003035837726201862,417.19153690338135,316.7529243826866,2.962568714792724e-07,408.8006122112274,322.1696753501892,1.6786147170932963e-05,412.7834143638611,326.89979004859924,0.0015883801970630884,409.6565418243408,341.4255380630493,2.388213715676102e-06,412.24629813432693,327.74252367019653,4.00126992872174e-07,345.91218876838684,266.6627836227417,1.0213121868218877e-06,401.16877460479736,338.7361854314804,0.0005469913594424725,410.15553855895996,335.21638894081116,6.436674084397964e-06,346.7554349899292,264.9273386001587,0.005992494057863951,344.37458992004395,266.4212294816971,0.14844147861003876,414.94122886657715,334.99499893188477,1.4979087836763938e-07,422.24587202072144,336.77705216407776,0.9960987567901611
618,426.8910504579544,316.4742579758167,0.06851189583539963,424.7780935764313,323.3273852467537,0.0003040849114768207,423.565194606781,329.2435884475708,0.0006770812906324863,429.4764246940613,339.3311623930931,3.504554115352221e-05,416.99455070495605,316.8803952932358,1.7448011931264773e-05,408.84744930267334,322.82605504989624,6.159043550724164e-05,414.0907440185547,329.60787439346313,0.0009150207042694092,410.85307097435,341.04883003234863,3.360027847065794e-07,349.9755206108093,268.21701261401176,1.9883916593244066e-06,345.912162065506,265.97143363952637,8.220808922487777e-06,404.8879672884941,337.9386270046234,0.0019221800612285733,412.45093098282814,335.02841544151306,3.7837371564819477e-06,347.866361618042,265.5347924232483,0.16525036096572876,344.7844948768616,266.31451320648193,0.16184912621974945,342.73000288009644,268.40975418686867,5.824800268783292e-07,423.69770884513855,336.4450161457062,0.9710982441902161
619,426.7538038492203,316.9154558777809,0.09725768864154816,421.4275428056717,325.01326751708984,0.0007998126093298197,422.20964336395264,329.2525510787964,0.0003346254816278815,429.6451816558838,339.38856118917465,3.3277032343903556e-05,416.1069087982178,317.05205488204956,1.5116427675820887e-05,406.70762300491333,317.39636731147766,0.0023549182806164026,413.90875256061554,329.33921360969543,0.0006426891777664423,341.5374393463135,271.2863657474518,5.561435756362698e-08,348.96384435892105,269.1332070827484,4.154944406309369e-07,342.3024048805237,266.1554363965988,2.503549467292032e-06,404.7067446708679,336.21444034576416,0.0015442637959495187,413.11669886112213,334.96778869628906,1.6405310816480778e-05,343.99079513549805,264.0119118690491,0.055869996547698975,343.5893530845642,264.6191530227661,0.9445828795433044,414.10010051727295,334.0572507381439,1.968764706816728e-07,422.73592472076416,338.4236718416214,0.9814435243606567
620,427.16529673337936,316.33287543058395,0.03302851691842079,424.55392718315125,323.3183994293213,0.0001063316740328446,422.63661527633667,329.48138451576233,0.00042650147224776447,425.873939037323,340.2619205713272,7.596131763420999e-05,345.8326954841614,269.23536372184753,2.824735474860063e-06,407.85339164733887,317.1774299144745,0.023416878655552864,413.3783757686615,328.1763186454773,0.027615811675786972,412.61134964227676,339.2093418240547,7.932400194476941e-07,348.5534825325012,267.8654524087906,4.549310233414872e-06,345.3724513053894,265.1989526748657,3.157147511956282e-05,400.5048599243164,339.0525888800621,0.005455027800053358,408.80567598342896,339.97353464737535,2.707895873754751e-05,345.78028678894043,263.293744802475,0.528142511844635,343.9949712753296,264.1172721385956,0.9804203510284424,342.1755051612854,266.67223584651947,1.3925692883276497e-06,423.13273882865906,337.73487758636475,0.5632174015045166
621,427.1274480819702,315.4124930500984,0.02436581440269947,424.46041464805603,323.1427099108696,8.106745372060686e-05,422.36312103271484,329.90503764152527,0.00017175257380586118,425.3195605278015,341.14724349975586,1.1553547665243968e-05,417.7910842895508,314.9397088289261,2.937764293164946e-06,407.61969661712646,316.76201087236404,0.08748874068260193,415.54687881469727,327.37486147880554,0.00972830131649971,341.9131660461426,271.10717511177063,3.0781845339333813e-07,347.88294852524996,268.88020741939545,2.2170306692714803e-06,345.42432856559753,265.58709836006165,9.84282360150246e-06,404.5633360147476,338.0806999206543,0.00020461788517422974,413.55952072143555,335.8287057876587,5.3073131311975885e-06,345.43704175949097,263.1477417945862,0.18833529949188232,343.7993161678314,264.1102602481842,0.9893581867218018,341.97698402404785,267.06279546022415,5.308358481670439e-07,424.2357313632965,338.3991596698761,0.9891325831413269
622,424.9022400379181,317.19566428661346,0.0019779358990490437,421.59152603149414,324.2322645634413,1.5053117749630474e-05,421.98231077194214,329.3728041648865,3.336750523885712e-05,423.8229908943176,340.51746493577957,2.48921278398484e-05,345.7232644557953,270.04527735710144,5.222052550379885e-06,408.1189994812012,320.86327934265137,0.00093119713710621,412.0097452579066,329.6158289909363,0.0017807497642934322,341.44829845428467,270.5536539554596,5.997029575155466e-07,347.12871062755585,268.35469883680344,5.358138878364116e-06,345.55790543556213,265.019588470459,1.926600634760689e-05,402.0286965370178,338.75722885131836,0.00017208386270795017,409.00903844833374,337.51449966430664,6.11935183769674e-06,346.87711000442505,262.759934425354,0.15889406204223633,345.1814422607422,263.1547882556915,0.9998282194137573,341.5349349975586,266.1145703792572,1.2733970606859657e-06,422.7450861930847,338.3879940509796,0.986841082572937
623,426.69923961162567,316.1914601624012,0.005781852174550295,424.2643744945526,323.83491864800453,9.236694313585758e-05,422.4993553161621,329.6436915397644,3.7523128412431106e-05,429.68512630462646,339.2890537381172,4.3441243178676814e-05,346.4845371246338,270.99892377853394,1.009920106298523e-05,410.147047996521,321.8945665359497,0.0003592885041143745,415.2672884464264,329.58200097084045,9.526535723125562e-05,342.61257219314575,270.7406852245331,1.2396913007250987e-06,347.2452576160431,269.27653646469116,6.5069543779827654e-06,346.34680926799774,265.67443799972534,2.58598847722169e-05,404.8566126227379,336.978786945343,0.0024986618664115667,413.61062371730804,334.36855912208557,4.469158739084378e-06,346.91989278793335,265.0307650566101,0.0035238820128142834,346.042689204216,263.9061267375946,0.9999986886978149,342.28724431991577,266.7075493335724,2.0195464003336383e-06,423.84255599975586,338.4733337163925,0.9808045029640198
624,425.7366306781769,314.28614115715027,0.0014965834561735392,424.7052595615387,321.22655987739563,8.014775630726945e-06,423.33972215652466,327.349157333374,7.613594061695039e-05,425.06581592559814,338.168240070343,4.017185801785672e-06,345.20540475845337,271.04599833488464,2.4505977762601105e-06,347.1266983151436,270.8859329223633,2.560994062150712e-06,419.00334322452545,326.1848449707031,4.623643690138124e-05,341.1773109436035,269.9389077425003,3.7280503306647006e-07,348.4311230480671,268.50586599111557,2.24652740143938e-06,346.0517374277115,265.68520617485046,3.845474111585645e-06,405.9454061985016,336.2750587463379,0.0005243808845989406,412.46069249510765,334.3828136920929,8.86890063611645e-07,346.50410175323486,262.72891116142273,0.0038379088509827852,345.32994747161865,262.9449870586395,0.9997290968894958,341.158016204834,265.80979895591736,3.1764781738274905e-07,424.24688029289246,335.95929622650146,0.925416886806488
625,425.76103687286377,315.80764888226986,0.008711869828402996,423.3322801589966,323.48789620399475,0.00010980041406583041,422.22531032562256,329.3355784416199,4.43064964201767e-05,425.02882266044617,339.25654554367065,7.388534868368879e-06,345.7077012062073,271.3953149318695,4.994074515707325e-06,409.27117443084717,318.19623923301697,0.0005990794743411243,416.292848110199,330.20611441135406,8.446037099929526e-05,342.0842237472534,270.4133484363556,9.676795116320136e-07,346.81713569164276,269.3834240436554,2.564459691711818e-06,346.09026396274567,266.2471058368683,6.5171634560101666e-06,407.1018121242523,336.63561630249023,0.00031470548128709197,414.5236897468567,334.3050580024719,1.555021299282089e-05,345.06353187561035,263.18112421035767,0.0066519430838525295,344.75106167793274,263.1185293197632,0.9999889135360718,341.0882420539856,263.4911251068115,4.4407428845261165e-07,424.55046820640564,337.1148488521576,0.9326782822608948
626,428.1515503078699,314.8911073207855,0.05446590110659599,426.18557929992676,319.87756061553955,0.0004749547806568444,424.4777362346649,328.34807872772217,0.0008590830839239061,431.0018367767334,338.8954336643219,6.0050628235330805e-05,419.9678535461426,312.0539870262146,1.4293012100097258e-05,410.3525285720825,316.22579015791416,0.11007983982563019,415.6013391017914,327.14759731292725,0.1626521497964859,413.01219141483307,336.1591935157776,4.3228857293797773e-07,347.64260375499725,267.75008618831635,2.0773420601472026e-06,345.4147222042084,265.18832755088806,6.8222125264583156e-06,405.31065690517426,335.61807656288147,0.004230952821671963,412.2555529177189,335.86621475219727,0.00023797765607014298,346.43782806396484,261.64083182811737,0.2430659979581833,343.7388460636139,262.6086730957031,0.9992258548736572,340.8966293334961,265.54933166503906,3.925068483567884e-07,423.6523027420044,337.40744042396545,0.9897711277008057
627,427.0955676436424,314.06252098083496,0.057692043483257294,424.7924244403839,322.26402366161346,0.00022054222063161433,423.8774719238281,328.6939082145691,0.0002793552412185818,430.55056858062744,338.20867824554443,2.88712381006917e-05,418.319055557251,314.705729842186,2.3288575903279707e-05,409.97557377815247,316.10259622335434,0.006079463753849268,416.204749584198,326.75324726104736,0.00476323114708066,342.7820973396301,268.99314987659454,1.2474069990275893e-06,347.61506763100624,269.2149523496628,3.7129177599126706e-06,345.7050187587738,265.88444542884827,1.8941163943964057e-05,406.76781845092773,336.0399646759033,0.00018405515584163368,413.31453907489777,335.7618000507355,6.681546074105427e-05,345.01483488082886,263.18277883529663,0.01073580514639616,344.0579104423523,262.16702127456665,0.9999725818634033,341.9727506637573,265.81720542907715,6.761249551345827e-07,425.99897742271423,336.8726906776428,0.9970071911811829
628,426.69675529003143,313.6628203392029,0.11828017979860306,424.20697140693665,321.57593154907227,0.0005624372279271483,423.46178913116455,327.5369348526001,0.00037503958446905017,430.2519054412842,338.2936588525772,8.14865343272686e-05,417.53491592407227,314.8636020421982,2.0277240764698945e-05,409.2007853984833,315.863469183445,0.00195865030400455,414.78686690330505,327.4118266105652,0.014071471057832241,415.8439950942993,339.6228981614113,3.867588930006605e-06,346.78776252269745,269.55396687984467,2.982032810905366e-06,345.6386876106262,264.4165897369385,2.4751048840698786e-05,405.7913590669632,335.9172477722168,0.008872575126588345,411.93622902035713,336.07185649871826,0.0001449079718440771,345.66767740249634,262.27981638908386,0.039934270083904266,344.71781635284424,260.6563729643822,0.9999998807907104,341.48981285095215,264.9421510696411,7.463386282324791e-07,425.4423007965088,336.6733601093292,0.980983555316925
629,425.96994638442993,313.9737870693207,0.1889467090368271,423.87707805633545,321.9720902442932,0.0007530230795964599,423.7175803184509,328.09036588668823,0.00037016262649558485,430.8326268196106,338.0136253833771,6.520737952087075e-05,416.90764808654785,315.20518946647644,2.3601858629263006e-05,406.9605441093445,315.6649633347988,0.004027608782052994,413.19928884506226,327.26023507118225,0.01383941899985075,416.4170722961426,339.0372978448868,5.762091177530237e-07,347.27191883325577,269.60989260673523,2.749867689999519e-06,345.68286180496216,264.0215411186218,1.7473754269303754e-05,405.52082681655884,336.0668625831604,0.0013803434558212757,411.84682634472847,335.79591727256775,0.00022232964693102986,345.9770154953003,261.25611674785614,0.033760976046323776,344.1132826805115,260.21101601421833,0.9999995231628418,339.3090109229088,259.9974073492922,9.492344474892889e-07,424.7353093624115,336.51122641563416,0.9985358715057373
630,426.09812891483307,314.34309816360474,0.09900055080652237,422.2125027179718,323.8883117213845,0.0020835131872445345,422.62509298324585,328.1486792564392,0.0005533337243832648,430.6576204299927,338.0583778619766,0.000216586995520629,418.81091022491455,311.7359974384308,3.460935840848833e-05,407.58918380737305,316.31198367476463,0.007139215711504221,414.61718559265137,327.5972878932953,0.007473232224583626,415.81578826904297,339.3217862844467,1.4352508515003137e-07,424.19216322898865,327.5462226867676,4.406861364714132e-07,345.0383789539337,264.58391642570496,5.940896130596229e-07,405.7027871608734,335.1903359889984,0.000266390765318647,413.4412831068039,334.9914631843567,0.00010584246047073975,343.77151823043823,259.91004242002964,0.025491520762443542,342.5676643848419,259.6891778409481,0.9978298544883728,414.9918074607849,333.3498911857605,2.4060972236839007e-07,423.4066352844238,336.80409479141235,0.94617760181427
631,428.65848964452744,313.5771915912628,0.00091366603737697,427.4722483754158,318.06861543655396,0.0007002291968092322,425.3094403743744,324.63089871406555,0.003342198207974434,431.79693031311035,337.95053243637085,0.0010766361374408007,417.9312210083008,314.4180374145508,5.5362534112646244e-06,410.52105832099915,315.812599003315,0.03922438994050026,415.22384786605835,326.8674898147583,0.6532890796661377,414.65628004074097,339.8506566286087,6.30161684966879e-06,348.50749909877777,255.80048513412476,1.2940399756189436e-06,345.16583037376404,264.31315755844116,1.806059458431264e-06,404.52526211738586,338.2289352416992,0.01796865090727806,411.85402992367744,336.66761684417725,0.00013467379903886467,343.97578382492065,259.12213307619095,0.025563543662428856,342.6530017852783,258.7146954536438,0.9999823570251465,416.2825503349304,335.65059661865234,5.276530146147707e-07,423.13103723526,336.96073389053345,0.983511209487915
632,428.34093898534775,314.79477548599243,0.0004285624891053885,426.2781800031662,319.8962399959564,0.0016134008765220642,424.16938638687134,327.78289556503296,0.00011151189391966909,435.80673122406006,339.31720197200775,4.45776131527964e-05,418.6804943084717,316.50432699918747,1.5081136552907992e-05,411.19728714227676,317.04856979846954,0.025092821568250656,418.7589120864868,326.85956048965454,0.002128403866663575,342.53018522262573,266.4749289751053,2.506678526970063e-07,347.12684947252274,269.2145744562149,1.1530282790772617e-06,345.6306734085083,264.0302209854126,3.379065447006724e-06,407.4338755607605,335.2991020679474,0.0001102113164961338,414.2929754257202,334.7199773788452,6.561626651091501e-05,344.78544998168945,256.698392868042,0.016118308529257774,342.06104373931885,258.0456985235214,0.9999712705612183,336.25425148010254,259.2614936828613,4.226969281262427e-07,426.23226630687714,336.72661423683167,0.9899728298187256
633,426.4636734724045,315.02803164720535,0.00016352768579963595,424.8777685165405,323.027959048748,0.00010735887190094218,423.179621219635,329.7597815990448,4.262949732947163e-05,435.5260429382324,339.1303930282593,7.950243343657348e-06,419.1523771286011,317.02689015865326,3.4192651128250873e-06,410.39722669124603,317.56127738952637,0.0005099751870147884,414.8308229446411,331.00835877656937,0.0003505274944473058,341.9767870903015,266.1644414663315,1.3334002346709894e-07,340.8900499343872,254.72804880142212,5.337934112503717e-07,336.42685747146606,253.88440597057343,1.50965297507355e-06,406.74755215644836,336.1130542755127,3.787834066315554e-05,414.48757338523865,336.16834926605225,7.339704552578041e-06,344.4232358932495,254.59250688552856,0.036414772272109985,341.8536261320114,257.37392234802246,0.9997546076774597,336.35383224487305,258.1004014015198,4.2742837536025036e-07,426.60745310783386,337.9435954093933,0.9804065227508545
634,426.8056095838547,313.42786836624146,0.004907459020614624,423.8927297592163,322.8012661933899,0.0008089719340205193,422.095591545105,329.25659561157227,0.000287483271677047,430.7869539260864,338.5082995891571,3.653152452898212e-05,418.7328109741211,315.2181086540222,1.0038466825790238e-05,409.37959003448486,317.3529065847397,0.00016748257621657103,414.20806980133057,327.94241070747375,0.00019155783229507506,415.9943780899048,340.66555136442184,2.0497566310950788e-07,340.18464183807373,254.76427125930786,3.2977487762764213e-07,336.91485118865967,252.84564661979675,2.740144964263891e-06,406.69431614875793,335.6008880138397,7.162833935581148e-05,414.64726400375366,335.69385957717896,4.04481443183613e-06,343.32743740081787,250.2074191570282,0.006525147706270218,341.615402340889,252.88672971725464,0.9567967057228088,420.6903877258301,335.87352895736694,9.931761724146781e-08,426.4336407184601,338.02119266986847,0.9399846196174622
635,428.4362481236458,313.1834943294525,0.005957411136478186,425.05525302886963,321.6646852493286,0.002408175030723214,423.0052270889282,327.38226795196533,0.0004010885313618928,430.59583044052124,337.27029371261597,9.346178558189422e-05,420.7003102302551,310.5840895175934,0.00034848976065404713,409.30191683769226,315.5123588144779,0.0010804382618516684,414.85742568969727,326.89089155197144,0.0007629203610122204,416.38894963264465,339.88874669373035,3.444353353643237e-07,340.1633005142212,254.46466970443726,2.2356553017743863e-06,336.3692784309387,251.80899676680565,3.67399952665437e-05,406.6730246543884,335.5655176639557,0.0004504076496232301,414.2090890407562,335.01181530952454,3.708784333866788e-06,342.13745403289795,251.03100109100342,0.27074363827705383,340.7243334054947,251.8843221515417,0.9980061650276184,417.47163820266724,335.1642527580261,5.276359047456936e-07,425.8654742240906,335.9489817619324,0.8159283399581909
636,428.1878826767206,314.24034547805786,7.478515908587724e-05,432.32108759880066,321.09749722480774,3.893322718795389e-05,424.2235448360443,328.58224153518677,8.252162660937756e-05,437.6960234642029,336.68942165374756,2.38197226281045e-05,420.30397272109985,315.9623609147966,1.0890596968238242e-05,410.67024195194244,317.3171226978302,0.0002453662164043635,418.561185836792,326.4007225036621,8.042244735406712e-05,417.53924441337585,340.00729478662834,4.842825092055136e-07,340.03547286987305,253.57853662967682,8.047717869885673e-07,336.1054673194885,250.71203470230103,2.1202347852522507e-05,409.87775206565857,338.9857473373413,6.0192818637005985e-05,414.9931538105011,335.3388156890869,1.1599375284276903e-05,339.07856798171997,249.95630168914795,0.3758004903793335,339.3559305667877,250.77917909622192,0.580123245716095,422.8033833503723,335.81280279159546,1.493781809358552e-07,428.56485068798065,336.98263216018677,0.9461785554885864
637,429.7614229917526,312.4642210006714,0.00033605104545131326,426.7799119949341,321.2573518753052,6.646714609814808e-05,424.6594879627228,327.6169080734253,0.00011691253894241527,437.2000994682312,338.1214897632599,1.8693932361202314e-05,422.61368131637573,311.7122850418091,0.002822635695338249,410.2294844388962,317.89895713329315,0.004313094541430473,417.59438276290894,326.63266921043396,0.000787961354944855,418.0297967195511,339.6925862431526,1.593465270843808e-07,339.52433156967163,253.32730865478516,2.9503173664124915e-06,336.5218687057495,249.76775932312012,0.0001221027341671288,407.412495136261,335.2027714252472,0.000699247233569622,414.7984690666199,335.60236740112305,1.3766794836556073e-05,340.32934761047363,249.38609266281128,0.8177528977394104,339.9977771914564,249.26630663871765,0.9505851864814758,335.55431485176086,251.5333704650402,7.92037383234856e-07,425.8638789653778,337.2434604167938,0.8582330942153931
638,430.5468261241913,313.8007082939148,9.867827611742541e-05,432.8957784175873,319.8094549179077,0.00033772061578929424,425.6589307785034,327.47662353515625,0.0005341254291124642,438.07011222839355,336.5681037902832,0.0004901813226751983,422.03401374816895,311.2632505893707,0.000299748033285141,410.7583223581314,316.4745460152626,0.017443669959902763,415.4232952594757,326.92812490463257,0.003875987371429801,418.32185792922974,339.70223543047905,7.211617116809066e-07,339.09041595458984,253.78012371063232,4.852903430219158e-07,337.2070837020874,248.2965579032898,1.2882273949799128e-05,406.8855903148651,338.7079259157181,0.001311481581069529,414.08925771713257,335.416029214859,2.046956797130406e-05,340.45338344573975,247.05250334739685,0.18360595405101776,339.54339358210564,247.0973105430603,0.920914888381958,417.26041626930237,335.51199531555176,3.907238976808003e-07,426.18558156490326,336.45221877098083,0.9877222180366516
639,430.013680934906,314.3957508802414,2.040367508016061e-05,433.3537893295288,320.13084745407104,3.101918628090061e-05,430.7646498680115,326.49638509750366,0.0003149252152070403,438.42812156677246,336.3816647529602,0.00033147132489830256,423.192364692688,311.62365531921387,3.373291474417783e-05,410.501446723938,317.40875470638275,0.004161607474088669,418.3404530286789,326.3017191886902,0.0008897967636585236,418.3370016813278,339.2834344506264,2.7572335170589213e-07,342.12519454956055,239.74770998954773,4.559477133625478e-07,334.65994334220886,238.57123565673828,2.8046306397300214e-06,407.23516941070557,335.11806988716125,0.0008999877609312534,413.7984572649002,335.19392466545105,3.5089096854790114e-06,338.93423795700073,240.41514492034912,0.05577435344457626,338.60967659950256,241.92012977600098,0.6525670289993286,428.7843909263611,328.43951773643494,2.614265497413726e-07,427.1812425851822,335.820574760437,0.9956306219100952
640,431.90235590934753,314.5758855342865,1.2493960639403667e-05,428.519043803215,321.57953572273254,7.765531336190179e-05,426.4829456806183,328.08867049217224,0.0009092972613871098,438.56212854385376,336.67976999282837,6.367168680299073e-05,422.3003635406494,311.8177502155304,0.0001291236694669351,410.46812999248505,317.4668530225754,0.002654094249010086,419.2756420969963,329.4363670349121,0.0008321789209730923,418.90341424942017,339.8359182626009,2.1539935346481798e-07,340.76936054229736,239.10131883621216,3.084460331592709e-06,333.81106555461884,238.07765555381775,8.145312312990427e-05,406.802090883255,338.6555777788162,0.0004935936885885894,415.46168518066406,334.6985309123993,1.7613894669921137e-05,338.19047260284424,238.32540440559387,0.9204612374305725,337.62385082244873,240.25179958343506,0.4163263142108917,417.3976180553436,334.132271528244,3.4425832495799114e-07,426.0966055393219,338.19310545921326,0.9951867461204529
641,431.7460792064667,314.8508230447769,1.2365516113277408e-06,429.2129580974579,320.8020279407501,3.220940925530158e-05,425.69080424308777,327.08064556121826,0.0004496918700169772,440.52016139030457,337.42450046539307,1.4016805835126434e-05,423.7024645805359,312.3828778266907,6.900142125232378e-06,411.7396006286144,316.5213848352432,0.014099977910518646,418.73698222637177,327.35529351234436,0.0006116859149187803,418.91485238075256,339.48241126537323,1.7959924889510148e-06,340.5007915496826,239.91256999969482,2.5012345759023447e-06,335.325697183609,236.32186490297318,0.0001717236009426415,406.9416139125824,336.0469174385071,0.013096971437335014,414.85258746147156,334.6386730670929,9.00865052244626e-06,339.4322175979614,237.51423180103302,0.7320498824119568,338.34819650650024,237.30018651485443,0.992275059223175,419.63995376229286,333.18251264095306,2.446438713832322e-07,426.86288583278656,337.5749833583832,0.9678548574447632
642,332.82789623737335,237.00259041786194,5.751056733060977e-07,430.52089500427246,317.92460310459137,4.417862328409683e-06,426.93918657302856,328.21673488616943,0.0002298728795722127,439.15316677093506,338.8651911020279,4.963586889061844e-06,333.7380322217941,238.82094073295593,1.8839226356703875e-07,412.5944793224335,317.6836998462677,0.010517056100070477,419.0167591571808,327.8240396976471,0.0008974082302302122,419.6680533885956,340.1272921413183,4.50666249207643e-07,340.409574508667,238.9982738494873,1.2869240890722722e-06,336.6972904205322,234.25426840782166,3.8771129766246304e-05,407.7316906452179,336.45974683761597,9.250595030607656e-05,331.85492929816246,239.4299771785736,3.0686206287100504e-07,338.9620246887207,233.33084344863892,0.22543874382972717,339.9151371642947,233.3390667438507,0.9478904604911804,335.0007257461548,236.2517539858818,1.1861972382121166e-07,431.1124687194824,337.3369002342224,0.7596752643585205
643,330.4579813480377,237.6482254266739,1.9553355912194093e-07,429.3337069749832,317.83822190761566,2.709913496801164e-05,431.60013914108276,326.52204036712646,6.776973168598488e-05,439.7190623283386,338.54161834716797,2.7881812911800807e-06,423.33759593963623,315.57290214300156,2.551749105350609e-07,412.7275523543358,317.8153796195984,4.0928793168859556e-05,422.038293838501,328.19337129592896,0.0002977119875140488,421.9200930595398,339.75752471387386,1.7427908005629433e-07,341.4170198440552,226.44790887832642,7.589815140818246e-07,335.7976486682892,233.53534269332886,3.674325125757605e-05,407.9597623348236,338.91944789886475,0.0005484622670337558,331.718905210495,238.78062343597412,7.142794800074626e-08,337.698447227478,231.88032960891724,0.9022523164749146,336.60768032073975,231.36238360404968,0.3208218514919281,430.153582572937,328.59340238571167,3.459007302808459e-08,431.31706285476685,337.2531499862671,0.6227878928184509
644,328.22601222991943,221.11789059638977,2.435625106045336e-07,327.48477029800415,222.6099088191986,4.363760410797113e-07,437.11930751800537,326.5719828605652,5.478368984768167e-05,439.2413868904114,335.7778809070587,2.2280057692114497e-06,433.27751064300537,326.17704343795776,1.7612435954106331e-07,424.1194157600403,324.4156804084778,4.8863080337469e-07,424.23266649246216,327.7318067550659,0.0001173721975646913,423.06149911880493,334.43828201293945,1.0534201777545604e-07,341.47971630096436,224.75930213928223,4.012461431557313e-06,333.99738013744354,224.45319509506226,4.067572081112303e-05,334.808607339859,231.01160192489624,1.4922220543667208e-05,425.6673758029938,333.6839317083359,1.5440875245076313e-07,336.5317463874817,227.33138954639435,0.9017539024353027,337.1086070537567,227.18328368663788,0.09490852802991867,424.83079719543457,335.84367847442627,5.527890323264728e-08,432.6587584018707,336.935035943985,0.9913215041160583
645,439.0584831237793,324.8273949623108,9.311750659435347e-08,439.3983769416809,323.50866508483887,4.489966158871539e-07,438.1278519630432,325.75840425491333,3.356415982125327e-05,440.29831528663635,334.9703495502472,2.560803750384366e-06,434.13043785095215,326.37507581710815,7.153886372179841e-07,424.9133892059326,325.6631660461426,8.442232797278848e-07,426.0703874826431,327.63692140579224,6.549511454068124e-05,423.0482301712036,332.66457456350327,2.676056851669273e-07,341.90167236328125,223.18234062194824,1.366106062050676e-06,334.4560167789459,222.1261978149414,2.496901470294688e-05,413.717630982399,346.54160809516907,2.2890694708621595e-06,424.54917454719543,332.9709115624428,3.696640362704784e-07,335.65572595596313,222.4250202178955,0.6983726024627686,337.41613364219666,225.52430653572083,2.876534745155368e-05,176.97184586524963,219.5386036336422,3.51232728235118e-07,433.2308397293091,335.20132780075073,0.9982403516769409
646,328.0499198436737,220.73371809720993,5.96365907767904e-08,439.22667169570923,322.1530418395996,1.234408983918911e-07,438.17570972442627,323.94981575012207,6.823123840149492e-06,440.4781816005707,333.7784855365753,3.2167993140319595e-06,434.3699645996094,326.31409788131714,2.906811005232157e-07,423.7479567527771,315.21895456314087,3.236463896882924e-07,425.44760632514954,324.75422275066376,3.990720142610371e-05,423.0925431251526,332.6513638496399,2.483476464476553e-07,341.22540950775146,222.33543753623962,4.1580122456252866e-07,334.8754439353943,220.78177785873413,4.441569672053447e-06,414.2212700843811,345.2483015060425,3.028866103704786e-06,423.6169157028198,332.90162682533264,5.9449654088439274e-08,336.1975703239441,219.3055418729782,0.32977473735809326,337.37640142440796,219.15884602069855,1.3099621355650015e-05,432.29833149909973,326.1796531677246,5.5035869195307896e-08,435.24942338466644,332.9198468327522,0.9832404255867004
647,439.6711320877075,327.0374960899353,2.6502832497499185e-06,439.85844707489014,324.08693647384644,4.0099785110214725e-06,440.01985263824463,324.50419998168945,7.583385740872473e-05,440.65763759613037,332.48789221048355,0.0002530434285290539,436.630398273468,328.5990493297577,1.15147304313723e-05,439.67110109329224,327.53347063064575,4.300174623494968e-06,439.3109540939331,327.90615463256836,3.891370215569623e-05,436.97640895843506,330.6239238977432,2.2271642592386343e-06,441.9102804660797,327.2105894088745,1.2144330867158715e-05,440.94620013237,330.3804557323456,1.0962957276205998e-05,436.82831287384033,334.9101791381836,3.0388794129976304e-06,437.56515884399414,333.3796021938324,2.4244025098596467e-06,441.3494293689728,329.14875078201294,3.959351670346223e-05,436.93043327331543,329.58522772789,2.868624960683519e-06,436.79713201522827,328.4339520931244,3.6502719922282267e-06,437.38272511959076,330.7246525287628,0.9997904896736145
648,439.8682007789612,326.2008328437805,5.515511475095991e-06,440.7676570415497,323.3580837249756,1.9730609892576467e-06,440.85568952560425,323.23206424713135,1.1586915206862614e-05,441.055303812027,331.10962373018265,0.0001074813844752498,436.46244049072266,328.3644871711731,4.188940511085093e-05,439.4103674888611,327.2350468635559,1.1716331755451392e-05,435.29815024137497,321.62980818748474,0.0007860856712795794,437.09965419769287,329.52895164489746,1.61577536346158e-05,441.0742332935333,325.8055591583252,2.878568193409592e-05,438.55530834198,330.78889083862305,3.387123433640227e-05,435.07209968566895,333.7944515943527,1.3251568816485815e-05,436.3251543045044,333.23010098934174,7.793060831318144e-06,440.17669320106506,327.65577507019043,5.121558569953777e-05,437.3843035697937,328.70037865638733,1.6206566215259954e-05,435.82376766204834,327.8988981246948,6.635638783336617e-06,438.14371824264526,329.02459239959717,0.9999983310699463
649,442.52213156223297,311.5312695503235,2.0885913727397565e-06,440.301034450531,322.8735342025757,6.298855055320018e-07,440.72619223594666,315.2255052924156,2.7860636691912077e-05,441.3211262226105,329.22693061828613,9.752299229148775e-05,436.4588351249695,327.86699771881104,1.1007700777554419e-05,440.18338346481323,326.97324991226196,4.0945587898022495e-06,434.2273209095001,315.1953094005585,0.0006485682679340243,437.53662395477295,328.2734639644623,2.5177573661494534e-06,442.17550921440125,325.6967520713806,8.425571650150232e-06,438.1467752456665,330.20557260513306,2.566755392763298e-05,413.5511144399643,339.67709478735924,1.1375502253940795e-05,435.9874458312988,331.907642044127,2.4405458134424407e-06,439.8497772216797,326.43375635147095,7.02013639966026e-05,437.10327339172363,327.2927522659302,7.649877261428628e-06,435.7227258682251,327.0553460121155,3.2483021641382948e-06,439.11744475364685,326.92469453811646,0.9999998807907104
650,441.28647470474243,311.7950863838196,8.38968560401554e-07,441.4484577178955,323.52382469177246,3.407168094327062e-07,440.4687955379486,314.70934092998505,5.341496034816373e-06,440.42432737350464,328.60541558265686,1.4782930520595983e-05,437.5967049598694,328.6530055999756,5.874080216017319e-06,440.9693202972412,327.6404461860657,1.8613702650327468e-06,435.0545595884323,314.77090418338776,5.2423409215407446e-05,438.4244899749756,327.57051181793213,1.3414065733741154e-06,442.9371885061264,326.34090852737427,4.8129249989870004e-06,438.13908100128174,329.926940202713,1.761649764375761e-05,419.6667700409889,336.08106327056885,2.4592718546045944e-06,435.96703910827637,331.58396449685097,1.0437406672281213e-06,432.09950494766235,327.5605893135071,5.803097883472219e-05,437.6234908103943,326.8116226196289,2.101282007060945e-06,433.52403116226196,325.2292013168335,1.243866904587776e-06,439.3008441925049,325.78313505649567,0.9999997615814209
651,438.93301820755005,328.03686904907227,1.5483018387385528e-06,440.97451758384705,323.9452495574951,6.363672468978621e-07,440.00363755226135,313.9132671356201,4.907837137579918e-06,438.9845561981201,328.8946735858917,1.6870544641278684e-05,437.3189926147461,328.7615156173706,9.07440607988974e-06,441.1645486354828,328.47301959991455,4.339740826253546e-06,434.939878821373,313.78217911720276,3.0512297598761506e-05,438.1365313529968,327.3904972076416,1.4913820223227958e-06,443.46255362033844,326.71783208847046,8.554965461371467e-06,437.9986343383789,329.76026248931885,5.377580600907095e-05,413.18809056282043,339.04905891418457,5.1271622396598104e-06,435.3102836608887,331.36686730384827,2.076082409985247e-06,432.4863395690918,327.28330087661743,0.0008832810563035309,437.33114671707153,326.6156225204468,1.2106749636586756e-05,433.6454610824585,325.3705720901489,2.628593165354687e-06,439.22558331489563,325.7744907140732,0.9999996423721313
652,438.69170904159546,328.93331694602966,4.4469516069511883e-07,439.7420620918274,325.17592334747314,2.5860052232928865e-07,438.1028575897217,314.4883313179016,2.1744885714269913e-07,437.7196202278137,330.1331034898758,3.1881822906143498e-06,437.88077545166016,330.15701723098755,2.4033549834712176e-06,441.79571866989136,329.87595295906067,1.2157470337115228e-06,441.35722184181213,328.43185019493103,2.8376364298310364e-06,437.89278507232666,328.34175539016724,1.927181045857651e-07,444.7685436010361,329.34169363975525,2.908105670940131e-06,440.3111426830292,330.07184982299805,5.966286607872462e-06,435.7221565246582,333.4117087125778,6.415344273591472e-07,436.18320178985596,332.30488923192024,6.664906777587021e-07,432.196448802948,328.1699569225311,2.3513546693720855e-05,437.7729001045227,327.67288303375244,2.536795022933802e-07,439.23761796951294,328.45003175735474,1.8058426576317288e-07,439.39524579048157,325.25045359134674,0.9998726844787598
653,438.2261972427368,328.911404132843,3.012685283465544e-07,440.4139497280121,325.1850595474243,1.2418324502050382e-07,437.7998948097229,313.1809163093567,1.7061151424968557e-07,437.6715931892395,329.25836658477783,3.1068204862094717e-06,438.8703007698059,330.1297906637192,1.5521737850576756e-06,442.1707807779312,329.3352575302124,7.607903853568132e-07,441.1847984790802,327.8590636253357,2.004741872951854e-06,437.36279344558716,327.65963077545166,1.6729434548778954e-07,444.63964718580246,328.53717279434204,2.2543374598171795e-06,439.7860770225525,329.185378074646,9.74692011368461e-06,435.16749382019043,331.8140587210655,5.572377403950668e-07,435.39793491363525,331.42657923698425,3.2386992643296253e-07,432.6183273792267,324.37511444091797,5.4594947869190946e-05,437.462345123291,326.45059394836426,4.09837696224713e-07,438.9886083602905,326.7066583633423,2.043109361693496e-07,439.1305904388428,324.2631299197674,0.9990027546882629
654,438.3859438896179,329.8871576786041,4.1640919334895443e-07,439.81810235977173,326.00104427337646,1.8928010092622571e-07,437.14392471313477,311.76989793777466,1.4032914918971073e-07,437.1331238746643,329.5831491947174,1.3157988405509968e-06,439.2040433883667,330.4815742969513,1.7851953089120798e-06,442.985751748085,330.5695712566376,9.729550356496475e-07,441.8089208602905,329.1930320262909,1.3564668961407733e-06,438.20538234710693,327.57663440704346,1.5711172807186813e-07,445.1349369287491,329.64026165008545,2.2595593236474087e-06,440.3421685695648,329.4744815826416,6.072865289752372e-06,435.69586086273193,332.5702719092369,5.878574143025617e-07,436.08393478393555,330.75604939460754,6.391790634552308e-07,432.18651008605957,323.52784222364426,3.092384213232435e-05,437.81659746170044,327.2368655204773,2.3106110802473268e-07,439.68853282928467,327.6713161468506,3.637101997355785e-07,439.47743129730225,322.0129462480545,0.9994650483131409
655,437.47142028808594,331.65952357649803,3.33690297615874e-09,438.945472240448,327.724543094635,1.0677925210700323e-08,435.46413230895996,326.3287205696106,3.311078078382934e-10,436.1258201599121,330.91558730602264,6.1243246030073806e-09,440.404500246048,330.1354492902756,3.452548114069032e-08,443.5761806368828,331.05191111564636,2.112872721227177e-08,443.1019757390022,331.03252255916595,1.0389549665035247e-08,439.27543783187866,328.3677759170532,6.761212145711681e-10,446.74447536468506,331.0575526356697,5.285071580374279e-08,441.90107226371765,329.7407741546631,3.563183526011926e-08,437.4185562133789,332.95897167921066,4.7130268576722756e-09,438.57519149780273,330.2637127637863,8.210051305468369e-09,434.38188457489014,326.5639772415161,5.785228154309152e-07,1.9088060855865479,-1.918870449066162,4.75279871015033e-10,441.27211809158325,328.42010164260864,9.858937000117862e-10,439.49576139450073,323.05621057748795,0.00929518137127161
656,437.8968777656555,329.77448415756226,1.0133629491093643e-09,440.16033458709717,326.63553857803345,3.0534064165976815e-09,435.7336893081665,324.5206570625305,1.5313358914248454e-10,436.73107051849365,329.1809015274048,6.2682192769614176e-09,440.8430049419403,330.03692269325256,1.196722010377016e-08,443.8854286521673,329.99757528305054,3.40346995031382e-09,441.54533195495605,327.8076286315918,2.895956807691391e-09,438.17492485046387,326.8940634727478,4.2845593739571086e-10,445.52493119239807,330.3836008310318,1.7846348399075396e-08,441.3132178783417,328.15772795677185,1.0994250843054942e-08,425.3387360572815,335.95693922042847,1.5784795692752596e-09,357.12599897384644,224.7374770641327,2.273886634540645e-09,435.28751277923584,325.5637722015381,2.0531189193206956e-08,356.01759380474687,212.4889425933361,0.017337001860141754,-1.7278590202331543,384.70213198661804,1.3209534577285353e-09,439.4116425514221,322.8608306646347,0.011747738346457481
657,438.8087592124939,330.28417897224426,3.4369485035767866e-09,441.13835167884827,326.44418478012085,5.290858418049993e-09,438.0284905433655,308.0707321166992,6.972509791758341e-10,438.1246886253357,326.4585690498352,1.3319546354750855e-08,441.41830706596375,331.0974313020706,2.690545564121294e-08,443.96703718975186,330.16789388656616,4.953985222044821e-09,441.53766107559204,308.9409945011139,4.8202693392340734e-08,438.8596510887146,324.815767288208,1.547491468301132e-09,445.1992404460907,330.07158291339874,3.55849714139822e-08,440.71706795692444,326.13494205474854,3.7420555543121736e-08,436.73276710510254,318.1747817993164,9.187091087881072e-09,438.13007402420044,327.45288705825806,3.848744878354182e-09,436.17736196517944,323.0922613143921,5.1987793625585255e-08,360.5725474357605,212.7914960384369,7.630168141758986e-08,441.76846194267273,324.5891466140747,1.692741391501329e-09,439.9581413269043,319.0950245857239,0.19527915120124817
658,362.96170604228973,227.51567935943604,1.2737897847614477e-08,366.087849855423,222.20401763916016,5.948776404807177e-08,435.7990074157715,298.3925060033798,6.057104817713821e-10,438.2827754020691,325.2165870666504,1.1205385064272377e-08,361.4723608493805,227.43043422698975,1.991564957393166e-08,362.2243741750717,222.84177207946777,3.491060951432701e-08,436.2414009273052,302.9888525009155,3.016103278241644e-07,437.21716022491455,313.1030170917511,1.6429095861525411e-09,363.90143702179193,223.71161031723022,2.1802252447855608e-08,439.95441484451294,326.1453700065613,1.218452894136135e-08,423.60696268081665,307.2390727996826,1.9609959167610214e-07,361.1517128944397,223.15833234786987,1.7758257797595434e-07,367.39183592796326,211.0605344772339,1.9206723322895414e-08,362.1949157714844,211.26240158081055,5.1509214245015755e-05,-1.9070477485656738,384.3845965862274,6.123748730324508e-10,439.0417585372925,317.7246923446655,0.018748965114355087
659,362.6633628606796,226.22953510284424,4.910599500362878e-07,365.64786195755005,220.8630606532097,1.235817848055376e-07,363.63034868240356,219.51201704144478,5.953459392138427e-10,362.3550099134445,216.95005774497986,1.6786152627901174e-06,361.2265667915344,225.61009740829468,2.8198132895340677e-07,362.62562012672424,222.73713874816895,5.531096007871383e-07,434.45120441913605,303.75786209106445,4.330916283379338e-07,357.9967861175537,217.65827751159668,3.366450229691509e-09,363.29134249687195,222.7808289527893,1.5314708434743807e-07,362.81143712997437,215.2469506263733,2.1104065694999008e-07,418.5962619781494,306.3224983215332,4.051647920277901e-06,358.2077465057373,217.9967131614685,1.8911678125732578e-06,368.9711956977844,210.42035579681396,3.792197560414934e-07,361.01095485687256,208.13166642189026,0.7591044306755066,355.8467836380005,218.51140797138214,4.193963842880066e-09,438.4678807258606,318.29078483581543,0.02227604202926159
660,361.85087490081787,226.0175290107727,5.941573455459093e-09,365.3760393857956,221.48848676681519,5.199976893521807e-09,436.7872428894043,299.305666744709,2.5956650717695595e-10,361.24473690986633,216.10407638549805,1.3713526314518276e-08,361.20323061943054,225.8868088722229,8.325386602336948e-09,425.92422890663147,291.4860659837723,2.2491548179459642e-07,426.7280467748642,301.4213309288025,0.00014899879170116037,438.967435836792,307.41901302337646,2.3833808260320666e-09,446.19308614730835,329.2409813404083,9.681409451900436e-09,436.6373748779297,324.6958050727844,5.369648725661591e-09,417.7206959724426,308.4445276260376,3.795228258240968e-05,359.23681688308716,215.5198197364807,6.415167064233174e-08,440.1684329509735,321.33012294769287,1.4304766864370322e-06,360.1400077342987,207.8357973098755,6.765984835510608e-06,428.70814365148544,316.8711371421814,2.7191525475700473e-08,441.9536623954773,311.6993713378906,0.027899036183953285
661,439.14110469818115,326.94637966156006,3.0436495546126707e-09,435.4498448371887,295.85570192337036,5.979831296798466e-09,432.9559316635132,296.80305671691895,1.051091658155201e-08,439.3218774795532,325.26217460632324,8.090911052249794e-09,426.7057902812958,294.59729194641113,1.2116325720512577e-08,423.42756509780884,293.69224786758423,1.6600747585471254e-06,424.8063404560089,299.9676462300122,0.9021274447441101,431.155366897583,315.8559260815382,4.96289601414901e-07,445.73967683315277,329.05796551704407,3.376863233484073e-08,410.08139622211456,298.7254045009613,1.0379754940004204e-06,410.3181824684143,307.31400871276855,0.7586610913276672,430.03130173683167,316.9785712361336,2.3662764192522445e-07,442.09052431583405,322.54472827911377,1.3084073771096882e-06,354.6605759859085,198.28135681152344,4.7238878323696554e-05,425.3875238895416,311.6631443500519,4.552801868840106e-08,437.91134810447693,314.8746328353882,0.008631156757473946
662,443.97690601833165,290.6209840774536,1.7173537258940996e-08,434.46258878707886,294.43602085113525,0.00018122757319360971,432.5658926963806,299.6910959482193,7.92491264292039e-05,441.44621086120605,316.0117729548365,5.882073992324877e-07,428.117281511426,287.5958743095398,6.587025040971639e-07,416.1807360649109,293.54178273677826,0.9998045563697815,419.56973817944527,306.3060703277588,0.9999998807907104,433.8899440765381,317.1431519985199,0.00014066684525460005,421.81996631622314,290.86230087280273,1.6116340702865273e-05,403.9246644452214,301.054381608963,0.7184022665023804,407.7420585155487,314.37223386764526,0.9032156467437744,428.16474340856075,317.6171735525131,0.0003223824023734778,418.332181930542,299.30079823732376,6.776595000701491e-06,357.3260806798935,197.97484147548676,2.54615479207132e-05,396.2730639874935,310.8124485015869,2.2449896732723573e-06,442.13580560684204,313.1828145980835,0.004754087422043085
663,399.5244565010071,314.8241857290268,3.769813794463062e-09,438.7739200592041,298.19115233421326,2.5132476366707124e-06,433.9618926048279,302.12776708602905,4.858474312641192e-06,440.2960207462311,316.5319816470146,3.464273845565913e-07,426.1682542562485,295.8876438140869,5.124978770254529e-07,413.0156022310257,297.47436904907227,0.985791802406311,416.7706732749939,307.2895761728287,1.0,429.5075606107712,317.236704826355,0.0065919472835958,417.8746085166931,292.92609167099,6.548374949488789e-05,399.9144320487976,299.9273242354393,0.2542213499546051,405.8547511100769,317.82421720027924,0.9999817609786987,426.1835049390793,321.8337836265564,0.10782705992460251,444.68689423799515,309.6763496398926,0.00011112126230727881,352.76467967033386,195.1838590502739,6.867416232125834e-06,393.3251838684082,314.65229642391205,1.27730436361162e-05,430.10732412338257,315.21140480041504,0.009824882261455059
664,424.2534987926483,323.8835983276367,1.0779734793686657e-07,426.6085559129715,322.90156745910645,6.302374178090986e-09,435.7710388302803,304.340562582016,2.4304501522465216e-08,439.55876111984253,322.90155506134033,1.0825336858033552e-06,423.8445019721985,328.76468539237976,8.432031961547182e-08,410.7852929830551,298.13454735279083,0.03954039886593819,414.7557997703552,304.3027653694153,0.9999997615814209,427.6956467926502,320.61507058143616,0.06631683558225632,415.3322157859802,295.15227031707764,7.531497772106377e-07,393.53071784973145,299.9033061414957,0.00014043967530597,394.1716661453247,309.92935049533844,0.9999998807907104,416.6282477378845,320.78164410591125,0.41399750113487244,442.5215873718262,310.6030716896057,5.547760520130396e-05,401.22665643692017,302.4348075389862,1.040543864405663e-07,392.4772276878357,317.293558716774,9.001625471682928e-07,434.36404716968536,314.3927230834961,0.5595014691352844
665,425.8328287601471,323.26664638519287,1.2542213312372041e-07,436.71767377853394,297.93247985839844,4.161850938544376e-06,433.65373730659485,305.5179252624512,0.0001088771823560819,439.79445791244507,318.38696813583374,1.0624773494782858e-05,418.648868560791,306.1680030822754,1.3956812949800224e-07,408.25317001342773,297.6184911727905,0.0877060517668724,411.16292464733124,305.99942207336426,1.0,428.4058459699154,321.18179512023926,0.9752952456474304,403.1306919455528,301.1746759414673,1.3193671577482746e-07,387.4904845356941,303.55375576019287,0.00025841064052656293,390.1627006530762,310.0912199020386,1.0,414.91705441474915,323.13930970430374,0.9996695518493652,444.6779394745827,306.7136232852936,9.375913214171305e-05,398.7585964202881,304.0439167022705,3.5712605495064054e-07,395.42270147800446,320.2494583129883,2.6173267997364746e-06,430.0127489566803,317.4302682876587,0.009853772819042206
666,436.88989210128784,296.54952120780945,3.6658693147728627e-07,431.59645915031433,301.6656594276428,2.2389501808106615e-08,427.7789667993784,306.1682651042938,3.061091433664842e-07,436.53654384613037,319.8269786834717,4.1684647840156686e-06,423.71747732162476,329.77490162849426,6.987894352050716e-08,405.5185618400574,298.303551197052,4.493206142797135e-05,407.3182649612427,305.89591932296753,0.9999997615814209,423.9428186416626,323.6024442613125,0.4322427809238434,445.419922709465,312.33070850372314,3.1396177746501053e-07,384.3598232269287,303.7136878967285,0.0010630327742546797,386.67283964157104,311.63693404197693,1.0,412.9349147081375,323.99335028324276,0.931559145450592,441.05099081993103,311.51435947418213,0.05065938085317612,277.60110795497894,136.42035269737244,0.9268121123313904,382.8270523548126,316.2140571475029,6.443292477342766e-07,432.71502566337585,315.7526268661022,0.14191386103630066
667,268.1450804322958,149.80321407318115,3.904836489709851e-07,271.4646084308624,141.15088820457458,1.9099546477718832e-07,423.7399663925171,311.8629903793335,8.437678644668267e-08,267.39217871427536,137.83133506774902,2.5241176260237808e-08,268.7714384198189,148.777850151062,1.8039922622392623e-07,400.8703136444092,304.2936568260193,2.2442136469180696e-05,403.10975617170334,308.9633780121803,0.9999971389770508,418.8638097047806,324.460913836956,0.00029674399411305785,402.50613594055176,308.3295474052429,1.5841301319596823e-06,381.9812397956848,306.50646018981934,0.08136709779500961,383.25490283966064,314.74611234664917,1.0,405.84554517269135,324.90818029642105,0.35134848952293396,439.1116738319397,315.98766356613487,8.364266977878287e-05,273.22283697128296,135.75336933135986,1.0,380.8710970878601,316.15276654064655,5.378089099394856e-06,433.8276789188385,316.25652265548706,0.0013309745118021965
668,278.23681592941284,149.2762680053711,1.4775761201235582e-06,428.1873409599066,305.00819063186646,2.11005663004471e-05,425.0452690124512,309.4069410562515,5.8948094192601275e-06,438.76584672927856,326.1604437828064,1.5748568330309354e-05,278.8404812812805,144.3441514968872,1.0842953770406893e-06,401.8652169704437,304.71738624572754,0.01719669997692108,405.5126144886017,313.6881380081177,0.9999892711639404,425.64571595191956,326.60220408439636,0.7036888003349304,269.8354490995407,135.34099864959717,3.397506588953547e-06,381.44995522499084,308.6710295677185,0.05534911900758743,384.77665662765503,318.7621464729309,1.0,419.09680914878845,329.39818811416626,0.023754483088850975,443.42417973279953,313.35649371147156,0.0010855741566047072,272.4032802581787,133.70879364013672,1.0,379.3838884830475,319.07616543769836,4.5164767925598426e-07,437.0208271741867,320.0119152069092,1.5420480849570595e-05
669,268.19590382277966,131.88492727279663,5.005475031794049e-06,424.96000504493713,305.8497123718262,0.0007613566122017801,419.801303178072,316.17774257063866,2.5065019144676626e-05,264.1691360473633,125.81098711490631,1.4655491895609885e-06,268.6838374733925,132.50399780273438,2.4791488613118418e-06,397.04142010211945,310.3251860141754,0.011527307331562042,402.7629556655884,319.234885931015,0.9999508857727051,425.23315477371216,332.19695994257927,0.0008298085886053741,401.0665364265442,306.90401780605316,2.0335317458375357e-05,380.0359771512449,313.72685170173645,0.4858782887458801,382.8658883571625,325.7891364097595,1.0,399.0181646347046,331.20666748285294,0.018020879477262497,385.99164295196533,317.1299834251404,2.7841777409776114e-05,271.7535207271576,132.4367618560791,1.0,378.16036796569824,322.1624312400818,1.0968485639750725e-06,276.4606828689575,128.7839479446411,3.344243168612593e-06
670,267.67290115356445,147.87205266952515,8.105833330773748e-06,410.92012310028076,303.163503408432,0.0003128734533675015,411.92575581371784,314.8599931001663,0.0002489425824023783,437.43596065044403,329.40334701538086,1.1242203981964849e-05,268.5592932701111,147.28773546218872,1.7031090919772396e-06,393.791707277298,313.10507440567017,0.002634083153679967,398.714626789093,319.6909201145172,0.9990571141242981,424.6943588256836,334.63792967796326,0.010802294127643108,268.3295352756977,134.60840702056885,1.0771595043479465e-05,378.6143651008606,320.7525997161865,0.016127288341522217,381.24329257011414,327.9835453033447,1.0,400.5872411727905,332.8895134329796,0.0007148851873353124,433.0589179992676,292.6222259402275,0.00027496227994561195,269.83172702789307,130.24626922607422,1.0,264.3988995552063,129.02138805389404,1.9461263036646415e-06,403.80935525894165,322.52892780303955,1.2153599527664483e-05
671,268.6107648015022,131.20445251464844,4.617342710844241e-06,411.69040182232857,313.61211013793945,8.32476780487923e-06,278.3491373062134,125.52603805065155,5.101426722831093e-05,269.9406645298004,137.78901362419128,2.67135260401119e-06,277.4972538948059,143.32444143295288,3.668874114737264e-06,392.98118257522583,314.3372458219528,0.01505744457244873,398.6547610759735,322.20017099380493,0.6502207517623901,426.2492859363556,338.05045104026794,0.00017900661623571068,268.70180159807205,134.47540187835693,2.160778058168944e-05,379.3954380750656,324.37394523620605,0.21516606211662292,383.9557557106018,334.37666296958923,1.0,263.80089378356934,133.13568782806396,1.1557756806723773e-05,427.26655757427216,290.8153041601181,0.00031561622745357454,271.44589376449585,132.03645706176758,1.0,264.37865447998047,130.38045978546143,6.669651156698819e-06,274.458384513855,128.1283631324768,2.9511324100894853e-05
672,268.30884951353073,131.03681707382202,7.589500000904081e-06,411.46721988916397,314.64453291893005,6.040441803634167e-05,277.8351426124573,124.94221383333206,4.156509385211393e-05,270.2233121395111,137.37932562828064,4.463837740331655e-06,268.6830298304558,130.73682641983032,3.917133199138334e-06,393.31712579727173,324.13009691238403,0.0021240937057882547,396.2943120896816,330.28664100170135,0.24353376030921936,264.8214259147644,139.95722752436996,1.439381048840005e-05,268.0012635560706,133.6509428024292,2.1357962395995855e-05,380.63077384233475,331.1220951080322,0.0005482936976477504,385.7810609340668,340.4825448691845,1.0,263.42474937438965,132.96714782714844,8.231933861679863e-06,275.2224986553192,132.4767702817917,3.363234282005578e-05,269.2858028411865,130.83690309524536,1.0,264.00072622299194,129.1573348045349,4.369839371065609e-05,273.3529644012451,126.5434308052063,4.07994921260979e-05
673,277.67688512802124,130.60324573516846,2.8361591830616817e-06,270.17150616645813,125.18841075897217,9.598138603905682e-07,278.4815454483032,124.85609436035156,7.613855268573388e-05,273.66895961761475,128.59863185882568,2.823720251399209e-06,277.5433301925659,128.482759475708,2.5857782475213753e-06,396.23699110746384,327.2435350418091,7.406543591059744e-05,400.1578016281128,335.346337556839,0.0023238544818013906,265.2749226093292,139.28611505031586,8.594200153311249e-06,267.3097789287567,134.37510681152344,6.055741323507391e-06,270.96427845954895,133.6528091430664,3.138029933325015e-05,386.7083923816681,342.7440595626831,0.9996115565299988,262.1529824733734,135.9978904724121,5.09043184138136e-06,431.7365074157715,291.0118525028229,0.0002728360705077648,269.4286470413208,130.1352243423462,1.0,263.73437881469727,128.2655110359192,2.6222760425298475e-06,440.2949016094208,287.2682614326477,0.014124883338809013
674,262.8248562812805,146.72402238845825,4.3272275433992036e-06,256.76903009414673,126.1483645439148,3.2122834454639815e-06,277.93386220932007,124.64296340942383,4.581897155730985e-05,269.65274131298065,137.38458514213562,4.160942353337305e-06,268.99159240722656,146.47944355010986,2.89645004158956e-06,277.29049587249756,129.86477613449097,4.623856057150988e-06,273.8743951320648,130.61544227600098,1.4359711713041179e-05,264.91186690330505,139.7649208754301,1.5191953025350813e-05,261.0986033678055,129.84744548797607,1.709198477328755e-05,269.9817407131195,134.39934015274048,5.780496940133162e-05,389.9110041856766,352.4970552921295,0.7278061509132385,261.5486880540848,136.2975845336914,5.660664555762196e-06,274.79622769355774,131.3230920433998,4.422161146067083e-05,268.2840166091919,130.33817768096924,1.0,262.5580348968506,131.57942390441895,1.2642210094782058e-05,436.2914064526558,287.72389030456543,0.8148331046104431
675,276.4349217414856,129.961501121521,4.509139671426965e-06,256.33857679367065,125.65791082382202,1.3131602827343158e-05,277.8096995353699,123.9979403715115,6.917201972100884e-05,273.348726272583,128.3936424255371,3.7209254060144303e-06,269.2146729230881,147.02669143676758,3.1231559205480153e-06,277.4274082183838,129.6039080619812,6.205037607287522e-06,273.17935729026794,130.4513645172119,1.3906507774663623e-05,427.1124757528305,358.3010673522949,7.868518878240138e-05,260.78251999616623,129.8752727508545,1.9300670828670263e-05,269.4567736387253,134.65102434158325,5.621149102807976e-05,390.9048249721527,355.1612741947174,0.0014053307240828872,253.37293088436127,134.07721710205078,5.222445906838402e-06,430.0678663253784,289.87608313560486,0.0006926165660843253,268.3143666088581,129.49495887756348,1.0,262.1190547943115,130.7943525314331,3.5093427868559957e-05,437.500888466835,286.8641538619995,0.990069568157196
676,261.2462030649185,146.00311374664307,5.070068709756015e-06,257.04529094696045,126.0123598575592,1.1858282960020006e-05,277.16330337524414,123.99266439070925,1.591261025168933e-05,268.9655110836029,136.8885362148285,4.202208401693497e-06,268.12053482979536,146.8451132774353,7.499935236410238e-06,277.5258493423462,129.3438515663147,2.8550632578117074e-06,262.7972309589386,128.74489068984985,9.263800166081637e-06,263.8282413482666,138.27504289150238,1.4614761312259361e-05,256.89470052719116,131.33221197128296,1.5875717508606613e-05,268.52390122413635,134.3943018913269,3.4503606002544984e-05,271.9837107658386,133.86458694934845,0.00011719103349605575,252.0253005940467,133.35910034179688,1.0657764505594969e-05,429.37870597839355,287.7582564353943,6.876667612232268e-05,265.76563692092896,128.18371105194092,1.0,261.1777801513672,129.66363334655762,9.181309906125534e-06,435.58248963952065,286.6023054122925,0.7887773513793945
677,436.8880310058594,282.41066312789917,3.864307473122608e-06,256.40661001205444,125.2146544456482,1.0855352229555137e-05,276.25658416748047,123.05614644289017,7.364146313193487e-06,268.732785820961,136.33859300613403,2.2913256998435827e-06,268.56547939777374,146.71024417877197,3.889653271471616e-06,277.0019054412842,128.6626992225647,1.6634742223686771e-06,262.19721388816833,128.19426774978638,7.160416316764895e-06,426.8441653251648,363.88111551105976,0.00013019150355830789,256.4073061943054,130.71028327941895,8.752260328037664e-06,268.5661635398865,133.75134992599487,1.939532558026258e-05,268.2161131352186,132.95285058021545,7.361646567005664e-05,251.4609140753746,132.53701305389404,5.96991776546929e-06,430.54964542388916,289.9094624519348,0.0006592412828467786,265.06128311157227,126.42393016815186,1.0,259.8747911453247,128.2265167236328,9.973284250008874e-06,436.4048016369343,288.4243583679199,0.9999407529830933
678,266.5665146112442,132.93788051605225,4.237048869981663e-06,256.68440437316895,125.08275616168976,9.473964382777922e-06,263.1002926826477,120.53279113769531,4.581746907206252e-06,264.9656207561493,125.69715917110443,1.9677468117151875e-06,268.58668184280396,146.92899703979492,3.219337258997257e-06,277.1043643951416,128.6306586265564,1.4351280697155744e-06,261.5814003944397,128.03085470199585,8.831603736325633e-06,264.11066818237305,135.91883754730225,6.276569820329314e-06,256.047887802124,130.59962844848633,8.615765182184987e-06,268.2472056597471,133.0712718963623,2.035246870946139e-05,267.8620591163635,132.46610367298126,0.00018312370229978114,260.40322399139404,136.4379506111145,6.1520786402979866e-06,429.77776050567627,292.0858536809683,0.0002822646056301892,264.7294611930847,125.65962791442871,1.0,259.7668504714966,127.68611574172974,1.0541197298152838e-05,436.3377155959606,290.4172840118408,0.9871740341186523
679,437.9869418144226,299.6582627892494,6.619824489462189e-06,257.6296486854553,124.96801376342773,4.0023564906732645e-06,266.89616906642914,114.31962442398071,1.3673621651832946e-05,266.1683077812195,125.10844874382019,2.6076425001519965e-06,437.14932107925415,298.9374212026596,7.616138191224309e-06,277.1992721557617,128.42542600631714,4.428137344802963e-06,265.71287417411804,130.54526901245117,1.3951924302091356e-05,261.3719825744629,130.57130241394043,4.353486019681441e-06,268.60736215114594,118.3690824508667,9.957773727364838e-06,260.125205039978,121.40047240257263,1.2730637536151335e-05,272.4135181903839,131.38461381196976,0.0003210396389476955,437.39847803115845,300.08995059877634,6.337699232972227e-06,429.63050842285156,299.1286175251007,0.0007461626664735377,265.4505829811096,123.62537956237793,1.0,258.5996193885803,125.17442321777344,5.4206680033530574e-06,438.2781128883362,295.7982609272003,0.9983357787132263
680,266.0738059282303,132.89558124542236,4.512056420935551e-06,258.16235303878784,124.47792387008667,3.066302724619163e-06,266.771834731102,113.84420013427734,2.6633508241502568e-05,265.92669796943665,124.7850227355957,2.686384732442093e-06,274.9915246963501,126.96688103675842,6.070474228181411e-06,277.96296405792236,127.96862006187439,6.681046215817332e-06,265.74838185310364,129.7740535736084,1.2875284483016003e-05,261.5482168197632,129.47368049621582,6.1760388234688435e-06,268.01444793865085,118.1383113861084,1.3951683285995387e-05,271.2404170036316,129.50256729125977,9.274469448428135e-06,272.16645908355713,130.11702728271484,0.00022087342222221196,257.78424763679504,132.72986221313477,1.5635795307389344e-06,430.35023975372314,301.92994022369385,0.00014782029029447585,265.34517192840576,122.44123125076294,1.0,259.00517082214355,123.8657660484314,9.804338333196938e-06,436.6587475538254,301.5729458332062,0.9895648956298828
681,264.5012102127075,132.9962100982666,3.783726015171851e-06,255.6656494140625,111.6808512210846,3.5230600587965455e-06,267.44202822446823,113.14413642883301,4.536882624961436e-05,270.29304814338684,117.3936458826065,3.8227417462621816e-06,274.74398612976074,126.83632469177246,4.569446446112124e-06,277.7899007797241,127.49462652206421,3.2449456739414018e-06,263.1539397239685,122.77854347229004,8.104727385216393e-06,254.12716674804688,126.89705467224121,1.2046216397720855e-05,267.8062027692795,117.77124309539795,1.9063085346715525e-05,268.34797209501266,117.65003967285156,1.3872332601749804e-05,270.3935112953186,130.08326709270477,9.279122605221346e-05,262.25036001205444,121.97687339782715,3.8547123040189035e-06,430.0593867301941,305.97124338150024,0.0012567425146698952,265.95838689804077,120.40875911712646,1.0,259.22171783447266,121.8111138343811,1.3398184819379821e-05,436.00309040467255,304.6044144630432,0.9895448088645935
682,436.1420602798462,299.53086322546005,5.677148692484479e-06,256.33288860321045,111.11990475654602,3.1286383546103025e-06,267.6886157691479,113.19461011886597,9.919557669491041e-06,267.41865372657776,122.78804099559784,3.1270869840227533e-06,266.7020217180252,130.92452812194824,4.575590537569951e-06,278.4482612609863,127.67731213569641,3.350921815581387e-06,266.86030876636505,128.42076921463013,6.152758942334913e-06,258.39949011802673,127.18354821205139,9.363795470562764e-06,260.56849229335785,116.04284858703613,1.4713969903823454e-05,266.79318702220917,121.62244844436646,1.9956632968387567e-05,270.5411956310272,129.15219068527222,0.00020310950640123338,262.04424262046814,122.04913997650146,3.39007215188758e-06,427.1318629384041,312.5474512577057,0.0006223328527994454,266.6914610862732,118.76594543457031,1.0,260.3908176422119,120.39659595489502,1.240796973434044e-05,438.4355945587158,310.7560999393463,0.9954854846000671
683,263.6959185600281,132.16573810577393,1.5651415878892294e-06,256.53283309936523,110.33172726631165,1.7838389112512232e-06,278.10924243927,109.34631073474884,1.2166065062046982e-05,268.78042966127396,121.32035684585571,1.0460175872140098e-06,276.72839307785034,112.5869665145874,1.2730813523376128e-06,280.55122447013855,127.62921285629272,2.7632534056465374e-06,273.40773820877075,115.59321594238281,4.363233074400341e-06,424.8417925834656,364.1714913994074,0.00011032024485757574,261.3991816043854,114.50152683258057,8.103204891085625e-06,269.66081953048706,119.41562843322754,5.6638131354702637e-05,270.73925828933716,122.55066287517548,0.00036991212982684374,425.75698709487915,369.0394558906555,8.342904038727283e-06,273.92423367500305,117.45134925842285,7.95866726548411e-05,268.48583698272705,115.88033819198608,1.0,263.01184368133545,116.68389987945557,6.630893494730117e-06,437.13390016555786,316.59032452106476,0.906210720539093
684,276.895224571228,113.9164514541626,3.094333351327805e-06,257.08924674987793,109.47384643554688,1.5096658216862124e-06,278.5454845428467,108.4640851020813,2.118133124895394e-05,274.20759201049805,112.03312301635742,2.595666046545375e-06,276.69073581695557,112.0072546005249,5.796694040327566e-06,278.47404861450195,113.6252498626709,8.009434168343432e-06,273.9766311645508,114.35924196243286,1.6294077795464545e-05,261.3542079925537,116.07894992828369,3.6794733659917256e-06,267.4712336063385,116.99408435821533,9.014279385155533e-06,270.87548542022705,117.30854940414429,6.401231075869873e-05,273.6340970993042,119.00844931602478,0.002401866717264056,261.7959372997284,119.72051525115967,6.662518444500165e-06,274.44577515125275,115.34307032823563,7.707808254053816e-05,270.97357416152954,112.97182655334473,1.0,263.8282861709595,114.1780138015747,1.2354246791801415e-05,436.89171230793,320.9518213272095,0.054344695061445236
685,278.6152982711792,115.55998134613037,4.202100171823986e-06,270.7967789173126,108.92577904462814,1.6125728734550648e-06,279.64023065567017,109.03126919269562,2.765785757219419e-05,275.10937213897705,110.9252393245697,3.0095714009803487e-06,276.8993616104126,112.80789470672607,6.912273420311976e-06,279.01526737213135,114.03190660476685,1.1283114872639999e-05,274.07654666900635,114.41736793518066,1.1660986274364404e-05,265.3699686527252,122.08065700531006,4.267955773684662e-06,266.7615258693695,116.6363754272461,6.2213030105340295e-06,274.3777368068695,115.10565423965454,1.6489824702148326e-05,274.9139951467514,117.19174754619598,0.0021830196492373943,260.7756667137146,115.45254182815552,2.7784026315202937e-06,431.55101346969604,327.1332712173462,3.932990875910036e-05,271.0342285633087,111.27597618103027,1.0,265.6023416519165,110.16352581977844,6.478857130787219e-07,437.22478568553925,324.96765011548996,0.9480156302452087
686,278.40326404571533,115.77041292190552,1.0360318810853641e-05,281.26150369644165,107.47024714946747,2.0032914562762016e-06,279.2907614707947,107.93505391478539,8.62463639350608e-06,275.7386302947998,109.51529550552368,3.6690453271148726e-06,276.82213830947876,112.06817102432251,1.888705082819797e-05,279.7240514755249,113.33517169952393,1.7879618098959327e-05,279.1200933456421,111.55232286453247,1.3048824257566594e-05,262.5732173919678,113.66175603866577,3.3869084745674627e-06,277.68224143981934,109.4784027338028,7.477025064872578e-06,275.2429868578911,113.32436800003052,1.5515506675001234e-05,275.4761891365051,114.85887777805328,0.004163653589785099,274.03128242492676,110.44735813140869,4.943368367094081e-06,279.5629587173462,106.41918897628784,2.7672525902744383e-05,272.09580421447754,108.09894275665283,1.0,271.4856147766113,110.14117980003357,1.3776137848253711e-06,437.5459862947464,327.4342658519745,0.0005094730295240879
687,278.2664604187012,116.42769050598145,1.773126314219553e-06,269.84616911411285,94.7703742980957,1.3152130122762173e-06,279.2619571685791,94.84750890731812,5.486066129378742e-06,277.7128994464874,107.00802224874496,1.2461026699384092e-06,277.8982820510864,111.75590777397156,6.1875821302237455e-06,281.19132375717163,111.76017022132874,5.0947546696988866e-06,275.67866164445877,99.59892463684082,9.565421350998804e-06,265.4936399459839,102.44000911712646,2.5676799850771204e-06,269.47011864185333,103.45371627807617,8.053774763538968e-06,274.9900007247925,110.75302195549011,3.2792584534035996e-05,275.0364599227905,110.70017957687378,0.0008756674942560494,264.7721769809723,102.63265991210938,4.2071683310496155e-06,280.23190450668335,103.32283067703247,6.032946475897916e-05,272.4155740737915,103.40905666351318,1.0,265.97837018966675,105.43728804588318,2.826894558438653e-07,277.4791898727417,102.2790801525116,1.578170486027375e-05
688,279.15377950668335,99.49145126342773,1.9102712940366473e-06,270.8958828449249,93.40653228759766,3.2001876206777524e-06,279.8769021034241,93.65035843849182,2.7091769879916683e-05,274.98004722595215,95.99730825424194,1.9031376723432913e-06,277.1652638912201,97.5744948387146,2.500149321349454e-06,280.0306942462921,98.3454909324646,4.581629127642373e-06,275.07951575517654,98.47328662872314,1.2711155250144657e-05,265.0048098564148,101.07946872711182,2.3516968212788925e-06,268.79845321178436,102.54195785522461,7.639292562089395e-06,272.0856351852417,99.91717783361673,1.6452815543743782e-05,275.7735270559788,103.26316118240356,0.0003784534928854555,263.1573009490967,100.80926990509033,4.742828423331957e-06,274.63523960113525,100.54916191101074,5.042145130573772e-05,273.1730661392212,98.98420715332031,1.0,267.2893176674843,99.62948179244995,4.180397468189767e-07,277.75720596313477,94.89514493942261,7.1108961492427625e-06
689,279.8214330673218,100.62141799926758,1.39704661705764e-06,271.4603822231293,92.4700291454792,3.1522656627203105e-06,280.4539792537689,93.53814697265625,3.992136498709442e-06,275.33488273620605,94.41640782356262,9.976279216061812e-07,277.039302110672,97.76544713973999,3.0921796678740066e-06,280.36567735671997,98.61621427536011,3.644157231974532e-06,274.81846594810486,97.736243724823,4.481279120227555e-06,264.5383949279785,99.23482942581177,1.4002506532051484e-06,268.65945464372635,101.39541244506836,4.365497261460405e-06,270.97043013572693,90.82336401939392,1.1804394489445258e-05,277.0813752412796,100.86389070749283,0.0008524301229044795,262.47777938842773,99.28033256530762,2.3004229205980664e-06,276.0933216959238,97.5026683807373,2.0246092390152626e-05,273.5987808704376,95.76578140258789,1.0,268.10490157455206,96.58865880966187,3.6258978752812254e-07,278.81271266937256,94.2313551902771,2.648241888891789e-06
690,268.62538665533066,101.0623025894165,7.439254545715812e-07,271.0876235961914,81.02942419052124,1.2872959587184596e-06,277.9490575790405,84.65619570016861,1.6451575390874495e-07,279.64368963241577,92.1623933762312,3.145117091207794e-07,279.06547498703003,96.8295488357544,1.1474490975160734e-06,281.10324001312256,97.32688331604004,6.563491865563265e-07,264.66587805747986,90.20194482803345,9.748470120030106e-07,265.68841338157654,96.04056358337402,1.0567885055934312e-06,272.3710045814514,88.29600715637207,1.8374527144260355e-06,276.4589937031269,95.18388867378235,1.1472595360828564e-05,275.11767941713333,92.92537397146225,5.1623846957227215e-05,266.9285969734192,87.44532299041748,1.2808887959181448e-06,276.8039570450783,91.56415867805481,1.303903445659671e-05,274.73552989959717,89.22422361373901,1.0,268.83213740587234,91.06615400314331,8.031503284655628e-08,279.2331247329712,88.04421997070312,1.1723524266926688e-06
691,267.4545959830284,100.36691474914551,6.432173904613592e-07,270.77537512779236,78.52496981620789,7.95072878645442e-07,279.6124882698059,78.54053997993469,4.540116265161487e-07,275.5893077850342,78.90954089164734,2.5094414013437927e-07,276.72661674022675,82.72084093093872,9.47811599871784e-07,281.7160859107971,82.48064804077148,1.0373905752203427e-06,275.8529173284769,82.71261978149414,1.0821653404491371e-06,277.4290852546692,82.56130075454712,4.1846138287837675e-07,270.62338304519653,87.02027702331543,1.3011814417041023e-06,274.94660997390747,86.03374719619751,4.897798589809099e-06,277.13776075839996,87.61687088012695,0.00017438929353374988,264.89270544052124,85.12849807739258,1.0974220003845403e-06,276.1890241354704,86.14332485198975,4.976493073627353e-06,275.4628036022186,83.04984760284424,1.0,269.66299068927765,83.5015115737915,1.0762827429289246e-07,280.64404225349426,82.17602968215942,8.778716846791212e-07
692,267.772835239768,85.44435787200928,5.394853701545799e-07,270.9940230846405,77.16458809375763,9.280965400648711e-07,268.3515973687172,79.7439661026001,1.0367344316364324e-07,266.3970308303833,75.56193980574608,9.635469666591234e-08,268.82321310043335,84.31878662109375,6.347791554617288e-07,274.9252014160156,79.58133745193481,9.388310928670762e-08,268.9211809039116,80.3315110206604,2.0681096657426679e-07,265.1140115261078,82.84054946899414,3.3538876209604496e-07,269.49518072605133,86.00369453430176,1.0642434062901884e-06,273.8143153190613,75.71400147676468,2.1070832190162037e-06,269.933829665184,81.3386607170105,1.8340844007980195e-06,262.49182653427124,82.10786724090576,8.130647302095895e-07,276.3352060317993,77.13565194606781,1.3739401083512348e-06,273.6564588546753,77.44582998752594,1.0,268.9161591529846,78.43053078651428,1.958087381126461e-08,275.4295973777771,81.60826635360718,4.36026169836623e-07
693,268.99133694171906,84.0638427734375,2.1514620129892137e-07,271.7643837928772,76.7551372051239,2.111181629516068e-07,269.27151441574097,78.54107546806335,1.307867503186344e-08,277.1960334777832,73.40429997444153,3.645838475563323e-08,269.09172463417053,83.71956014633179,1.4290120020632457e-07,283.28475004434586,80.19677829742432,3.103592405295785e-08,269.25911569595337,77.88286113739014,2.170131097045669e-08,266.6252599954605,80.52503156661987,1.4700943040679704e-07,270.5832200050354,84.16954708099365,1.4878288823183539e-07,276.63606464862823,78.48766088485718,4.54266739779996e-07,276.5704257488251,76.63046789169312,9.282878181693377e-07,263.8122353553772,80.22252893447876,1.7016934350522206e-07,277.32409381866455,74.87301957607269,8.609963515482377e-07,275.5565827190876,73.03028726577759,1.0,270.3116126060486,75.64758411049843,4.408350573470443e-09,279.9375412464142,73.94572019577026,6.149411291289653e-08
694,268.9262415766716,68.48030948638916,1.876322430760524e-09,271.2905821800232,65.05124711990356,1.2614686184519996e-08,269.01008427143097,63.774983167648315,1.1366386304390019e-10,267.8203035891056,73.24615669250488,1.40213243793319e-10,270.9786636829376,69.7098741531372,2.705353940868349e-09,1.7912375926971436,-6.615594863891602,4.491552463292692e-09,6.638538599014282,399.26386427879333,4.448078849694781e-10,425.58661675453186,368.32781195640564,7.869215834510612e-10,273.98247146606445,70.43592166900635,4.811119058700797e-09,276.353214263916,64.40712070465088,1.9780450610795697e-09,271.71858048439026,67.4593300819397,1.256614701183878e-09,266.7287720441818,65.51269483566284,2.1903664659816968e-08,276.8898048400879,63.80064797401428,5.224631838274263e-09,274.9265069961548,67.98403608985245,0.9999980926513672,-2.146596908569336,384.66154074668884,7.068585716751841e-10,275.16004943847656,66.69986534118652,2.192693582259153e-09
695,265.57791781425476,69.64543628692627,2.852198338620937e-11,270.8538088798523,63.52827835083008,1.9001307471899764e-10,198.31470155715942,1.7185227870941162,1.711984373709008e-11,-0.17122697830200195,394.2713041305542,3.852611632493286e-11,-1.1560053825378418,100.60865306854248,1.1072993633121087e-09,1.743563175201416,393.7907691001892,3.3143530142609734e-09,6.803211212158203,399.1500463485718,6.894827486725319e-10,-0.6104111671447754,1.0679399967193604,3.5636149586792953e-10,-0.5754079818725586,399.82474517822266,2.5650234714014175e-10,277.1621551513672,59.373465061187744,2.4990326474849667e-10,405.8584917783737,347.4855431318283,1.192299858843171e-08,265.5161018371582,61.456329584121704,3.4937686077540775e-10,442.02998530864716,355.4096803665161,5.450274676022104e-10,276.51935988664627,58.152313232421875,0.003090172540396452,-1.8950653076171875,384.2521228790283,8.187435174278335e-10,-2.5378236770629883,9.763044834136963,6.432989696492086e-10
696,421.5559859275818,331.93553695082664,4.361552438658656e-11,-2.6957345008850098,392.3052270412445,5.431788699383766e-11,135.39361572265625,3.175308108329773,1.566164212207788e-11,436.3648724555969,362.4357566833496,9.774525633332587e-11,-2.0115060806274414,117.12185287475586,8.968689679811348e-10,2.165914297103882,-6.553666114807129,3.830479933242259e-09,6.663849830627441,399.2574317455292,4.634958250537835e-10,425.68686842918396,368.64017844200134,1.4630389344461037e-08,-0.7565488815307617,399.7508008480072,2.4364119055597655e-10,-5.065034866333008,-4.415840148925781,2.8620078529328907e-11,400.30946493148804,348.2102720737457,4.112765128461149e-10,427.1314159631729,367.98619747161865,4.3345704803243734e-09,427.56710201501846,332.2126144617796,6.568294566022814e-07,2.1214041709899902,-1.6620488166809082,3.6849576168229703e-10,-2.0155768394470215,384.3509955406189,8.155204289650442e-10,-2.6065444946289062,9.859098434448242,8.065714207639019e-10
697,-1.735032081604004,126.44542694091797,2.4396611467136786e-11,-2.6073288917541504,392.4688365459442,4.728067243275902e-11,103.31598138809204,2.633855938911438,2.2276375188923225e-11,433.52830052375793,362.58003175258636,9.969022135569716e-11,-2.243074893951416,132.9928493499756,7.938790180794797e-10,1.7893309593200684,-6.646816253662109,2.8826094844447425e-09,7.034661769866943,399.5371856689453,3.9977260390955394e-10,423.8774733543396,366.8817994594574,1.7451593503636786e-09,-0.889066219329834,399.85346961021423,2.023372858150907e-10,-5.145050048828125,-4.520722389221191,2.1543449316152596e-11,393.54247856140137,347.385664999485,1.7398814611269131e-09,434.5956881046295,365.086593747139,2.1064283650673588e-10,428.62146031856537,333.5435618162155,2.1471964828378987e-07,1.9038457870483398,-1.8497118949890137,2.4254045993821194e-10,-1.9848980903625488,384.12555050849915,7.944151447780712e-10,-2.7654104232788086,9.340542793273926,5.86065584951001e-10
698,-1.8372735977172852,110.24690842628479,2.2502106081234707e-11,-2.66646671295166,392.50285291671753,4.823030863576605e-11,183.04175853729248,2.5020581483840942,6.9875737140900895e-12,432.54793787002563,362.99374747276306,8.144832031042881e-11,-1.9839696884155273,117.06555366516113,8.546923724317423e-10,1.8114409446716309,-6.382785797119141,3.03266278756098e-09,6.98044228553772,399.3578255176544,4.98614649568907e-10,422.86884689331055,367.4340498447418,6.684531816958383e-10,-0.7801384925842285,399.7571747303009,2.365111717583801e-10,-5.104167938232422,-4.268613815307617,2.2045589312402747e-11,401.6039800643921,348.69180369377136,1.1899273788529285e-09,427.1557422876358,367.71580505371094,6.502896832127902e-11,442.08674931526184,354.61098861694336,1.4660503921959389e-08,1.6886284351348877,-1.7071375846862793,2.4390900410509175e-10,-1.758430004119873,384.14844942092896,8.36307134655101e-10,443.01713514328003,354.4273874759674,6.817828523963954e-10
699,-1.827509880065918,126.34514307975769,2.424256628774657e-11,-2.7776970863342285,392.5153272151947,4.261557079443534e-11,-8.502229690551758,-0.4478292465209961,6.939294625030179e-12,-0.47774744033813477,394.1501542329788,2.4377774104911154e-11,-2.244493007659912,132.95530319213867,8.288687514124149e-10,2.327241063117981,-6.418394088745117,3.0421580810013893e-09,6.873485565185547,399.4619333744049,4.602415948351535e-10,-0.4022502899169922,1.0054693222045898,4.0203979034814097e-10,-0.7334671020507812,399.8142030239105,2.1466184385587894e-10,-5.152519226074219,-4.415966033935547,2.4805487525147996e-11,405.94898986816406,349.7406630516052,6.347283254548586e-10,4.460609018802643,-5.998037338256836,2.973066931533097e-11,422.2812588214874,333.3096293210983,2.455060439388035e-07,2.14651358127594,-1.6458611488342285,2.7156613069401203e-10,-2.0407967567443848,384.2903275489807,5.984631124000828e-10,-2.3364782333374023,10.23373031616211,7.933870227461171e-10
700,-1.7481145858764648,158.14513230323792,1.8986406197241124e-11,-2.5685949325561523,392.7241404056549,5.2407956446787196e-11,-7.705489158630371,-0.5181231498718262,9.373227020936792e-12,-0.5458154678344727,394.2057019472122,2.8108891950151538e-11,-2.0136232376098633,398.638352394104,8.961285602460123e-10,2.096570611000061,-6.735443115234375,4.5375858626073295e-09,6.98825740814209,399.54828429222107,4.829882049861567e-10,424.31307768821716,368.3907890319824,5.947795589378302e-10,-0.8013195991516113,399.60546875,2.408403476650278e-10,-4.802088737487793,-4.592696189880371,3.548075028225739e-11,406.13591504096985,348.9674023389816,4.765225436464959e-10,427.0850493311882,368.08247590065,2.41961978231231e-10,422.6126844882965,331.70623767375946,2.3786662950442405e-07,2.035646915435791,-1.4380497932434082,5.119121793129011e-10,-1.7273802757263184,384.33091163635254,1.3944521093378626e-09,-2.812047004699707,9.241514682769775,8.309725685329283e-10
701,418.9948387145996,330.03234243392944,1.2610151811642822e-10,125.92346620559692,49.16336917877197,4.2413336731605966e-11,198.30364274978638,2.409200429916382,1.1227423504789336e-11,423.3606176376343,338.16521978378296,1.4753308297255074e-10,-2.2688379287719727,132.83134937286377,8.520327776651015e-10,1.9238524436950684,-6.736737251281738,3.1317177739964563e-09,6.993290901184082,399.71517062187195,3.567743322996364e-10,421.98699474334717,367.5318467617035,8.113504534890126e-09,-0.7491402626037598,399.6713197231293,2.036125573701142e-10,-5.115549087524414,-4.107771873474121,2.06181599571309e-11,401.19686460494995,348.5640159845352,2.9986849114926883e-10,425.6389260292053,368.65147066116333,1.5531926855771871e-09,426.68264377117157,334.8073453903198,5.277332093100995e-05,2.1935811042785645,-1.8444442749023438,3.0381902549336814e-10,-1.9318580627441406,384.3296420574188,8.026886932910315e-10,434.76473915576935,355.0205566883087,9.203766082599429e-10
702,-1.6913771629333496,126.24145793914795,2.3556472744656887e-11,-2.671604633331299,392.51005482673645,5.171199579656616e-11,-8.646876335144043,-0.4539642333984375,5.2158923881384656e-12,437.5097999572754,362.66597867012024,3.136790133195788e-11,-1.8666934967041016,398.90680384635925,9.218119600973296e-10,1.7271177768707275,393.69733214378357,2.9581537219769416e-09,6.8378822803497314,399.36877059936523,5.561408555898595e-10,-0.5539913177490234,1.233175277709961,2.7223459597713884e-10,-0.7530593872070312,399.6244127750397,2.585353320316841e-10,-5.29685115814209,-3.9686331748962402,1.5285920099139538e-11,406.08311128616333,348.03268629685044,2.640456187030793e-10,100.40696948766708,-1.9067678451538086,8.043894716980304e-11,422.2949287891388,331.2462239265442,7.314888250675722e-08,2.2112343311309814,-1.817394733428955,2.0618957929929849e-10,-1.9682445526123047,384.5283091068268,1.0433869324089073e-09,-2.6033687591552734,9.985836505889893,4.6095585681804607e-10
703,-1.7413792610168457,142.32520651817322,2.38193319235247e-11,-2.648641586303711,392.3219497203827,6.3581369336152e-11,198.0689058303833,2.0392158031463623,2.0126254829389012e-11,-0.4394521713256836,394.3744159936905,4.084284646599379e-11,-1.8705873489379883,398.6921670436859,9.96800086916494e-10,1.742784023284912,393.62564992904663,3.100041556791666e-09,6.662970542907715,399.2295582294464,5.499248834084369e-10,423.71443796157837,366.23513436317444,2.643815832925611e-07,-0.5730619430541992,399.32721042633057,3.126052749991004e-10,-5.2938947677612305,-3.976914882659912,1.46607326972914e-11,403.90144423395395,349.53405129909515,3.3045364489225904e-07,426.33933770656586,368.6940519809723,1.434948302403427e-07,425.44188356399536,333.1278483867645,4.420532775384345e-07,2.3139967918395996,-1.893038272857666,1.8945142676862758e-10,-2.0383033752441406,384.8004605770111,1.0703327113503747e-09,-2.6809778213500977,9.829235553741455,4.904856520937528e-10
704,-1.6148295402526855,189.76591038703918,1.930379987802322e-11,-2.7334752082824707,392.6291627883911,4.751880486320026e-11,198.00310277938843,2.1429288387298584,7.094945724678281e-12,-0.6385979652404785,394.33361971378326,2.239403801285178e-11,-1.7593836784362793,399.31467390060425,8.26253288011003e-10,2.2716838121414185,-6.466412544250488,2.8717490607732543e-09,6.593174934387207,399.2260410785675,3.785858848637247e-10,-0.3148989677429199,1.2810957431793213,3.0103639026002327e-10,-0.7078742980957031,399.5448498725891,2.3629562195814913e-10,-5.199803352355957,-4.500974655151367,2.144939434400861e-11,400.19574451446533,347.5085176229477,1.635158675128423e-10,4.256631851196289,-6.340313911437988,2.163486230444267e-11,421.1798173189163,329.41039633750916,1.3293581346829342e-08,1.8799281120300293,-1.8301167488098145,2.518786568206366e-10,-1.8099603652954102,384.8536078929901,7.058468254328432e-10,-2.496281623840332,9.91279411315918,5.980317907550159e-10
705,-1.4800572395324707,157.8508906364441,2.6028078997653026e-11,-3.247824192047119,392.3267238140106,4.257674074414908e-11,198.24800300598145,2.2923465967178345,1.376526150009827e-11,-0.7369136810302734,394.59325444698334,2.6530201646668417e-11,-1.6480646133422852,398.9682936668396,7.63320295860126e-10,2.2980687618255615,-6.597309112548828,3.5443923351863305e-09,6.6241614818573,399.2568759918213,4.0755399055569796e-10,425.1218333244324,366.1873531341553,3.4044228547358557e-10,-0.2503499984741211,399.83727264404297,2.30197971795576e-10,-5.051949501037598,-4.214471817016602,2.501482875005845e-11,404.62358260154724,348.4739022254944,5.08593744896757e-09,4.034056015312672,-6.280777931213379,4.030269520893803e-11,425.65092754364014,332.42445772886276,5.348125498016998e-08,2.057118773460388,-1.3480744361877441,3.137940740582934e-10,-2.541752338409424,384.4799749851227,5.02276220615272e-10,-2.7341394424438477,9.629342555999756,6.220895465425258e-10
706,-2.3657894134521484,110.50844693183899,2.5920373486476578e-11,-2.735793113708496,392.5699384212494,4.6535317266283016e-11,103.2769684791565,2.9594485759735107,9.805088165004694e-12,437.9029974937439,361.66458201408386,4.611352688588255e-10,-1.7160601615905762,116.87708187103271,8.593460942840636e-10,1.6862268447875977,-6.657941818237305,2.714269919934509e-09,6.907648086547852,399.4504153728485,4.673904041574417e-10,426.39960396289825,367.83506059646606,3.595811293166662e-08,-0.6571002006530762,399.62563037872314,2.3269876303633197e-10,-5.027438163757324,-4.182305335998535,1.702063663622244e-11,404.691830933094,349.39496767520905,6.541645092283943e-08,428.16835241019726,368.5141463279724,7.693702341882158e-10,420.9762110710144,331.73500230908394,5.834713192598429e-07,1.9212381839752197,-1.8789162635803223,2.095492807052679e-10,-2.0425896644592285,384.6450283527374,7.235288479456869e-10,-2.626725673675537,9.959968090057373,5.117676837862462e-10
707,-1.8586430549621582,142.25171566009521,2.6740063288621663e-11,-2.580923080444336,392.45194697380066,4.0734318695889726e-11,198.36212015151978,2.492238163948059,5.620201352918297e-12,437.53221559524536,363.1636414527893,1.4809441173380122e-10,-2.3448257446289062,149.02411651611328,8.405849349912842e-10,2.02761709690094,-6.607695579528809,2.641550533866166e-09,6.913397789001465,399.4443516731262,3.912350166057621e-10,424.8078844547272,367.16473484039307,3.7160217125631334e-09,-0.811774730682373,399.5640912055969,2.2242548081141678e-10,-5.189416885375977,-4.128481864929199,1.594917080349756e-11,405.6710253953934,348.39971420168877,5.262148761175922e-08,426.87326180934906,368.25497031211853,4.407592069100019e-10,426.06561601161957,333.7027028799057,5.2090125990389424e-08,2.0502952337265015,-1.758552074432373,2.0429333225102653e-10,-1.8666648864746094,384.6691834926605,9.950410495562778e-10,442.61904311180115,354.81519317626953,1.580290920344396e-08
708,-1.7822108268737793,142.2794029712677,2.148554945069492e-11,-2.5412354469299316,392.6303689479828,5.1144248558454564e-11,182.6567816734314,2.507796287536621,1.3743643376140646e-11,437.91331577301025,360.95118498802185,7.25072987761699e-11,-1.9942259788513184,398.96950244903564,9.332616901502888e-10,2.3902653455734253,-6.478446960449219,3.942307369442233e-09,6.770543336868286,399.4516439437866,4.156239796770933e-10,424.8893029689789,365.67006373405457,4.137977960283479e-09,-0.7797422409057617,399.7126257419586,2.5134258563319634e-10,-5.318836212158203,-4.542625427246094,3.0355069152721015e-11,4.154408365488052,-1.521176815032959,1.9597143352534374e-10,428.6330969929695,366.39669704437256,2.6047755619096336e-10,427.917516939342,331.8891810029745,5.131977620642658e-10,2.103891611099243,-1.621809959411621,3.4619943023450617e-10,-1.8939924240112305,384.6449544429779,7.509015076401226e-10,-2.5475873947143555,9.286113739013672,8.497638148696751e-10
709,-1.582108974456787,142.045259475708,2.4727215067188446e-11,-2.0557937622070312,392.3438301086426,7.003081448075932e-11,198.10378551483154,1.8406956195831299,1.6158118246178965e-11,-0.2937045097351074,394.05333042144775,3.888505142879417e-11,-2.4123549461364746,398.8825874328613,1.232182689214767e-09,1.472719669342041,393.3807044029236,3.665884484860271e-09,7.047138929367065,399.543714761734,6.056527501741016e-10,-0.5450992584228516,1.4155445098876953,3.5508390672234214e-10,-0.8258094787597656,399.645192861557,3.43936656932442e-10,-5.2764692306518555,-4.067779541015625,2.0437113806837104e-11,-1.955587387084961,398.9924235343933,9.050878796434958e-11,4.440580815076828,-6.353322982788086,2.1041546977018655e-11,422.77754831314087,328.20433282852173,1.8470001084125443e-09,2.19295072555542,-1.7172517776489258,2.1122702198450583e-10,-1.6127114295959473,384.4366686344147,1.5273200482113225e-09,-2.621090888977051,9.877667903900146,5.893556198621752e-10
710,-5.141082763671875,4.1110658049583435,2.1491411081320244e-11,-2.5257492065429688,392.44790387153625,4.863603270122141e-11,-7.833521842956543,-0.33382511138916016,1.2307720814730416e-11,-0.42214345932006836,394.19982290267944,2.7348038764141158e-11,-2.0160789489746094,398.90396666526794,8.373685078666426e-10,2.115776538848877,-6.645302772521973,5.102328781703136e-09,6.781915903091431,399.2812349796295,4.4093328988026315e-10,-0.4632730484008789,1.2151596546173096,6.042301103903469e-10,-0.9479660987854004,399.5016849040985,2.430888268456499e-10,-4.97037410736084,-4.823203086853027,4.590097052448172e-11,405.7412977218628,348.7094079256058,7.140036339947642e-10,4.271988749504089,-5.739595413208008,8.175025933976343e-11,419.9993850184255,329.4259498119354,6.250153172793205e-10,2.0249783992767334,-1.7435946464538574,6.14940487420057e-10,-2.0351643562316895,384.50374150276184,9.871393702454156e-10,-2.5527138710021973,9.154998302459717,9.643348342081026e-10
711,-1.4605069160461426,158.0471007823944,2.5827544963830107e-11,-2.9079298973083496,392.29394006729126,5.475163378232395e-11,182.5331974029541,2.436989665031433,1.7480593361707264e-11,440.41548705101013,360.75920391082764,2.800375209499606e-10,-1.7888703346252441,398.76290130615234,9.043532589458891e-10,1.6804168224334717,393.6742205619812,3.01230107524475e-09,6.6849775314331055,399.1348662376404,5.089729193663572e-10,427.11966347694397,364.6804459095001,4.394128723106405e-07,-0.7554812431335449,399.50735688209534,2.582174751797339e-10,-5.170418739318848,-3.9142651557922363,1.3623664696371662e-11,405.2905411720276,347.50528159737587,6.914351047271339e-08,427.41296911239624,366.78285694122314,2.2318031867030186e-09,442.57335364818573,348.82208251953125,1.0339332723319217e-09,2.1690621376037598,-1.977139949798584,1.439641184042273e-10,176.63677215576172,220.03867274150252,1.954429729167373e-09,446.0806393623352,354.03153002262115,5.460701335557872e-10
712,-1.5850095748901367,110.24586033821106,2.6756796431270935e-11,-2.6283230781555176,392.383207321167,4.575359882630359e-11,-8.452666282653809,-0.43036508560180664,8.284112111567321e-12,436.89544582366943,355.23042422533035,2.7796649426647946e-09,-1.7836723327636719,116.79462909698486,1.0556316931698007e-09,2.0308045148849487,-6.439103126525879,3.3442872915401267e-09,6.9042205810546875,399.3546235561371,4.00694727398232e-10,427.0102202296257,365.06948244571686,3.557336825110724e-08,-0.9770736694335938,399.7494378089905,2.2357432571951108e-10,-5.240370750427246,-4.347701072692871,2.5482378360197622e-11,394.15999603271484,347.0058681368828,6.875841229714297e-09,433.144296169281,364.4626596570015,1.1833359292445778e-10,441.6944694519043,341.5153155326843,2.5539528270002165e-09,1.989253044128418,-1.7937355041503906,2.9706309634391914e-10,-1.8248844146728516,384.427090883255,9.371610154573773e-10,-2.3497719764709473,9.738239288330078,7.67192642747716e-10
713,-1.79304838180542,142.2266149520874,2.846459352945363e-11,-2.5379128456115723,392.58521032333374,6.100384086771271e-11,198.12603425979614,2.2229896783828735,7.2182442314994155e-12,438.0036506652832,355.7002610564232,1.797740090125899e-08,-2.214946746826172,398.8379292488098,9.374809817330743e-10,2.038643002510071,-6.703164100646973,3.6480765075452837e-09,6.781193733215332,399.5760910511017,4.765516314897411e-10,427.8391909748316,365.4419401884079,0.001661411253735423,-0.8356151580810547,399.4925651550293,2.9804608780992226e-10,-4.909032821655273,-4.358139991760254,2.625043758752721e-11,400.86721992492676,355.43143004179,1.152451841335278e-05,426.686270236969,367.17234563827515,2.509749386092608e-08,442.50446474552155,343.4816756248474,8.203698484976485e-07,2.0793886184692383,-1.5679044723510742,3.261038383772785e-10,4.545553386211395,391.844762802124,1.0383681692260893e-09,437.14445662498474,356.1782952398062,1.3706361379206555e-08
714,438.1513123512268,343.80869722366333,3.3895206086320684e-10,436.2123832702637,347.6141236126423,6.235935101628343e-10,423.0560417175293,356.4586696624756,2.6049135071204432e-11,439.64908933639526,360.5790572166443,2.0585694926467113e-08,-1.8531041145324707,398.9626488685608,1.0955936158296709e-09,1.972985029220581,-6.571532249450684,4.780886353472624e-09,6.584313631057739,399.0115976333618,7.196777618290184e-10,427.8395157009363,365.7669916152954,6.382934003568153e-08,447.9157338142395,348.9767230153084,2.1133916838778077e-09,442.0552854537964,356.47875452041626,4.37912595074863e-10,402.80373907089233,358.79579877853394,4.188034807839358e-08,434.6958295106888,364.93469643592834,5.054951124350282e-09,441.03426122665405,347.1193259358406,2.713060666792444e-06,2.0487349033355713,-1.703598976135254,5.450191409295257e-10,-1.780524730682373,384.7878477573395,8.82593831352807e-10,435.6970192492008,355.3437674045563,8.890782510206918e-07
715,430.79409742355347,330.14678263664246,1.514612080200095e-07,428.9522280097008,334.9744641780853,0.00017743762873578817,428.1024371981621,342.83559107780457,3.3319804515485885e-06,439.73815393447876,352.59820652008057,4.722149242297746e-06,422.07022047042847,330.3712373971939,8.076140645130181e-09,407.97474479675293,334.5676426887512,3.108041482846602e-06,410.75352871418,348.2163264155388,0.8295989036560059,430.6213002204895,358.3016550540924,0.005459958221763372,446.3912980556488,343.32537174224854,4.5554127137137357e-10,441.6238787174225,342.71479415893555,1.2313081110271185e-10,394.54371786117554,354.9591108560562,0.9739950299263,432.78599071502686,363.838501393795,5.105245236336486e-06,442.4550082683563,339.40488588809967,2.1369880414567888e-05,2.057343363761902,-1.9101696014404297,5.153626414511336e-10,421.8940472602844,355.15371149778366,1.7755933612306762e-08,425.43658447265625,356.7575590610504,5.847118700330611e-07
716,434.6158814430237,330.1836681365967,9.547853174751708e-09,434.0922884941101,332.66802966594696,3.804381412919611e-05,435.95086332783103,341.5426821708679,1.9118759155389853e-05,443.151072204113,351.8518478870392,1.080533183994703e-05,422.5488176345825,340.1626763343811,1.010941019785605e-07,416.38791942596436,333.828369140625,8.211604267671646e-07,416.53918957710266,346.6652252674103,0.8970034122467041,434.68111741542816,356.6875337958336,0.23197752237319946,420.26546239852905,341.8053460121155,1.8430631243404605e-08,419.5377006530762,347.0734650492668,5.283208939776962e-11,394.79619789123535,354.1627240180969,0.9301547408103943,427.88690089434385,358.83523321151733,0.0037428908981382847,447.02710151672363,342.6643133163452,8.952888208568766e-08,2.5395714044570923,-1.644951343536377,4.0574910098456485e-10,422.73916006088257,350.9562044143677,5.934044793320936e-07,428.84362268447876,352.39809799194336,1.5176473425526638e-05
717,433.03052854537964,328.8797609806061,1.3465423762681894e-06,430.8291804790497,332.50436782836914,0.002074058400467038,429.8180367946625,340.47402915358543,0.000236138075706549,439.8881883621216,350.3861322402954,9.005417814478278e-05,422.94650173187256,329.77367901802063,1.4281104085966945e-06,409.03912377357483,333.5044125318527,4.090366928721778e-06,411.6540515422821,343.8497612476349,0.840196967124939,429.7158942222595,355.70318582654,0.5397450923919678,417.2426781654358,332.60271471738815,3.986863816862751e-08,441.9671607017517,343.4245491027832,3.355294375673168e-10,394.2947425842285,353.0497319698334,0.6063307523727417,425.44574642181396,356.9049801826477,0.0012963451445102692,442.4876346588135,338.84112215042114,1.1747531516448362e-06,413.2841639518738,334.1136305332184,2.9750990560017954e-10,419.81722831726074,349.70032012462616,3.290952577117423e-08,422.93609380722046,353.8938479423523,8.950470510171726e-05
718,431.3578715324402,328.1426923274994,3.728167428107554e-07,430.94978618621826,329.6481285095215,5.334074103302555e-06,429.1885551214218,333.9973430633545,2.3253876406670315e-06,441.02518463134766,346.7034503221512,2.730784842697176e-07,423.87855100631714,330.4791762828827,1.0029223176388768e-06,408.65845918655396,339.74443531036377,2.6230813432448485e-07,411.737413585186,340.47437503933907,0.06159844994544983,429.9936146736145,346.0334743261337,0.00011152656225021929,422.37362337112427,342.5463638305664,1.1358068263689347e-07,420.44006729125977,345.0127363204956,7.415764002871583e-09,394.3810348510742,350.64448833465576,0.10497256368398666,427.1432820558548,351.98745107650757,3.81329155061394e-05,443.49819308519363,340.84970903396606,5.750914056079637e-08,412.5960122346878,347.825241163373,7.370751564650391e-09,420.3066358566284,347.4678736925125,6.189620194163581e-07,420.07804817706347,347.8886039406061,0.8886691927909851
719,430.59061908721924,338.83886337280273,1.5000239272922045e-08,432.4401297569275,326.4127354621887,2.498671847206424e-06,429.71091401576996,331.5940096974373,0.0026763714849948883,437.1178894042969,345.075679063797,5.226526809565257e-06,418.57421493530273,342.1410298347473,1.6028889149310999e-07,407.0799865722656,329.99466013908386,1.3626796317112166e-05,410.68986189365387,339.8921129703522,0.9998860359191895,430.7277195453644,347.26366448402405,0.08775205910205841,411.17824363708496,328.3667287826538,1.381198160288477e-07,393.5602676868439,341.41967248916626,1.7879695501932247e-09,394.7350616455078,350.1068181991577,0.9869885444641113,425.83983159065247,352.2905390262604,0.001030708895996213,444.57899433374405,330.3449343442917,1.788726535778551e-07,411.2219487428665,332.82015615701675,3.5529070796513906e-09,418.2490568161011,347.44200825691223,1.7699284171612817e-07,412.4592226743698,345.1770362854004,0.02833007276058197
720,428.4595268368721,341.4174485206604,3.628606748407037e-07,427.39710783958435,340.9119830131531,8.6009308120083e-08,434.5230247974396,327.69396209716797,4.251413884048816e-06,444.12414037436247,335.18564319610596,6.085933364374796e-06,421.72212409973145,344.9451460838318,1.4860380588288535e-06,420.9934015274048,343.0580997467041,6.514390094025657e-08,416.335022687912,332.7625272870064,0.0741662010550499,429.1553635597229,341.9075733423233,0.018253184854984283,423.1652455329895,344.7338182926178,4.443521675057127e-07,417.99490451812744,342.15710639953613,2.5805031000913914e-08,398.15320587158203,347.854658216238,0.025428950786590576,423.6009941101074,347.4784709215164,0.0014917636290192604,447.21347069740295,329.07239031791687,1.5855236767947645e-07,423.8077702522278,340.45257806777954,1.6616265696711707e-08,420.3417110443115,345.97469782829285,4.0401701539849455e-07,423.0519299507141,343.2641704082489,0.4997740685939789
721,428.374814838171,340.84604692459106,6.360120874404629e-09,434.98676109313965,313.29697036743164,2.911138778927125e-07,432.4660210609436,322.2518560886383,0.06534858793020248,441.2435085773468,333.3913687467575,0.0006138836615718901,419.18582820892334,323.6846103668213,1.3553091093854164e-07,409.48147678375244,314.5346647500992,3.840445970126893e-06,412.1118079945445,327.07216906547546,0.9999996423721313,430.12649750709534,335.72395634651184,0.026004884392023087,445.4109697341919,343.8614683151245,2.8396637929972712e-08,435.31379222869873,341.642050743103,6.5719700792499225e-09,399.7271149158478,342.0033800601959,0.9956842660903931,424.7809536457062,342.56425976753235,0.0038076797500252724,447.4087300300598,326.32116889953613,9.490730008110404e-06,423.6177854537964,338.83458042144775,7.462497841892457e-10,419.3976796269417,339.10971307754517,4.490646574595303e-07,423.73962211608887,339.20257729291916,0.1170537993311882
722,426.80785965919495,344.12718415260315,5.669046121425936e-09,434.7568860054016,313.7012269496918,1.858527269860133e-07,427.412913441658,317.959512591362,0.00016137491911649704,439.9490189552307,333.1207709312439,1.9055740267504007e-05,419.75470542907715,325.3970432281494,4.0942971679669427e-08,408.60522198677063,312.6642475128174,7.983195615679506e-08,409.7740240097046,324.39393588900566,0.873505711555481,428.058959569782,334.58938789367676,4.8971600335789844e-05,446.5042757987976,344.1745300292969,6.89033754497359e-08,436.74258041381836,341.37749576568604,6.96220467943931e-08,398.53706669807434,341.67454874515533,0.0005568446940742433,426.7089066505432,337.46917629241943,4.116132572562492e-07,445.91873025894165,327.7429871559143,1.0593408660497516e-05,437.4794907569885,337.2024803161621,7.045071748201792e-10,424.41145300865173,337.84054732322693,3.0501780656777555e-07,428.1232751607895,335.80308771133423,0.18322595953941345
723,440.90770053863525,324.76045513153076,7.999318540896638e-09,442.0171991586685,323.00822925567627,4.893872329603255e-08,429.23732566833496,314.44466626644135,0.0001847875682869926,440.5367226600647,331.33700609207153,2.294612022524234e-05,437.69887685775757,326.3285608291626,1.590697280562381e-07,411.98100808262825,304.29412746429443,2.3572604845867318e-07,411.74457082152367,318.47931694984436,0.8093326091766357,427.47510039806366,332.38917621970177,8.66115078679286e-06,445.71934139728546,326.181179523468,2.599275035208848e-07,438.13139057159424,328.8960962295532,1.0726225241342036e-07,407.04796385765076,340.5319852232933,7.123527211660985e-06,426.1797559261322,334.3164746761322,2.8882470815005945e-07,444.28085085749626,326.237512588501,6.918796316313092e-06,438.3201479911804,326.4912967681885,6.053967105401625e-09,426.92561650276184,335.4334144592285,1.0312709264326259e-06,431.29153299331665,332.69640922546387,0.3476051688194275
724,441.2331840991974,347.30618607997894,1.4468714226723023e-08,436.2959110736847,298.1726254224777,1.7910272163135232e-06,430.86348509788513,308.4945655465126,0.0018708165735006332,439.92926359176636,330.8866230249405,3.332308187964372e-05,422.0373945236206,309.3167109489441,1.5981801482212177e-07,411.8116337507963,303.27068543434143,3.4237687941640615e-05,412.428403288126,314.88972997665405,0.9494321346282959,428.1116051003337,322.33673620224,0.0005320142372511327,444.79729425907135,326.9701728820801,2.0106627118821052e-07,438.5249981880188,342.49996757507324,1.227687818072809e-07,404.98299807310104,336.7460947036743,1.3754878636973444e-05,425.78124380111694,326.93913173675537,1.2654409147216938e-06,443.8359901458025,325.7753252983093,1.5366499610536266e-06,437.7113528251648,326.0234022140503,1.7834564935981234e-09,426.25876355171204,334.60835313796997,3.2282736128763645e-07,430.63618421554565,332.82888650894165,0.8565381169319153
725,438.6127529144287,326.80657148361206,1.4324909258789376e-08,440.6533029079437,324.184232711792,1.321762539419069e-07,432.2244963645935,303.41427278518677,1.7277532606385648e-05,439.0820527076721,330.8728709220886,6.865098498565203e-07,438.50396394729614,328.53642749786377,2.2134338450996438e-07,414.02184438705444,299.62188372015953,0.006558275315910578,413.82401859760284,312.3372540473938,0.8458672761917114,426.86451518535614,319.8936231136322,1.9332796000526287e-05,444.4676022827625,327.9991636276245,2.0729730465518514e-07,440.7076721191406,329.37783312797546,4.5413713678499334e-08,406.0591793060303,324.08554458618164,5.069803705737286e-07,438.2287802696228,329.35016202926636,1.0327654109687501e-07,441.11720275878906,326.90541791915894,3.155247156882979e-07,438.26449823379517,326.7162265777588,8.792938044344112e-10,426.69103848934174,325.0056427717209,3.789026337130963e-08,433.9770972728729,328.7408232688904,0.5986752510070801
726,439.03117275238037,328.39685559272766,5.686698223428266e-09,439.81413745880127,326.09757566452026,1.0925829130314924e-08,427.1317781805992,299.9818627946079,3.0296660042949952e-06,439.7869830131531,330.8869438171387,3.3158784162878874e-08,438.6464042663574,329.7284269332886,3.6829373328828297e-08,411.8793695047498,296.46291041374207,5.55084552615881e-05,413.24095273017883,305.24685049057007,0.4182226061820984,428.8412240743637,312.48570346832275,2.3451393644791096e-06,444.2515434920788,330.1516361236572,3.406575999065353e-08,441.700079202652,341.8935933113098,5.659786861400562e-09,405.3284420967102,321.0341763496399,1.0250689683743985e-06,427.53470930457115,318.12004113197327,2.9556284530940502e-08,440.3101727962494,340.5863494873047,1.1912132613645099e-08,2.0095019340515137,-1.750253677368164,2.424391798427905e-10,437.5564703941345,326.4107012748718,1.9709198717521303e-09,435.96407509222627,333.14935302734375,0.04176507517695427
727,441.46807742118835,348.83713656663895,1.10857216739646e-08,430.43691992759705,284.6484829187393,9.163081813312601e-07,428.80225878953934,292.0898198708892,0.00025193439796566963,437.30074965953827,301.87390971183777,9.78570028564718e-07,439.1060791015625,330.2661317586899,6.710470046300543e-08,406.9939787387848,291.72805336117744,0.9795804619789124,413.1020450592041,302.48751759529114,0.9921676516532898,430.29452443122864,309.0602766275406,0.002329182578250766,446.6408987045288,348.10644044727087,7.965248727259677e-08,398.9799439907074,307.7010107040405,1.5439770777447848e-06,404.9010270833969,318.2540907859802,0.00030422149575315416,429.4330064058304,311.7147476673126,1.3305132142704679e-06,440.17532896995544,341.1561007499695,1.0081104306891575e-07,440.6584141254425,341.32853603363037,8.740483337099647e-10,405.8707411289215,305.2688674926758,2.3175157792820755e-08,437.6019858121872,335.17244720458984,0.013691446743905544
728,430.3736798763275,279.59487104415894,3.091025879697895e-09,426.3712786436081,284.68344885110855,6.396172830136493e-05,426.0645889043808,291.4207394719124,5.488236638484523e-05,434.63810217380524,300.79962515830994,1.681011235632468e-05,417.3249247074127,282.0586540699005,2.64659320237115e-07,404.2102711200714,290.09559059143066,0.9998069405555725,410.9799555540085,300.4112158417702,0.30658674240112305,428.4880163669586,308.5605207681656,9.417471301276237e-05,413.5858875513077,284.4492803812027,1.8961398495775938e-07,393.97705149650574,304.7007899284363,0.00013332540402188897,399.6053640842438,310.11161732673645,0.157139390707016,427.868518948555,308.3221219778061,3.556411911631585e-06,398.5956492424011,300.64964455366135,4.953312213729077e-07,2.061631202697754,-1.4880213737487793,4.084637073020758e-10,404.8227413892746,304.50713872909546,2.169550761266237e-09,441.2469527721405,334.9572591781616,3.4512788261054084e-05
729,439.7313747406006,349.50520730018616,9.272383749703295e-09,427.8411076962948,274.9496978521347,0.016145523637533188,426.71114015579224,283.6737052202225,0.34577909111976624,435.9997459624137,290.9299637079239,0.023024722933769226,413.0319012403488,277.78193521499634,1.0547510953529127e-07,405.6994824409485,283.4542551636696,0.9999980926513672,407.6753942966461,294.04716539382935,0.9999955892562866,429.0870131254196,297.98391795158386,0.43008673191070557,413.6721365451813,278.8055500984192,5.225610948400572e-07,393.6251103878021,297.42631816864014,0.21752654016017914,400.2783212661743,307.24425172805786,0.9977534413337708,429.49757504463196,301.18592059612274,0.0032174705993384123,400.41614055633545,297.03251457214355,1.6681335637258599e-06,405.39729368686676,295.3947944641113,1.9623122682332905e-08,398.4539566040039,302.6714527606964,7.596635320794576e-09,439.7942295074463,335.8797416687012,0.020013749599456787
730,431.72955536842346,266.0398312807083,7.267770740781998e-08,427.2548208832741,272.06519317626953,0.053740568459033966,426.29078781604767,280.46110105514526,0.22636598348617554,435.06183981895447,287.8240535259247,0.0009442573646083474,411.19544064998627,277.03621196746826,5.776551148528597e-08,404.8468062877655,280.2944755554199,0.9932758808135986,406.54988193511963,291.2241106033325,0.9988542795181274,428.11935652047396,296.532883644104,0.010787553153932095,411.85674369335175,276.8722310066223,1.4352522725857852e-07,393.7766857147217,292.9086336493492,0.0008819346548989415,398.13878536224365,301.44907307624817,0.9981733560562134,427.56284630298615,299.05244386196136,1.8180255210609175e-05,444.8011647462845,275.13983714580536,5.914084795222152e-07,404.1939981877804,295.5098261833191,4.315523050024694e-09,406.2166872024536,293.31127166748047,9.184160654207574e-10,440.6630244255066,335.5338373184204,0.0059008062817156315
731,431.75780153274536,263.2044982910156,1.5521887108960186e-09,427.9833257496357,268.01454973220825,0.00017928009037859738,427.07380187511444,275.7243376970291,0.36569830775260925,434.815141916275,284.44986897706985,0.0005162782035768032,407.94316482543945,276.18949794769287,1.6201472163857034e-08,403.48648875951767,275.60748276114464,0.892724871635437,406.9046549797058,285.44697165489197,0.9952535629272461,427.133477807045,290.98397958278656,0.012351824901998043,403.8506245613098,277.167902469635,9.283554902594915e-08,392.59244179725647,288.4221730232239,0.01113816723227501,397.89261305332184,293.4494345188141,0.9985741376876831,401.4091739654541,296.29250168800354,4.08062624046579e-06,399.02366733551025,283.8708473742008,1.0332704505344736e-06,398.4844243526459,286.8498296737671,1.5282124010695952e-08,399.1918737888336,290.7605781555176,1.3877002658091442e-08,441.30726957321167,335.4628987312317,0.0010695139644667506
732,396.94534385204315,302.01894187927246,1.6687401460657725e-09,430.42477202415466,262.3427486419678,1.3828809642291162e-05,427.28830742836,269.2824293375015,0.4833194315433502,436.1871741116047,283.20132851600647,0.0024773862678557634,417.9240653514862,264.19313955307007,8.105603654939841e-08,403.43164479732513,271.3045129776001,0.40765413641929626,406.5788879394531,278.116916179657,0.9999997615814209,427.53441575169563,289.01262521743774,0.8905978798866272,409.48408246040344,265.118524312973,8.835486369207501e-07,392.0923659801483,284.40162056684494,0.007812025025486946,397.85121524333954,291.77460347115993,1.0,421.34020960330963,291.2996923327446,0.010344859212636948,445.6311789751053,268.0316828005016,1.8073877754432033e-06,400.8133955001831,284.006521188654,1.043527220190299e-07,399.2623665332794,290.2690358161926,1.1192722126907029e-07,437.1235455274582,333.8152462244034,0.00016417245205957443
733,439.592396736145,349.33831775188446,1.7791315087833937e-09,428.60633277893066,261.5222158432007,2.301375388924498e-06,425.0086667537689,268.70663022994995,0.06388187408447266,434.386482834816,283.12893491983414,0.0003795779193751514,437.206768989563,330.8591685295105,6.900435778334213e-09,403.4706943035126,266.2490097284317,0.00011087644816143438,404.8875606060028,274.6932864189148,0.999993085861206,426.58073031902313,286.3907608985901,0.004041863139718771,402.16264724731445,277.9564790725708,4.317846702406314e-08,390.86495876312256,281.89182114601135,0.00021324488625396043,396.39516401290894,288.40262365341187,0.9999954700469971,419.50286185741425,289.91470885276794,3.687678326969035e-05,444.5969291329384,266.3519116640091,3.3230702683795244e-05,398.779824256897,284.2129661589861,2.9536242436734028e-05,397.2461428642273,289.1434574127197,1.1490332951780147e-07,440.9444029331207,334.39559030532837,0.0031465713400393724
734,436.1835994720459,330.5638474225998,3.624366229360021e-08,426.8706498146057,257.9489543437958,1.4817700275671086e-06,423.7668466567993,266.74517595767975,0.006853027269244194,432.9952075481415,276.0551614947617,3.423738689889433e-06,407.36913681030273,262.59937715530396,2.0337527928404597e-07,403.2166723012924,265.2327244281769,0.0040558110922575,404.3287868499756,273.2604601383209,0.9998520612716675,420.24646677076817,280.87330627441406,2.742667902566609e-06,406.83738803863525,261.84734058380127,3.4896405054496427e-07,390.9357976913452,281.3429729938507,0.0038602743297815323,395.6416180729866,285.17727494239807,0.999993085861206,400.7093548774719,286.6705756187439,0.00017383528756909072,401.36498737335205,279.3378748893738,1.2236778275109828e-05,398.48930859565735,282.8484271764755,6.207216210896149e-05,398.45125818252563,286.6634542942047,5.024913889428717e-07,438.43549847602844,335.3547840118408,0.5099828839302063
735,431.68079233169556,247.77074337005615,5.138534930893002e-08,428.71230059862137,252.56912302970886,0.02727690152823925,427.5403722524643,260.7034660577774,0.5714418888092041,435.66894483566284,273.4912693500519,0.06261762976646423,421.04883670806885,248.7629885673523,5.0404548090909884e-08,402.2226730585098,261.2836661338806,0.02760646492242813,405.9933754205704,269.4463872909546,0.9999994039535522,428.9239350557327,278.1999890804291,0.9653505682945251,405.9092081785202,254.89113807678223,6.675644499409827e-07,391.38452339172363,274.30147325992584,0.007444809190928936,396.8265445828438,283.55499044060707,0.9999977350234985,425.38346123695374,280.2934846878052,0.0004011879791505635,402.0840058326721,278.72155141830444,4.4787370825360995e-06,398.24193263053894,281.8332953453064,6.725193543388741e-06,397.1317684650421,286.6296362876892,1.3558999967244745e-07,439.39738512039185,335.5166873931885,0.2495228797197342
736,436.60876178741455,330.30758595466614,8.116154504023143e-08,430.5830316543579,245.92782545089722,0.0034006175119429827,427.87062910199165,257.78501868247986,0.23398496210575104,435.11346584558487,271.15891885757446,0.0013646939769387245,436.97924518585205,329.15496706962585,2.158077023750593e-07,403.1723762154579,255.34098529815674,2.48762262344826e-06,405.113120675087,262.4305078983307,1.0,425.9965054988861,276.57183307409286,0.014795399270951748,444.1547005921602,331.66366016864777,2.1715500508889818e-07,390.04566287994385,268.8640830516815,0.00015765918942634016,395.99184077139944,277.6777141094208,0.9999998807907104,401.24782609939575,282.0853673219681,0.001365126110613346,432.8405954837799,336.3825595378876,5.71059729281842e-07,398.1183249950409,279.475106716156,8.635109907118022e-07,436.03958462551236,336.003529548645,3.4280070337899815e-08,439.10620951652527,335.12711334228516,0.7292303442955017
737,398.25337290763855,285.72665429115295,6.335602709128807e-09,433.63899278640747,242.67087614536285,2.240511093987152e-06,428.39795446395874,251.3003774881363,0.0880509540438652,436.6101661324501,268.0385257676244,8.680024620844051e-05,407.68976497650146,257.7022352218628,8.962641295795493e-09,406.89188957214355,247.77481126785278,7.468243978792088e-08,405.8401138782501,259.44867426157,1.0,427.0763466954231,273.9072263240814,0.6163974404335022,403.4179330468178,253.13259315490723,2.9563501868778985e-08,391.6879229545593,267.0036595463753,3.294127600383945e-05,397.1504555940628,275.63687539100647,1.0,401.61116313934326,278.3033926486969,0.001660817419178784,401.7135066986084,274.3795528411865,1.2813271155209804e-07,404.9634075164795,270.722843170166,1.1522367913130438e-06,400.1492648124695,272.9376730918884,4.4953001321346164e-08,439.83177757263184,335.4782519340515,0.004639286547899246
738,439.97250747680664,349.51074755191803,4.526806041127429e-09,433.96112084388733,242.7964768409729,6.508939350169385e-06,430.72576570510864,251.67754331231117,0.12746460735797882,437.7873207330704,267.058753490448,0.016010386869311333,441.05276346206665,348.6646795272827,1.131932059195151e-08,407.16059589385986,246.08390522003174,4.4520895414734696e-08,407.0886869430542,257.83580231666565,0.9999909400939941,424.9984540939331,273.20762181282043,0.6280840039253235,447.5483763217926,348.69987165927887,1.9207494261763713e-08,392.5669491291046,264.40816259384155,7.436530609084002e-07,396.9261949658394,273.0971040725708,0.9999998807907104,402.03750228881836,276.50335770845413,0.00023087073350325227,445.34799015522003,250.4140533208847,6.987086749177251e-07,399.2631952762604,271.3990988731384,3.2680316053301794e-07,405.3692421913147,270.74638748168945,8.775070625688386e-08,441.24580788612366,334.88113832473755,0.012448814697563648
739,440.271445274353,349.5156446695328,1.8211183672178777e-08,429.96362817287445,240.75124979019165,0.027020130306482315,426.6113837957382,248.29005599021912,0.23471599817276,437.97937631607056,266.65560710430145,0.030829275026917458,440.84456396102905,348.7056465148926,3.513512680797248e-08,404.00146082614083,245.11729764938354,0.00024423468858003616,407.71595573425293,256.2824954986572,0.9999997615814209,428.10016606003046,269.4058976173401,0.3220037519931793,446.72245502471924,348.3095887899399,5.6965799188901656e-08,393.820853471756,262.89376401901245,0.0001704991009319201,399.4256925582886,271.74993562698364,0.9999924898147583,404.8163900375366,273.53794503211975,3.841707075480372e-05,446.4844923019409,249.25476455688477,1.608298703104083e-06,401.57786083221436,266.7853261232376,1.8570190718492086e-08,401.035542011261,269.7193559408188,1.1806311306372663e-07,439.6420660018921,335.13566064834595,0.1426677256822586
740,435.72095680236816,329.8137135505676,8.688915187349266e-08,433.95300698280334,241.16264939308167,6.97453799602954e-07,429.7532424926758,250.23687100410461,4.6309996832860634e-05,438.6583352088928,267.49730694293976,0.0003357251698616892,437.0798954963684,329.27275252342224,8.277984164806185e-08,408.5169427394867,243.99517822265625,2.1627059254569758e-08,407.47941756248474,253.17343389987946,0.9970473647117615,425.7508683204651,268.9529414176941,0.009579678066074848,445.37014269828796,332.4270171225071,1.4303890338851488e-07,443.5829151272774,343.00778579711914,1.5101451822374656e-07,399.0837867259979,266.94624042510986,0.998900294303894,403.2021150588989,269.9495174884796,3.315586945973337e-05,434.787091255188,335.9145288467407,2.3542033886769786e-06,441.3678345680237,335.61060094833374,1.2706635743597872e-07,435.15958082675934,335.4691729545593,2.2052478954037724e-08,440.8396506309509,335.0841426849365,0.4306059181690216
741,435.4236898422241,330.6362600326538,8.132375661773494e-09,431.83751821517944,238.3753159046173,0.0027179240714758635,429.9529197216034,246.8100438117981,0.0910610780119896,438.790301322937,260.5626911520958,0.033256322145462036,436.84279203414917,329.42382645606995,1.223333878641597e-08,408.49724817276,240.78296875953674,2.03052039182694e-07,407.162659406662,252.33200252056122,0.9999997615814209,426.9548635482788,266.9691151380539,0.6912989616394043,446.3872218132019,333.02611243724823,1.8163381909630516e-08,393.50725746154785,258.68554496765137,1.1721579085133271e-06,397.7990893125534,265.5688371658325,0.9999997615814209,403.84876823425293,269.43104457855225,0.0015821191482245922,434.60348987579346,335.43708324432373,3.966585779835441e-07,400.62563848495483,264.9825077056885,2.3282019867565396e-08,399.44621086120605,270.6758873462677,1.822894191150226e-08,438.73071098327637,335.65980410575867,0.011981588788330555
742,435.48493003845215,330.5457413196564,8.234850668031868e-08,428.1272906213999,240.01903200149536,0.0005004596314392984,425.76490235328674,249.75622701644897,0.0006477305432781577,437.0612587928772,265.65653014183044,0.00016212169430218637,436.38124990463257,329.24872517585754,6.049110368167021e-08,444.0332986600697,347.8693632185459,3.528998648860693e-09,407.67322158813477,251.93056849390268,0.19336983561515808,427.0664302110672,267.7444038391113,5.509925904334523e-05,445.1040322780609,332.3014277815819,7.55325118007022e-08,442.9679834842682,342.9115791320801,7.567685855747186e-08,402.3544964790344,266.41667234897614,0.9665852785110474,403.0545973777771,265.2865324020386,4.370550414023455e-06,434.0401051044464,336.9420232772827,5.3160006245889235e-06,441.19644141197205,335.3331604003906,1.2728831677577546e-07,434.5123522281647,336.8559248447418,9.060720174147718e-08,439.48661041259766,335.27550506591797,0.4870108366012573
743,440.38963770866394,349.39053535461426,1.5412917164780993e-08,433.78615617752075,230.76406860351562,8.484797035634983e-06,428.57465267181396,244.21873664855957,0.005447212606668472,439.5729064941406,257.86014223098755,0.0017551422351971269,440.9181158542633,348.8854179382324,2.7957453241356234e-08,2.1220619678497314,-6.597490310668945,3.1982463344348844e-09,406.20560693740845,250.22102117538452,0.9983835220336914,427.3568176627159,262.8090572357178,0.06356872618198395,447.15342903137207,348.19607378542423,5.216042353595185e-08,395.89493096619844,257.10838317871094,7.053959052427672e-07,398.3511071205139,261.60033762454987,0.9999872446060181,402.7192225456238,265.070369720459,0.0004857203457504511,435.1529636979103,336.6053116321564,1.8499682710171328e-06,399.295615196228,261.9836616516113,1.1587113846189823e-07,435.4904881119728,335.6269292831421,3.278735505318764e-08,441.23992443084717,335.1508550643921,0.05664505437016487
744,440.97247290611267,349.14689660072327,4.987369095488248e-08,430.58668518066406,231.59643411636353,0.03244428336620331,430.90324544906616,244.0168703701347,0.15014487504959106,440.3042137622833,256.1879081726074,0.5258947610855103,424.50800585746765,228.63711535930634,2.961320149097446e-07,413.01709711551666,235.93128024041653,4.867239113082178e-06,413.42190659046173,248.08882665634155,0.9999749660491943,428.5906588435173,261.6259205341339,0.5976763963699341,447.1874945163727,348.81192833185196,1.6618727727291116e-07,396.09576638042927,252.6689338684082,1.0621106412145309e-05,402.32948338985443,260.162909463048,0.9999995231628418,404.4001121520996,264.75529527664185,0.00011035758507205173,437.77970027923584,338.59708511829376,2.6294308099750197e-06,441.5953166484833,336.31614542007446,2.9404299439761417e-08,442.4633504152298,338.4440644979477,1.4358966460292777e-08,442.9348329305649,335.53790807724,0.13653096556663513
745,440.36523365974426,349.3405097723007,1.1910813668691844e-08,430.1472096443176,233.15106415748596,1.6105615941341966e-05,429.1823287010193,242.0455847978592,0.0016732128569856286,439.93993043899536,254.62773656845093,0.0020443897228688,440.80928206443787,348.8757203221321,2.3330741782956466e-08,411.6137929260731,235.83271430432796,1.2947086247550033e-07,412.6761929988861,248.0347499847412,0.9951463341712952,426.65438520908356,260.0133631043136,0.008463711477816105,447.51572370529175,348.50885784626007,3.856749231090362e-08,397.41172194480896,252.7052345275879,1.9840861114062136e-06,404.0436847768724,259.9150601476431,0.999920129776001,405.0618944168091,262.861958026886,8.718588105693925e-06,435.29874593019485,337.1917288303375,8.892486675904365e-07,441.7005527019501,335.88119745254517,9.53700585171191e-09,435.2728492617607,335.73415660858154,1.3324527259328534e-08,441.5280668735504,335.552622795105,0.02859753929078579
746,439.9863181114197,349.69517636299133,1.6851943840379136e-08,435.87592393904924,228.42278790473938,0.01725771650671959,433.7659788131714,238.5426836013794,0.18887017667293549,441.4817578792572,252.9681312441826,0.16808085143566132,424.2269637584686,226.47959518432617,1.0728941788329394e-06,413.09247970581055,232.82262563705444,1.5630217603757046e-05,413.88933277130127,243.80860888957977,0.9997709393501282,426.8497098684311,256.99745297431946,0.006470956839621067,446.7942953109741,348.27904334664345,6.956257436740998e-08,399.1118314266205,248.48952174186707,4.86244232433819e-07,405.06953167915344,257.1483964920044,0.9994997978210449,405.3765697479248,259.28717505931854,2.6921914013655623e-06,433.87811636924744,336.2895050048828,1.730198050609033e-06,440.87625193595886,335.82536363601685,1.5059178792853345e-08,414.1052815914154,250.3731645345688,5.938222358281564e-08,441.54321336746216,335.1796498298645,0.06385355442762375
747,436.20166301727295,329.8925783634186,2.9191954808993614e-07,435.53561103343964,227.08601427078247,0.0006111017428338528,432.6556622982025,236.83715283870697,0.01706564612686634,440.3440935611725,252.37591630220413,0.04503823071718216,441.63118410110474,348.7644117474556,3.554766578872659e-07,413.40645682811737,231.43777990341187,1.524954740261819e-07,412.60527998209,242.63691556453705,0.9997604489326477,427.969829544425,255.02744007110596,0.00022395914129447192,446.4634783267975,347.72943499684334,5.653283778883633e-07,442.9123191833496,343.54997205734253,6.847052418379462e-07,405.5582226514816,256.03709959983826,0.716767430305481,405.2077531814575,257.71555519104004,1.0885401025007013e-06,437.52308559417725,337.9509139060974,2.3768029677739833e-06,441.5976758003235,335.365113735199,6.776057830393256e-07,441.6362524032593,337.6888301372528,1.6097150989935471e-07,441.641494512558,334.87447690963745,0.9547509551048279
748,436.24234771728516,330.3273352384567,2.5831531047515455e-07,437.4365704059601,226.61094284057617,0.001978208078071475,433.70235562324524,236.12836083769798,0.11073997616767883,442.8798041343689,250.80639624595642,0.009003926999866962,437.1786398887634,330.08838856220245,2.9518434985220665e-07,415.06528091430664,228.8841814994812,1.634559225749399e-07,413.95773696899414,240.96956634521484,0.9996906518936157,428.628521502018,254.4829020500183,0.0014956917148083448,446.56515622138977,348.1425226330757,5.033748493588064e-07,443.1967495083809,343.29006147384644,5.037134087615414e-07,404.2499532699585,251.85805948078632,0.9998430013656616,406.33774852752686,256.3150086402893,9.00756822375115e-06,432.4074227809906,335.4367325305939,6.629971267102519e-06,441.4804117679596,335.6269578933716,7.401620223390637e-07,433.90120458602905,336.3927617073059,9.368758924210852e-08,441.3676676750183,334.8022804260254,0.9163517355918884
749,437.07854747772217,329.5623722076416,3.378839892320684e-06,436.65034425258636,223.27759647369385,0.0007455116137862206,433.1449897289276,235.06601983308792,0.0032868878915905952,440.80066871643066,249.604318857193,3.021494558197446e-05,437.19080877304077,330.09206211566925,2.2577046365768183e-06,416.24254751205444,229.2258358001709,3.159184188916697e-06,417.99981689453125,240.63880348205566,0.7529230713844299,439.07631731033325,331.48931711912155,5.674586986970098e-07,444.487876445055,331.21485686302185,2.7566077278606826e-06,441.99436473846436,344.0078692436218,4.388693923829123e-06,407.0334105491638,251.53532189130783,0.9644445776939392,438.79982137680054,333.726416349411,3.693314056363306e-06,434.88378715515137,336.2238485813141,0.00010124688560608774,441.4617006778717,336.1742866039276,3.410348654142581e-06,434.4357615709305,336.65969347953796,1.0297673043169198e-06,441.01940870285034,335.1266407966614,0.998824417591095
750,440.39176964759827,350.1129491329193,3.3142789845896914e-08,441.9408903121948,218.3417533636093,0.00019008426170330495,434.1319338083267,231.94198751449585,0.0037021436728537083,442.9502011537552,246.6170678138733,0.00048392079770565033,441.04217529296875,349.4355038404465,6.045811318244887e-08,416.1313030719757,223.9280138015747,5.482324922922999e-07,418.41246509552,234.27415895462036,0.9785106182098389,429.6399886608124,247.46067905426025,1.525378081623785e-07,446.5208475589752,347.95661701262,1.0629445768017831e-07,443.5231314599514,342.1560139656067,8.865832512583438e-08,407.5727515220642,246.09461045265198,0.9975029826164246,412.2006139755249,251.62636840343475,8.422393875662237e-07,434.0319472551346,336.1897306442261,1.3846222373103956e-06,441.1148045063019,336.0400941371918,5.807594760653956e-08,413.7586760520935,247.62867307662964,5.2814439044368555e-08,440.77910470962524,335.2966618537903,0.07834293693304062
751,440.72242164611816,349.7468286752701,1.9800266670699784e-07,441.94248604774475,216.5510652065277,0.00014370794815476984,435.0324203968048,229.17844581604004,0.07579308748245239,441.7703790664673,245.656005859375,0.0010010803816840053,441.3362910747528,348.76432114839554,4.1104206616182637e-07,444.07247292250395,348.06674156337976,5.88573207949139e-08,417.0622408390045,232.12467098236084,0.9999387264251709,418.9779257774353,244.9773718714714,2.5977709810831584e-05,446.2449848651886,347.39536052942276,5.5428711220884e-07,443.0313060283661,343.1555919647217,5.941842573520262e-07,406.7285761833191,244.1294259428978,0.9999971389770508,410.4337224960327,250.22315311431885,9.901913290377706e-05,433.7650611400604,336.5939939022064,7.946779078338295e-06,441.23387145996094,336.322452545166,4.2738847128021007e-07,435.3968033194542,336.04575848579407,6.23979019565013e-07,440.8151664733887,335.61632919311523,0.6786774396896362
752,440.33360147476196,349.38481855392456,6.174033018169212e-08,443.8937111198902,215.38304567337036,9.895559742290061e-06,440.38604760169983,225.76334834098816,0.002077619545161724,442.4257165193558,241.64486646652222,4.833914772461867e-06,441.2800450325012,348.40213415026665,1.1324312509941592e-07,423.51835203170776,217.58241891860962,1.7016933497870923e-06,419.8324984163046,229.4257823228836,0.9764487743377686,440.4210915565491,343.85471296310425,4.317360691175054e-08,447.08439350128174,347.97900145314634,2.3209976518501207e-07,443.3338271379471,342.23450756073,2.706171642330446e-07,410.6408371925354,243.14583361148834,0.1916835606098175,439.10479640960693,343.39862060546875,4.827400346130162e-08,434.2224109172821,335.97933197021484,4.856709438172402e-06,441.7422478199005,336.89391827583313,4.0809425172483316e-08,434.79097616672516,335.5661015510559,3.5275803611511947e-08,442.3541371822357,335.4530620574951,0.04252147674560547
753,440.3274767398834,349.2198021411896,1.940143050660481e-07,444.2297430038452,212.74601829051971,3.652622763183899e-05,440.1871569156647,224.61532521247864,0.013009599409997463,443.79474860429764,240.5014853477478,0.00042770421714521945,440.84394693374634,348.37527814507484,4.3800667981486185e-07,418.00395357608795,216.80973148345947,4.663472736865515e-07,418.7576559782028,228.6639296412468,0.9996969699859619,440.262366771698,343.5250897407532,1.0641819869761093e-07,446.52668738365173,347.2530297636986,6.287254450398905e-07,443.1826786994934,343.3634223937988,8.26417760890763e-07,410.527263879776,241.69894123077393,0.949135422706604,438.9090929031372,343.3772716522217,2.8452538458623167e-07,434.64509558677673,336.5293905735016,5.588072781392839e-06,441.55121064186096,336.32681012153625,2.3189201669993054e-07,422.57310128211975,237.4825006723404,1.4040799101167067e-07,441.14861941337585,336.0215606689453,0.648219883441925
754,440.7810184955597,349.22411715984344,1.938264091450037e-07,443.71079432964325,213.06022024154663,1.6717898688511923e-05,438.03891253471375,221.54256284236908,0.027139201760292053,443.42415803670883,240.26971793174744,0.00030563579639419913,424.7941062450409,213.89219427108765,1.1394851753721014e-05,419.6591167151928,216.61532640457153,0.022517820820212364,421.341765999794,227.79032669961452,0.9999990463256836,431.4086859226227,238.49897360801697,3.291197936050594e-05,425.9663894176483,217.47593593597412,1.001450414150895e-06,410.282674074173,234.3515911102295,9.739069355418906e-06,413.82696413993835,241.358172416687,0.9927574396133423,431.36857748031616,238.69374871253967,6.228878191905096e-06,434.05776727199554,336.31114959716797,4.661997081711888e-06,441.4398422241211,336.2201180458069,3.250196982662601e-07,424.4683837890625,235.5809532403946,4.714104306913214e-06,440.9542398452759,335.50301456451416,0.44362592697143555
755,440.99331760406494,348.80195355415344,4.080327755673352e-07,445.02622306346893,206.34092712402344,1.8974834574692068e-06,442.2682092189789,219.78578148782253,0.07265011966228485,447.77493166923523,237.39030349254608,6.085643690312281e-05,440.9295403957367,348.7074818611145,6.625683681704686e-07,420.8166193962097,214.0166425704956,4.335362609708682e-05,420.2884041965008,224.5235013961792,0.9999983310699463,434.3676515817642,240.45026516914368,0.0041232360526919365,446.291540145874,347.94712314754725,8.343169497493363e-07,442.88430082798004,343.302029132843,7.522137366322568e-07,412.7824512720108,238.2021713256836,0.9318304657936096,416.90594005584717,242.6959799528122,2.7897140171262436e-05,434.48702359199524,336.7173397541046,4.4911575969308615e-06,441.49439239501953,336.64608359336853,2.8191382739350956e-07,417.4370265007019,235.43524461984634,8.465516430078424e-07,441.52352952957153,336.32513999938965,0.8082514405250549
756,436.83513498306274,329.306104183197,1.2915901379528805e-06,446.0051736831665,205.2042180299759,1.3016258435527561e-06,442.2380772829056,216.11773324012756,0.012798438780009747,446.33428716659546,234.55267441272736,1.8342456314712763e-05,440.9511866569519,348.2834832370281,1.7572083379491232e-06,422.4470191001892,212.4778289794922,0.0010255079250782728,423.1056799888611,220.5735667347908,0.9999696016311646,436.6331681609154,232.5597014427185,6.506934823846677e-06,446.23677039146423,347.3840916752815,2.5829317564785015e-06,413.16706466674805,227.74736404418945,6.874853625049582e-06,417.7815294265747,236.48508736491203,0.7666767835617065,419.27796268463135,237.76461338996887,9.453684469917789e-06,437.36270332336426,337.7221372127533,2.4810697141219862e-05,441.57540702819824,336.8845512866974,2.826557192747714e-06,419.0673236846924,231.13415670394897,8.67606377141783e-06,441.21209192276,335.81544828414917,0.9952240586280823
757,441.23173356056213,348.4685113132,2.803472625600989e-06,447.39484548568726,204.69359821081161,1.3675581840288942e-06,444.3704197704792,213.89384865760803,0.016728177666664124,445.9364709854126,233.47022366523743,0.0003519084712024778,440.440274477005,347.8408043831587,5.91464277022169e-06,425.0444691181183,208.4253544807434,7.495715544791892e-05,423.79107761383057,217.09137344360352,0.9994341731071472,436.73003935813904,230.97779083251953,7.271164213307202e-05,445.02657413482666,346.302605509758,6.1204250414448325e-06,441.7785334587097,344.52695512771606,1.070089729182655e-05,418.41016912460327,234.68434965610504,0.2129892259836197,438.0567669868469,343.72442722320557,5.54133475816343e-06,433.2164957523346,337.3490116596222,0.00010076309263240546,440.9704625606537,336.43626713752747,6.108069555921247e-06,434.7238928079605,337.5095753669739,7.579055363748921e-06,439.33936977386475,336.32394313812256,0.998849630355835
758,436.3483028411865,329.7571256160736,1.9007924265679321e-06,446.29153990745544,203.99130840133876,0.00044899602653458714,444.0496285967529,213.17951047420502,0.023264657706022263,446.24881410598755,231.71796226501465,0.022569773718714714,440.68610858917236,347.75855784118176,3.6497845030680764e-06,424.76678919792175,207.48975276947021,0.00025120595819316804,427.5986920297146,216.69833993911743,0.9899895191192627,437.22301054000854,230.26276111602783,0.0006092265248298645,445.2821264266968,346.26854288578033,4.472586169868009e-06,416.0765051841736,225.61883735656738,3.411283250898123e-05,418.71395921707153,233.7100100517273,0.43984556198120117,438.0767631530762,343.81837940216064,2.7595747269515414e-06,433.78022933006287,336.6320495605469,4.586951035889797e-05,441.23490476608276,336.51632952690125,5.951601906417636e-06,434.99239933490753,337.257693529129,2.0024756395287113e-06,440.25064492225647,336.1638538837433,0.9983224272727966
759,440.8299822807312,349.22754514217377,2.2993476989086048e-07,447.27220916748047,201.09046816825867,0.0001759326842147857,444.9898790717125,211.09220975637436,0.11482124775648117,444.1982178390026,231.50991249084473,0.0060394881293177605,427.4763168692589,200.7973654270172,2.0698453226941638e-06,425.9058299064636,203.37350076436996,0.0004895894089713693,426.5826826095581,213.07534766197205,0.999962568283081,435.93205787986517,228.46438506245613,4.337211066740565e-05,428.53170186281204,202.51397848129272,8.419414712079742e-07,442.9834657907486,343.08695936203003,5.558571842811943e-07,421.0329934358597,228.24658831954002,0.8183849453926086,430.09272933006287,224.85447311401367,1.939828052854864e-06,434.58796405792236,336.0764698982239,5.831564521940891e-06,429.5677775144577,224.00888562202454,8.753811471251538e-07,426.2567811012268,222.52614164352417,2.4511728042853065e-06,442.0434798002243,336.03325486183167,0.6422498822212219
760,436.0962624549866,329.99408888816833,9.405890750713297e-07,447.19355487823486,197.7029289007187,0.00013542584201786667,444.73465168476105,209.37724709510803,0.4129233956336975,445.35960483551025,229.9540638923645,0.018518410623073578,440.99105620384216,348.0050873979926,1.8915554846898885e-06,427.4780795574188,200.67559337615967,0.009527978487312794,428.6290906071663,212.79962038993835,0.9999856948852539,436.5159993171692,226.8128890991211,0.00035379340988583863,445.8404885530472,347.2466906309128,2.316111931577325e-06,442.17919075489044,344.22782850265503,3.465034978944459e-06,430.71558952331543,227.49233943223953,0.0017310846596956253,434.2480101585388,224.40481519699097,2.421326826151926e-06,434.26360976696014,336.66923332214355,4.1019837226485834e-05,441.49077320098877,336.6674716472626,2.039028686340316e-06,428.8226432800293,216.84981656074524,8.883322880137712e-05,440.62070178985596,336.13794350624084,0.9887498617172241
761,441.00738978385925,349.3997222185135,3.2463742627442116e-07,446.56848978996277,196.95485258102417,5.483172571985051e-05,443.8916513323784,207.27820348739624,0.04062343016266823,445.32630586624146,225.02258014678955,0.000196100736502558,433.7786045074463,197.03679752349854,6.820299631726812e-07,427.11687368154526,199.6625509262085,0.0020830780267715454,428.61836606264114,209.39353561401367,0.9979400038719177,433.8417649269104,221.5725849866867,1.675542262091767e-05,446.3392312526703,347.067019701004,1.1573225719985203e-06,442.0563408136368,343.56043434143066,1.1565192608031793e-06,423.8210780620575,224.1006474494934,0.04497132822871208,431.83543586730957,222.32524943351746,3.5276657399663236e-06,434.2419397830963,336.4215486049652,7.982417628227267e-06,440.82701659202576,337.4921164512634,8.179285941878334e-07,438.21287298202515,214.32157373428345,3.07924642584112e-06,442.0528242588043,336.2087678909302,0.9800467491149902
762,441.41843843460083,349.75839602947235,8.175005064003926e-07,447.49210357666016,195.15141487121582,2.8290951377130114e-06,443.4058958888054,202.42801988124847,0.026946071535348892,444.49328088760376,223.67117071151733,5.522408537217416e-05,441.5606129169464,348.76564061641693,1.214429516949167e-06,428.8380417227745,195.67640006542206,0.0002493682550266385,428.24496833980083,206.00955367088318,0.9991288781166077,433.2624249458313,217.4232530593872,2.0362233044579625e-05,446.26877617836,348.1809381991625,1.7790921447158325e-06,443.1261843442917,343.8246874809265,2.0433169538591756e-06,423.9416513442993,221.22056782245636,0.003827133448794484,431.3665301799774,220.4663100540638,4.472547971090535e-06,434.69578647613525,336.1144268512726,2.179241528210696e-05,442.0574256181717,336.88481879234314,1.2489150549299666e-06,438.11814999580383,214.00346660614014,1.5751047612866387e-05,442.3918192386627,335.82629680633545,0.9489739537239075
763,436.886417388916,329.1388945579529,2.6305895062250784e-06,447.2501757144928,196.55585479736328,8.56132282933686e-06,443.91459093242884,203.2651305794716,0.26327019929885864,444.9995306134224,220.278759598732,7.78403045842424e-05,440.4364631175995,347.4846822023392,3.4507725104049314e-06,427.9406022503972,198.2029047012329,0.0011788785923272371,428.5801695585251,206.67655444145203,0.9983396530151367,433.3408226966858,218.24203276634216,1.1142170478706248e-05,445.05689764022827,346.2894778251648,4.253315637470223e-06,422.9128301143646,215.82094144821167,6.062618922442198e-05,433.28159523010254,223.58094382286072,0.006522709038108587,438.17725896835327,343.694393157959,4.549279310595011e-06,444.4443359673023,214.9008593559265,3.28038731822744e-05,441.0477862358093,336.59395718574524,5.2149903240206186e-06,437.8568365573883,214.09479451179504,1.8724336769082583e-05,440.08586955070496,335.8792324066162,0.9999030828475952
764,435.53668880462646,329.70477199554443,7.208660690594115e-07,447.10160970687866,190.12245988845825,6.36324766674079e-05,443.26918745040894,201.79811191558838,0.038789134472608566,444.94651621580124,220.0949225127697,8.35723549243994e-05,440.98379850387573,348.2891882956028,1.3413081205726485e-06,427.7163197398186,195.66575202345848,0.0067633697763085365,428.84894317388535,204.37018916010857,0.9975188970565796,434.2235689163208,215.36304783821106,4.152376277488656e-06,431.13247418403625,197.34008979797363,3.7963334307278274e-06,421.95874989032745,214.82372903823853,0.0009396371315233409,430.05015897750854,221.4308956861496,0.082787424325943,432.44252824783325,217.39931631088257,1.5285075960491668e-06,434.1248345375061,336.4156334400177,8.522832649759948e-05,431.52976989746094,214.06093835830688,8.848785910231527e-06,436.62811774015427,209.1968002319336,2.1259933419059962e-05,441.23247814178467,336.01939702033997,0.9966919422149658
765,434.15470123291016,198.93583059310913,6.45667739718192e-07,446.68224692344666,189.87591469287872,4.3694763007806614e-05,443.2831321358681,201.0701220035553,0.034966208040714264,443.30263978242874,216.86486911773682,1.807471562642604e-05,430.920880317688,196.57578468322754,9.753827043823549e-07,432.1915557384491,194.85804533958435,1.756291931087617e-05,430.6998882293701,201.23612070083618,0.9790363907814026,432.5556378364563,209.787269115448,8.089169568847865e-05,431.1110882759094,196.92269849777222,4.218357389618177e-06,428.3022355735302,209.49024772644043,0.00029143699794076383,431.35584688186646,213.3752839565277,0.2515915334224701,430.93288350105286,214.93052101135254,1.2927229363413062e-05,442.71126425266266,212.48288345336914,3.066280987695791e-05,433.61259269714355,209.3160445690155,0.0007731801015324891,429.7388687133789,206.51137852668762,0.00040631197043694556,441.979532957077,335.85701036453247,0.752695620059967
766,441.24180793762207,349.12187016010284,3.9249223959814117e-07,446.5921332836151,188.27151399850845,2.3603186491527595e-05,444.4879338145256,196.72957545518875,0.04531385377049446,445.3396897315979,211.53218692541122,4.1267576307291165e-05,441.30782175064087,348.3624277114868,6.950753004275612e-07,431.65705037117004,189.23256158828735,0.00027336046332493424,433.2913918495178,198.49835181236267,0.9954977035522461,433.8290066719055,207.97607445716858,4.2322335502831265e-05,431.50621724128723,194.4572868347168,1.231964574799349e-06,428.7690132856369,207.38735103607178,3.436156112002209e-05,431.26920199394226,211.7009548842907,0.23581846058368683,433.6695284843445,208.00448036193848,9.370191946800333e-06,445.88803470134735,203.78706221282482,3.4875272831413895e-05,433.36402654647827,207.22380876541138,0.00011810464638983831,438.63478684425354,203.3513587117195,0.00012621987843886018,441.8800277709961,336.29643988609314,0.9925711750984192
767,440.9038941860199,349.0034158229828,4.5785009206156246e-07,447.7811620235443,185.801575422287,2.1203270534897456e-06,444.1962640583515,194.19584667682648,0.04034051671624184,444.1343748867512,208.96675658226013,5.228366717346944e-05,441.37056946754456,348.25945430994034,8.360620427083632e-07,434.1705746650696,185.52566075325012,2.636354838614352e-05,433.238224029541,195.93091585487127,0.9890267252922058,433.71461629867554,205.77046954631805,0.00027313301688991487,446.2228662967682,346.2523390054703,1.1264612567174481e-06,425.81539273262024,200.93604040145874,6.0044908423151355e-06,434.63088071346283,210.41001725196838,0.01002814993262291,432.64781856536865,206.37482523918152,8.255243301391602e-06,433.6546514034271,336.30278062820435,6.660940562142059e-05,433.0032305717468,204.04016971588135,3.3495605748612434e-05,433.6216802597046,198.86358547210693,0.00010116571502294391,439.73050594329834,335.5786166191101,0.9622031450271606
768,440.84651231765747,349.18274116516113,2.767141040749266e-07,448.63645029067993,184.56174874305725,2.2796335485963937e-07,445.7141252756119,193.12444853782654,0.005320985801517963,445.3920360803604,208.1977617740631,1.8915751525128144e-06,440.98882246017456,348.40373796224594,4.4269367549532035e-07,432.7080149650574,184.77030992507935,0.0001211850976687856,433.84985518455505,194.84741532802582,0.9927638173103333,435.09632396698,205.43707168102264,5.307224637363106e-05,446.50217294692993,347.4409695863724,6.726629067088652e-07,426.74388670921326,199.83180332183838,4.778030870511429e-06,435.1255376338959,208.29295444488525,0.0032660847064107656,432.9380292892456,205.1696263551712,6.038716946932254e-06,434.33625423908234,336.95681738853455,1.3288977243064437e-05,434.50719165802,200.24825406074524,5.007652362110093e-06,434.3817615509033,197.9779863357544,1.0350444426876493e-05,441.22296357154846,336.177148103714,0.9612805247306824
769,441.19074749946594,349.0400673151016,1.9257843177911127e-06,442.57458233833313,344.80435943603516,6.566428396581614e-07,442.7015644311905,189.04197359085083,0.0002985217433888465,440.25467920303345,344.1108856201172,1.0176555633734097e-06,440.7024073600769,347.9731789082289,3.3852775231935084e-06,435.0197905898094,182.0522677898407,0.002646633656695485,436.7786601781845,192.28681230545044,0.4601922035217285,435.65653228759766,203.10753577947617,6.462236342485994e-06,445.39106035232544,346.08128333091736,3.836481482721865e-06,428.4091155529022,197.71596765518188,4.054393502883613e-05,436.1147585734725,206.34912776947021,0.002553551457822323,437.835232257843,343.41447401046753,3.861584900732851e-06,434.0953081846237,336.86784744262695,2.7752415917348117e-05,434.2505941390991,196.6475954055786,1.116291150538018e-05,435.18726152181625,337.679673910141,3.0375554160855245e-06,439.72155475616455,335.94626092910767,0.9992263317108154
770,440.6337471008301,348.8721541762352,3.7584939605039835e-07,432.6905870437622,184.98097825050354,4.2471771166674444e-07,442.427290558815,188.34470868110657,0.0003474413533695042,442.7457182407379,203.88864016532898,2.382196953476523e-06,440.9980149269104,348.24110954999924,6.674472388112918e-07,435.3937438130379,181.69861340522766,2.959023004223127e-05,436.68553990125656,191.36379647254944,0.31438329815864563,434.0109748840332,202.2332056760788,3.4515358038333943e-06,446.3831899166107,346.680979013443,9.874175930235651e-07,430.13582038879395,196.36752223968506,2.174222026951611e-05,435.51276817917824,203.86679010093212,0.0010706281755119562,430.33602023124695,202.11607813835144,6.797254172852263e-07,440.8418469429016,196.4372420310974,2.0981595298508182e-05,439.7060751914978,193.09473252296448,0.0018676066538318992,437.0394620895386,193.8748722076416,5.163130936125526e-07,440.5870633125305,336.3365001678467,0.9637994766235352
771,440.93980407714844,348.5796371102333,8.905182653506927e-07,442.1430883407593,344.3844356536865,3.8731923268642277e-07,444.3777896761894,186.18640553951263,0.00019625354616437107,443.4316241145134,200.6882746219635,1.0871148106161854e-06,440.8124268054962,347.9629160091281,1.9699737094924785e-06,434.30720722675323,179.37396150827408,0.0001671720965532586,435.85832907259464,187.46268671751022,0.9046797752380371,435.4354224205017,197.54173278808594,5.4514048315468244e-06,445.75405156612396,346.91566729545593,2.7598193810263183e-06,424.8502748012543,192.9118676185608,0.00015796677325852215,433.8237991333008,198.0739312171936,0.12872591614723206,431.1342589855194,194.8143653869629,2.566328475950286e-06,440.2947201728821,193.1627697944641,0.00025327372713945806,433.41750288009644,191.83511447906494,0.024055421352386475,431.6488013267517,192.84196376800537,2.155040192519664e-06,440.66042613983154,336.3196156024933,0.9987607002258301
772,441.0984756946564,349.11016595363617,1.0289347756042844e-06,445.21512496471405,180.92102527618408,1.0382524123997428e-05,443.86684088408947,185.23460936546326,0.0023975952062755823,443.51779744029045,195.5112564265728,4.515439741226146e-06,441.43012380599976,348.35448810458183,1.5755663298477884e-06,434.7288074493408,178.8580745458603,0.0003322670527268201,436.06717974692583,186.95194041728973,0.28941506147384644,434.90179920196533,196.19240859150887,1.562164834467694e-05,433.481595993042,184.23837876319885,5.944704753346741e-06,425.7621409893036,190.45835757255554,0.0008241817122325301,431.7354714870453,195.21963000297546,0.22068652510643005,429.6446908712387,193.66555786132812,2.460337600496132e-05,439.44306993484497,189.78079295158386,0.001422025845386088,437.4140009880066,190.44107961654663,0.4771985411643982,432.0837450027466,190.70684003829956,2.0879218936897814e-05,440.8613088130951,335.49676036834717,0.9969879984855652
773,441.5002164840698,348.6667311191559,2.2002329842507606e-06,441.90119075775146,344.2676475048065,6.31784814686398e-07,443.99858998903073,184.039293050766,0.0007871317211538553,444.4862263202667,193.29779028892517,3.205288066965295e-06,440.52732825279236,347.97580070979893,3.414485036046244e-06,437.0507653951645,172.40284553170204,8.101505227386951e-05,435.73805436491966,181.61317372322083,0.5638650059700012,444.0230321325362,193.56955528259277,3.0549483653885545e-06,445.61667835712433,346.3745665550232,4.800470378540922e-06,432.652090549469,189.01988315582275,0.00010078682680614293,437.28968262672424,191.8751950263977,0.03831341862678528,437.79537057876587,344.4802243709564,2.9653294859599555e-06,444.81804955005646,186.7298939228058,0.0029194175731390715,440.7707996368408,187.3335084915161,0.02506587654352188,442.9086869955063,188.99320369958878,2.463036935296259e-06,440.3497939109802,336.60605454444885,0.99883633852005
774,441.2714538574219,348.8445813655853,3.6295764402893838e-06,442.1919963359833,344.46292424201965,1.030621092468209e-06,443.7168937921524,182.38440418243408,3.144609081573435e-06,439.768262386322,344.91569447517395,1.9878646071447292e-06,441.10117506980896,348.02556488104165,4.949160938849673e-06,444.781427025795,347.62697115540504,1.2093315717720543e-06,436.666916847229,179.17966359853745,0.000496485794428736,440.8474061489105,343.8203954696655,1.5242890185618307e-06,446.13328528404236,346.6176861524582,6.60776458971668e-06,433.9613654613495,186.06791186332703,0.00027046757168136537,437.54006457328796,188.47868731617928,0.008189303800463676,438.6771631240845,344.36263251304626,4.6266172830655705e-06,439.73936462402344,183.33476400375366,0.0032127394806593657,438.05726766586304,183.3953070640564,0.008126507513225079,442.78780114650726,344.3618814945221,1.7940615180123132e-06,441.5379991531372,336.4283902645111,0.9979879856109619
775,441.0986843109131,348.4300523996353,5.012386736780172e-06,441.662561416626,343.97425079345703,1.5404810937980074e-06,442.4745856523514,175.59415316581726,9.207527909893543e-06,426.41822576522827,347.7156374156475,6.15066437603673e-06,440.203209400177,347.7135536968708,8.745552804612089e-06,444.52616012096405,347.4095233678818,2.767842943285359e-06,440.34297037124634,177.1854691505432,0.00023867048730608076,442.03769969940186,184.60560011863708,4.0972422539198305e-06,444.7928276062012,345.58622574806213,1.2455545402190182e-05,440.76413774490356,344.7118844985962,2.1416335584945045e-05,439.3729648590088,186.196284532547,3.380318230483681e-05,436.56800174713135,343.93436336517334,1.3349503205972724e-05,433.78813910484314,336.76086926460266,0.00018275408365298063,439.46174716949463,178.48338913917542,0.08005870133638382,434.52516281604767,337.4234735965729,3.5496145756042097e-06,439.1624445915222,336.1761565208435,0.9999587535858154
776,441.28976821899414,348.42090874910355,3.442755314608803e-06,441.98436856269836,344.05331230163574,1.325347511738073e-06,442.2663744688034,173.56532883644104,1.4717618796566967e-05,439.6314101219177,344.40581345558167,2.5765425561985467e-06,441.1473186016083,347.6294030845165,6.342233518807916e-06,444.8548042178154,347.7554990053177,1.8172099771618377e-06,443.38176679611206,174.43848609924316,1.7703652702039108e-05,440.7188718318939,343.13246297836304,2.3622637854714412e-06,445.1776885986328,346.45892918109894,8.774500201980118e-06,440.8834524154663,344.558230638504,1.707549745333381e-05,439.40634965896606,180.9991910457611,3.9080161513993517e-05,437.5805997848511,343.8069725036621,9.054938345798291e-06,434.4500184059143,335.7334666252136,0.00020047246653120965,439.456595659256,176.8345444202423,0.8605440855026245,434.5791560411453,337.26965618133545,2.044843313342426e-06,440.2877666950226,335.5099849700928,0.9999407529830933
777,441.3322126865387,348.76205611228943,2.905854216805892e-06,442.1428790092468,344.3210299015045,8.27600842967513e-07,441.64391231536865,171.1931836605072,2.7305321737003396e-07,439.52706575393677,344.14608669281006,1.4228548934624996e-06,440.8969581127167,347.5474674105644,4.669022473535733e-06,444.5966774225235,347.1152620315552,1.032327759276086e-06,444.4382257461548,345.1074867248535,4.7547800363645365e-07,440.66718578338623,343.1055836677551,1.1702178426276078e-06,445.34635841846466,346.1435203552246,6.213197593751829e-06,441.2779629230499,344.2096881866455,1.155578502221033e-05,440.2809317111969,177.00164604187012,1.1525827176228631e-05,437.8842673301697,343.69026613235474,7.123506748030195e-06,433.667711019516,336.4365315437317,8.035506471060216e-05,439.8518319129944,173.15151739120483,0.0031584848184138536,441.68280386924744,344.12288665771484,1.1316662948956946e-06,439.79250955581665,335.90330600738525,0.9992536902427673
778,437.8421883583069,328.66981410980225,5.638279162667459e-06,441.98816871643066,344.42875623703003,1.3537749055103632e-06,438.7642135620117,330.5239233970642,8.135432949529786e-07,439.9246287345886,345.01784443855286,2.5415852178412024e-06,440.9840941429138,347.43560338020325,6.339126230159309e-06,444.6138055920601,347.67748805880547,1.7260169897781452e-06,444.66731584072113,344.9707531929016,8.850041126606811e-07,440.6190392971039,343.4126195907593,2.08184997063654e-06,444.9465768933296,346.2261835336685,8.064442226896062e-06,438.9915244579315,171.3970759510994,3.703262336784974e-05,441.52970719337463,174.29430770874023,7.25780000720988e-06,437.811975479126,343.97387981414795,8.103050276986323e-06,434.8664767742157,336.368789434433,0.00017945232684724033,440.397008895874,168.06402468681335,0.006279431749135256,434.5343859195709,337.04636788368225,3.4719678296823986e-06,440.6306984424591,336.28066396713257,0.9999620914459229
779,441.1362473964691,348.43989980220795,2.5246315544791287e-06,442.33536422252655,344.4598436355591,9.37064214667771e-07,438.6273112297058,330.3966348171234,3.7848701595066814e-07,439.90484857559204,344.3831133842468,2.2446579350798856e-06,441.41049098968506,347.7232583165169,5.276371666695923e-06,444.8470577597618,347.79850673675537,1.124479808822798e-06,444.8958440423012,345.26343274116516,4.5933489900562563e-07,440.46393513679504,343.1934518814087,1.4564744788003736e-06,445.65909945964813,346.04716360569,7.242119409056613e-06,441.14381289482117,344.161593914032,2.1062829546281137e-05,437.5708255767822,346.3851772546768,3.4774855066643795e-06,437.50900650024414,344.03835916519165,5.721582056139596e-06,434.6663808822632,336.07337641716003,0.0005277181044220924,441.50468397140503,336.22349667549133,4.603699380822945e-06,434.8203308582306,336.72051191329956,2.5537406145303976e-06,440.5956037044525,335.45150899887085,0.9998006224632263
780,440.71101570129395,348.30530002713203,4.556391559162876e-06,441.8130609989166,343.9444851875305,1.6626494243610068e-06,440.61829590797424,340.7216157913208,1.948516938909961e-07,427.03295063972473,347.9803860913962,1.2684212379099336e-05,440.4787046909332,347.2807422876358,1.1240832463954575e-05,444.5325949192047,346.81356251239777,2.9595798878290225e-06,443.8586490601301,345.25630831718445,1.8725445443124045e-06,423.7545962333679,347.63022235035896,9.138568202615716e-06,444.62062925100327,345.02185010910034,1.213248833664693e-05,440.7441818714142,345.0307846069336,2.2358117348630913e-05,436.4127278327942,346.3318030834198,4.07821016779053e-06,436.60052156448364,343.91777658462524,1.4893602383381221e-05,432.9379506111145,341.50999784469604,7.956405897857621e-05,442.20693159103394,158.56287908554077,0.0001840242912294343,440.08943462371826,344.3091561794281,3.4023632906610146e-06,440.10945749282837,335.6717953681946,0.9998657703399658
781,441.36474442481995,348.68667155504227,3.50988375430461e-06,441.86869263648987,344.04312562942505,1.7685244984022574e-06,439.57657051086426,329.91944456100464,3.9449579958272807e-07,426.7046638727188,347.9901269702241,1.5938641809043474e-05,440.1656770706177,347.2441017627716,9.411854080099147e-06,444.71027421951294,347.1458863019943,2.9313696359167807e-06,444.0920273885131,345.31029200553894,1.3838646282238187e-06,423.87899351119995,347.4706094264984,1.5857211110414937e-05,444.31896486878395,345.66761541366577,1.0355875019740779e-05,440.58913254737854,344.8958806991577,1.8946257114293985e-05,436.3501191139221,346.31715297698975,3.991953690274386e-06,436.9154677391052,343.9224262237549,1.676341526035685e-05,432.5802025794983,336.7815706729889,0.00016965370741672814,440.6502757072449,335.958598613739,5.516989858733723e-06,433.0480623245239,337.568806886673,3.1097727060114266e-06,438.3969841003418,335.52483081817627,0.999957799911499
782,437.6944479942322,329.61205673217773,7.022558293101611e-06,442.0585170984268,344.50247955322266,7.102526637936535e-07,439.5529294013977,330.5137230157852,2.9736759188381257e-07,426.3595587015152,346.5411946773529,1.90107984963106e-05,440.0948688983917,347.442263841629,5.146189323568251e-06,444.1211114898324,347.2065513730049,1.1170172911079135e-06,443.51501831412315,345.2189235687256,3.061520601477241e-07,424.0226237773895,346.1330876350403,7.027362244116375e-06,444.58877938985825,345.1819911003113,4.744213129015407e-06,440.2260138988495,344.88330364227295,1.4896372704242822e-05,436.296799659729,345.43503642082214,2.2412014004657976e-06,436.8343458175659,343.6525092124939,8.067150702117942e-06,432.12311577796936,336.4848430156708,0.0003286234277766198,441.01589703559875,335.89566707611084,1.2241435797477607e-05,431.0042254924774,335.62277603149414,4.791670107806567e-06,438.92645621299744,335.3374457359314,0.999984860420227
783,437.7288932800293,329.91587805747986,1.2788005960828741e-06,442.39339077472687,344.5710837841034,4.336243648594973e-07,438.8855662345886,330.4668610095978,8.266434292636404e-08,426.2180643081665,346.26967763900757,1.3899541499995394e-06,440.40226340293884,347.4649279117584,2.597166485429625e-06,443.959494728595,347.4245717525482,5.38351628165401e-07,443.867687985301,345.29266238212585,1.677430958579862e-07,423.50222063064575,346.18071365356445,6.186209589031932e-07,444.76555222272873,345.76954078674316,2.7116559522255557e-06,440.8119547367096,344.5330617427826,6.095482603996061e-06,436.8815369606018,345.03846502304077,8.435408176410419e-07,436.9926013946533,343.26160955429077,3.551426516423817e-06,432.04146099090576,336.28848814964294,8.065638394327834e-05,440.9617006778717,335.7105436325073,2.7324288112140493e-06,433.26128697395325,336.8542718887329,1.464439833398501e-06,438.92710971832275,334.8187599182129,0.9998575448989868
784,438.7266631126404,328.80403661727905,1.1181546142324805e-05,439.46393632888794,328.18465924263,1.0186761301156366e-06,421.36680793762207,332.23990043997765,1.1731431186490227e-06,426.5554428100586,346.97418677806854,6.149611726868898e-05,440.0390167236328,347.8146868944168,5.745362159359502e-06,444.0015245117247,347.27038311958313,1.2371378943498712e-06,443.03275007009506,344.98911714553833,4.987526267541398e-07,423.43101358413696,345.9439949989319,5.035524009144865e-05,444.3716580569744,345.6841766834259,4.775380148203112e-06,440.30540013313293,344.74153995513916,7.65146887715673e-06,436.60748529434204,345.3765022754669,1.847290036494087e-06,436.45904636383057,343.1856770515442,8.722380698600318e-06,432.11170077323914,336.5909414291382,0.00026845160755328834,440.87555289268494,335.65080165863037,1.240762594534317e-05,430.4168207645416,335.56266832351685,1.1595791875151917e-05,438.838760137558,335.00166845321655,0.9999964237213135
785,439.2648391723633,329.38836145401,1.7737907910486683e-05,442.07592260837555,344.15728855133057,1.9674821487569716e-06,421.67720127105713,331.0121178627014,1.4037938171895803e-06,426.46343100070953,346.67574417591095,5.7993860536953434e-05,439.70667934417725,347.55962547659874,1.3772086276730988e-05,444.0242618378252,347.09005135297775,3.357428113304195e-06,443.29744148254395,345.5012049674988,1.2042859225402935e-06,423.57206773757935,345.9420373439789,6.22309380560182e-05,444.4068635702133,345.5810124874115,1.2784718819602858e-05,440.5012090206146,344.74163031578064,2.194515946030151e-05,436.6781144142151,345.36747574806213,5.165247330296552e-06,435.9957160949707,343.84561014175415,4.584042835631408e-05,431.4747381210327,335.9346537590027,0.0001906131365103647,440.69838976860046,334.9269242286682,1.3515556929633021e-05,430.06247782707214,335.6854853630066,1.693481499387417e-05,437.79113352298737,334.5528573989868,0.9999994039535522
786,439.3104290962219,329.3880994319916,3.173487129970454e-05,440.15094780921936,328.2591745853424,2.592380724308896e-06,422.1592674255371,336.899316072464,1.6078770386229735e-06,425.04214429855347,347.51169338822365,0.00011728000390576199,436.65615701675415,329.69717288017273,2.3077991500031203e-05,443.97552856616676,347.6608301103115,3.784971113418578e-06,427.96916311979294,330.9937834739685,1.184695292977267e-06,423.91422176361084,346.085777759552,0.00010112308518728241,443.80774280428886,346.0804007053375,1.357145720248809e-05,443.14268440008163,337.3131959438324,2.4655708330101334e-05,423.47426986694336,350.3389835357666,7.994675797817763e-06,436.58666801452637,343.2810344696045,5.500245242728852e-05,431.3159251213074,342.1050868034363,0.00024671811843290925,440.2462487220764,335.20054626464844,1.7025513443513773e-05,429.4696851968765,336.66981172561646,2.6025445549748838e-05,436.51837235689163,334.6906762123108,0.9999998807907104
787,439.79739236831665,329.7891528606415,1.1212053323106375e-05,440.6937642097473,328.75326919555664,1.4272579846874578e-06,421.0756549835205,331.2851884365082,1.5484688447031658e-06,425.04043340682983,347.25627928972244,3.510812530294061e-05,437.98382329940796,329.5434341430664,1.2924702787131537e-05,444.1074117347598,347.53003573417664,8.921128937799949e-07,444.0421186760068,330.29788541793823,6.280380944190256e-07,424.371942281723,346.10107374191284,2.501243943697773e-05,442.1512340307236,330.08696389198303,5.5929776863195e-06,442.8719918727875,337.3230571746826,1.014228655549232e-05,438.8919825553894,337.47059893608093,2.0725531157950172e-06,437.18608808517456,343.3436527252197,1.2727652574540116e-05,431.29767990112305,342.1640992164612,5.9016772866016254e-05,440.5435314178467,334.7339038848877,4.257922228134703e-06,433.16623425483704,336.565536737442,1.4950053810025565e-05,436.81179970502853,335.12440967559814,0.9999991655349731
788,439.4950022697449,328.80862045288086,1.0773825124488212e-05,440.5318217277527,328.61228799819946,9.268388225791568e-07,421.66617584228516,329.5611846446991,1.1290005659247981e-06,424.7745130062103,345.8754289150238,1.254581547982525e-05,436.3996596336365,328.6136667728424,1.271033124794485e-05,440.1928753852844,330.48785877227783,6.192341288624448e-07,426.28727650642395,331.2435756921768,1.4897813116476755e-06,422.7604236602783,345.29739809036255,0.0004745637997984886,441.797150850296,328.8901038169861,4.698834345617797e-06,439.99574279785156,333.00717175006866,4.307074050302617e-06,421.7915072441101,349.21989846229553,2.155330093955854e-06,437.8731532096863,333.71341729164124,6.555017534992658e-06,431.713529586792,333.52820360660553,4.6793793444521725e-05,438.37330293655396,329.7630259990692,3.756738124138792e-06,427.99964190111496,335.6813449859619,4.9291511459159665e-06,435.1507896184921,334.56778025627136,0.9999983310699463
789,440.3340528011322,330.38489532470703,1.1584429557842668e-05,440.9086549282074,328.6681225299835,2.3095874439604813e-06,422.3626766204834,329.994747877121,3.6266626466385787e-06,426.48718643188477,336.79113245010376,1.2155743434050237e-06,436.68125343322754,328.91398000717163,2.474047869327478e-05,441.3871200084686,330.6313112974167,1.5391667602671077e-06,428.8123341202736,330.666623711586,3.297309831395978e-06,424.58920073509216,332.0101810572669,1.695209562058153e-06,441.04128646850586,332.4909616112709,8.213763976527844e-06,439.97601318359375,333.77035200595856,4.969578640157124e-06,425.3070375919342,337.8704218864441,9.579059224051889e-06,438.9990801811218,332.72443640232086,1.6836231225170195e-05,425.31213760375977,337.12560987472534,3.907077189069241e-05,435.4331353902817,330.3785854578018,3.921341431123437e-06,432.28199315071106,330.7029918432236,1.5804673239472322e-05,435.0975450873375,334.444776058197,0.9999995231628418
790,423.15603256225586,327.8395137786865,2.0105251678614877e-05,421.7522888183594,327.0416536331177,2.9209297736088047e-06,421.44475746154785,329.84214973449707,3.957474746130174e-06,425.4563841819763,336.65557956695557,4.256314696249319e-06,436.3960771560669,328.1444184780121,2.545962888689246e-05,441.59424591064453,330.0272662639618,2.68125836555555e-06,438.30174708366394,328.3566565513611,5.357244390324922e-06,424.5023090839386,331.6863725781441,1.4848624232399743e-06,440.2266206741333,332.456250756979,1.2562552910821978e-05,433.67820954322815,330.93977427482605,8.65043512021657e-06,433.2709074020386,334.8589041233063,2.291677265020553e-05,439.19993448257446,331.983901463449,3.330322579131462e-05,425.4679081439972,335.7154326438904,0.0006080008461140096,435.2699955701828,330.0670689344406,8.355818863492459e-06,433.19429063796997,330.55683612823486,1.6519319615326822e-05,434.65181934833527,333.5619888305664,0.9999994039535522
791,424.6481046676636,329.1185839176178,2.5792837732296903e-06,422.8938879966736,326.96028232574463,3.4779486668412574e-07,422.62113523483276,329.3265428543091,1.4792271940677892e-06,422.87187337875366,344.3579366207123,7.205478027572099e-07,423.6623339653015,329.8484880924225,9.047886351254419e-07,427.5967076718807,329.3492991924286,1.5572000222618954e-07,428.37246400117874,330.59138894081116,5.086269538878696e-07,424.5599572658539,344.05208015441895,5.915923679822299e-07,427.41029185056686,329.72768115997314,1.7795026678868453e-06,425.92041420936584,341.89193534851074,2.144972768292064e-06,424.5972752571106,340.0599991232157,3.864219252136536e-06,424.61484956741333,332.9551414847374,1.5917626114969607e-06,423.6854362487793,335.8119740486145,6.506501813419163e-05,426.1858193874359,335.96174144744873,1.6847512824824662e-06,426.71497428417206,337.1693458557129,5.860443934579962e-07,431.5248456001282,333.5221700668335,0.9999740123748779
792,424.72722864151,330.00717198848724,2.626896730362205e-06,422.5289044380188,327.1695775985718,1.7680994233160163e-06,423.0650706291199,328.7739460468292,2.6397044621262467e-06,425.0916111469269,334.8505802154541,1.7690017557470128e-06,423.24420976638794,329.8356966972351,2.836843577824766e-06,426.83841156959534,329.4830467700958,1.2989398783247452e-06,428.01055319141597,330.3699916601181,1.4297332882051705e-06,423.9159502983093,329.69108486175537,2.1135323891030566e-07,426.82478654384613,328.1967406272888,3.833935807051603e-06,423.4686107635498,337.33336091041565,3.49417337019986e-06,422.1080536842346,338.879998922348,1.6035195585573092e-05,423.3822340965271,332.9338517189026,3.221487304472248e-06,419.83746153116226,335.5837001800537,0.002107100561261177,424.28693747520447,335.254807472229,3.5551470318750944e-06,423.2011842727661,331.68931272625923,3.993021095993754e-07,425.86732006073,334.53934597969055,0.9995924830436707
793,425.50521659851074,330.1440143585205,4.4693447875943093e-07,423.5874972343445,327.33718252182007,9.080769700631208e-07,423.7208323478699,328.1946258544922,1.0556301504038856e-06,426.0532476902008,333.6913766860962,2.8809873242607864e-07,424.1639983654022,329.1888208389282,8.621245228823682e-07,427.248490691185,328.89008593559265,3.5967619282928354e-07,428.61790376901627,329.7225651741028,2.92005580604382e-07,425.0745003223419,329.7594199180603,7.246799782478774e-08,427.85889460146427,328.0489819049835,1.0177527656196617e-06,423.0676431655884,332.61514669656754,7.712338288001774e-07,420.769029378891,340.8427624106407,1.8435770471114665e-05,425.4965636730194,331.5838896930218,7.478740826627472e-07,420.21061082184315,334.2212128639221,1.2305928066780325e-05,425.29453897476196,331.50180292129517,2.1461175947479205e-07,424.3667142391205,329.9471426010132,1.487467216065852e-07,425.82042598724365,334.1835355758667,0.981589138507843
794,424.9613447189331,332.43963515758514,5.0843400600797395e-08,425.18512868881226,330.01138937473297,1.5387264795663214e-07,424.2683596611023,329.13881182670593,2.301573687191194e-08,426.27856731414795,332.0913497284055,1.3845330215644935e-08,423.7268400192261,330.88481616973877,1.4737298670297605e-07,426.7780488729477,329.5032362937927,4.771423078864245e-08,429.081755399704,330.79178035259247,6.764014237603533e-09,424.9355571269989,328.8251895904541,2.177888314136567e-09,427.7930763363838,329.01493549346924,1.1869237681594313e-07,424.8919472694397,332.48591327667236,1.121250861046974e-07,420.58987271785736,340.94731563329697,1.2237850341989542e-06,426.2531522512436,330.9051260948181,1.607731263675305e-07,420.5291074514389,336.1403076648712,2.184508048230782e-06,425.242956161499,330.9575288295746,5.561453519931092e-09,423.5941700935364,330.5145214796066,3.542817594848202e-09,424.2191791534424,335.70810532569885,0.060979440808296204
795,426.7668408155441,318.4015967845917,4.289124166945157e-09,412.3243165612221,335.25610542297363,6.815442077368061e-08,422.98979568481445,329.8554513454437,7.058831852368996e-10,425.75319266319275,333.07427501678467,9.873577511143594e-10,426.13250482082367,318.83573722839355,3.368866785535829e-08,428.25143125653267,329.8214683532715,4.582080048720627e-09,429.39656364917755,332.55146116018295,6.63470112183262e-10,-0.6050195693969727,1.2409143447875977,3.9253933437066735e-10,430.8300633430481,318.9718964099884,1.5084820503830088e-08,426.21626341342926,331.4834612607956,5.354379606359316e-09,426.68346667289734,334.4564242362976,1.3697624012820597e-07,426.2201119661331,331.8232603818178,1.4484618837684593e-08,422.1355845928192,330.35780584812164,7.171038163278354e-08,2.335110664367676,-1.5360841751098633,3.1046912263299475e-10,428.5990509390831,324.87191861867905,1.4057749408991072e-09,425.46588039398193,336.0291543006897,0.0002642481995280832
796,-1.931778907775879,94.38971495628357,1.7289001827403006e-11,427.48590993881226,321.2231683731079,8.955351737949258e-11,198.18053579330444,2.2522358894348145,8.81000220692707e-12,-0.5415210723876953,394.3787612915039,2.4975351647915645e-11,-1.7951664924621582,398.5060131549835,9.510371379306548e-10,1.8390772342681885,-6.317731857299805,3.277689453184962e-09,6.930802822113037,399.37874698638916,4.788084373430479e-10,-0.3741631507873535,1.2184245586395264,3.685955429766352e-10,-0.6883397102355957,399.5643322467804,2.683245015067115e-10,-5.076168060302734,-4.6661481857299805,2.3864625553482455e-11,432.5491900444031,327.683956861496,6.653799178302222e-10,428.95402109622955,325.41052174568176,2.9371071547101835e-11,425.92507886886597,330.5334688425064,8.735833723072517e-10,2.0282602310180664,-1.7066760063171387,2.501302498458813e-10,-2.180891990661621,384.8016927242279,1.208039002165151e-09,437.74095940589905,323.8290268033743,4.85414552997554e-09
797,-2.2898993492126465,190.21083521842957,1.750237801911858e-11,424.51874685287476,332.77662312984467,8.426970926622701e-11,-8.35588264465332,-0.9969496726989746,1.2838762171452078e-11,-0.7468595504760742,394.5467884540558,2.7775051356093705e-11,-1.6760144233703613,398.78352403640747,1.010184491612165e-09,1.7450318336486816,-6.501764297485352,3.388604730147904e-09,6.75089430809021,399.2779824733734,3.947497329015448e-10,-0.43706798553466797,0.8590402603149414,4.859359026276877e-10,-0.7334327697753906,399.50213098526,3.0555780128338483e-10,-5.260896682739258,-4.438408851623535,2.74745122486042e-11,430.71697068214417,332.49130284786224,4.459164149039907e-10,4.400191903114319,-6.346458435058594,3.020225736172222e-11,436.82306432724,314.76874911785126,1.5099350658687172e-09,2.1406776905059814,-1.7076315879821777,2.742117921616938e-10,-1.8699688911437988,384.89827942848206,9.65685864606769e-10,436.9264006614685,320.57338094711304,2.2031152457913095e-09
798,-1.729166030883789,157.9706608057022,2.8681060998403396e-11,-2.8246517181396484,392.6813371181488,3.529587733197559e-11,198.20544338226318,2.164785861968994,1.0828987012656555e-11,-0.4484128952026367,394.13116443157196,2.0077599305334815e-11,-2.17612361907959,132.85664749145508,7.957056680218955e-10,2.1047122478485107,-6.725951194763184,2.9927667011264703e-09,6.628345727920532,399.3404905796051,3.777686219397225e-10,-0.44920825958251953,1.454061508178711,2.4386623276306807e-10,-0.9726033210754395,399.55682730674744,1.746783551137554e-10,-4.949713706970215,-4.032427787780762,1.8683851341072533e-11,3.882037602365017,-1.8845877647399902,9.007566220686769e-11,196.9833503961563,-4.308042526245117,2.5975556774970876e-11,436.93439108133316,310.53136348724365,1.7608429991877728e-10,1.9095497131347656,-1.7518930435180664,2.2858175074969012e-10,-1.8063106536865234,384.60405707359314,7.923616762717245e-10,-2.958301067352295,9.969373226165771,5.453894003082382e-10
799,-1.4721922874450684,142.23523688316345,2.0084187785096574e-11,-2.661890983581543,392.754949092865,4.754500265713446e-11,118.85401391983032,3.1221421360969543,8.583312879895111e-12,-0.5707402229309082,394.2017590999603,2.3124387821260584e-11,-1.7749691009521484,398.9110496044159,8.715795307701057e-10,2.0915403366088867,-6.691530227661133,3.976510676295675e-09,6.822183132171631,399.5130729675293,4.386909169262765e-10,-0.5211982727050781,0.7806317806243896,3.905431533723913e-10,-0.9299502372741699,399.9191596508026,2.3542828797573634e-10,-4.998325347900391,-4.687865257263184,3.030572320872338e-11,4.5610275864601135,-1.5058412551879883,2.2351460959857405e-10,3.94982598349452,-6.0640411376953125,4.7762967192443995e-11,-2.493957042694092,3.7961384803056717,2.8888222369793937e-10,2.127703905105591,-1.5284695625305176,3.4532954273913674e-10,-1.5715913772583008,384.17683696746826,9.804780320976647e-10,-2.5891976356506348,9.176453590393066,6.593801060716942e-10
800,-1.4300384521484375,158.06719279289246,2.062622295184724e-11,-2.937753200531006,392.87306356430054,3.61962820827344e-11,-8.52066421508789,-0.282010555267334,6.457779189866786e-12,-0.6445674896240234,394.2595788240433,1.5121123103645218e-11,-1.8420233726501465,399.1968023777008,6.983823519490784e-10,1.9399657249450684,-6.394479751586914,3.012295302085022e-09,6.786732196807861,399.54769468307495,3.4813163463098817e-10,-0.4278092384338379,1.3890271186828613,3.090016298390452e-10,-1.0410709381103516,399.8920934200287,1.7650463035590036e-10,-5.3469438552856445,-4.066817283630371,2.1691844501181556e-11,4.171597331762314,-1.7635622024536133,9.300023251501699e-11,4.357606619596481,-6.515519142150879,2.2394764861988214e-11,-2.1870923042297363,4.727701485157013,1.6575162076204464e-10,1.9185161590576172,-1.611833095550537,2.4674176590799846e-10,-2.241856098175049,384.2120032310486,4.783045626233218e-10,-2.480746269226074,9.953267097473145,5.762514354579196e-10
801,-1.6342105865478516,142.09409976005554,3.0040699094957546e-11,-3.898592948913574,140.16687236726284,3.428511988201599e-11,198.25460958480835,1.9420552253723145,1.698930406079935e-11,-0.8324775695800781,394.54527497291565,1.5816003021140723e-11,-2.355069637298584,149.05214881896973,8.372040283255444e-10,1.8941562175750732,-6.493927955627441,2.519407793499795e-09,6.73309850692749,399.40284538269043,2.854877723112992e-10,-0.4902992248535156,1.0746617317199707,3.4366912093908297e-10,-0.7089066505432129,399.95242834091187,1.61170063406324e-10,-5.288058280944824,-4.326688766479492,1.8710205260119572e-11,4.124002777040005,-1.9462018013000488,7.544586483332338e-11,212.68669855594635,-4.004011154174805,3.024289499387045e-11,-2.535325527191162,4.93760484457016,1.4817777560516276e-10,2.1068336963653564,-1.8962054252624512,2.0623520946561058e-10,-1.9780116081237793,384.4151039123535,3.9759018299889703e-10,-2.4931373596191406,9.77168321609497,5.723780893696073e-10
802,-1.510575294494629,157.96175861358643,2.086633470177457e-11,171.6321637928486,66.51946592330933,5.928708218805312e-11,119.31247091293335,2.992776870727539,9.543687888580177e-12,-0.7604594230651855,394.46617352962494,1.9839791268183582e-11,-2.136068344116211,148.93623447418213,7.287613845718965e-10,1.349874496459961,-6.847883224487305,3.0567803843695174e-09,7.050215482711792,399.5806555747986,3.1503305519819946e-10,-0.5420660972595215,1.195688009262085,3.1741789752182115e-10,-0.5872478485107422,400.1101222038269,1.595362175699222e-10,-5.089231491088867,-4.205926895141602,2.2748124564597738e-11,3.9581122286617756,-1.84893798828125,1.172343611077764e-10,3.962094858288765,-6.3059539794921875,3.4373975887902475e-11,-2.4617996215820312,4.4712479412555695,2.1829442420351342e-10,2.299386978149414,-1.7992749214172363,3.3042454883336347e-10,-2.089395523071289,384.33753728866577,4.762708005756622e-10,-2.944925308227539,9.076496601104736,5.177567818925866e-10
803,-1.6727643013000488,142.0305163860321,2.632494569554389e-11,-2.712407112121582,392.66377305984497,3.925024541495681e-11,-7.908864974975586,-0.8197193145751953,6.624730278237401e-12,-0.6588582992553711,394.4767668247223,2.245353208918388e-11,-2.0307765007019043,148.67358112335205,8.630090531092094e-10,2.264122247695923,-6.654422760009766,3.872071108190767e-09,6.8653600215911865,399.26296210289,4.95756491414312e-10,-0.5300216674804688,1.0615479946136475,4.026890765285174e-10,-1.001659870147705,399.57507705688477,2.0805222822328773e-10,-5.04250431060791,-4.450644493103027,2.6752768403359717e-11,4.113464213907719,-1.4895744323730469,1.794795284615347e-10,4.1063739731907845,-5.984735488891602,5.338965033963028e-11,-2.351135730743408,4.012802626937628,2.9591284977925625e-10,2.1168376207351685,-1.5035080909729004,3.4725161635051904e-10,-1.9651427268981934,384.3726725578308,6.926897944126154e-10,-2.7445321083068848,9.30103874206543,7.223387998855912e-10
804,-1.6036372184753418,142.1096510887146,2.0563883929014537e-11,140.6206737756729,64.9605941772461,5.052304755115422e-11,-8.011758804321289,-0.4075813293457031,7.86827721033223e-12,-0.3981313705444336,394.36578273773193,2.83509726112241e-11,-2.047234058380127,398.9250497817993,9.51115186609286e-10,2.653676986694336,-6.653190612792969,3.9517180638881655e-09,6.957509279251099,399.3279814720154,5.78385506155854e-10,-0.5590014457702637,1.0793747901916504,4.4066925108943167e-10,-0.673576831817627,399.4780435562134,2.392009645912907e-10,-5.208732604980469,-4.548336982727051,3.4141293958622754e-11,4.280004680156708,-1.6464219093322754,1.9748397361851744e-10,4.178032785654068,-5.683747291564941,5.6718199581418105e-11,-2.4662837982177734,4.152831092476845,3.010547644510808e-10,2.3438210487365723,-1.610762596130371,3.26366433878178e-10,5.05558717250824,391.7836833000183,7.515520428214018e-10,-2.751861095428467,9.335083961486816,9.502411080219986e-10
805,-2.253394603729248,110.58514404296875,2.7380292477729995e-11,-2.5380406379699707,392.63478899002075,6.292338178282009e-11,198.42832279205322,2.3727256059646606,1.3953766961338765e-11,-0.42945146560668945,394.2841501235962,3.567006412463769e-11,-1.79856538772583,398.8303232192993,1.0858760557397318e-09,1.9536585807800293,-6.743231773376465,3.4352376498958392e-09,6.857769966125488,399.2787470817566,5.645497958006729e-10,-0.4767313003540039,1.0258808135986328,4.943778164623325e-10,-0.7131905555725098,399.3719880580902,3.290585304238647e-10,-5.02133846282959,-4.676226615905762,2.8903142032521423e-11,4.113928683102131,-1.877065658569336,1.548137174012254e-10,4.728295624256134,-6.2547712326049805,4.48025366805993e-11,-2.4395012855529785,4.506717205047607,2.967131540465573e-10,2.4424242973327637,-1.7321443557739258,3.670058978944013e-10,-1.9754290580749512,384.7418797016144,1.1074092753915465e-09,-3.0009613037109375,9.132539749145508,6.86332490840158e-10
806,-2.043745517730713,190.0003719329834,3.28455769527114e-11,-2.6684651374816895,392.6774971485138,3.841729365183788e-11,182.28693199157715,2.473318934440613,1.4207094702067824e-11,-0.4499797821044922,394.25454926490784,2.3612970953545975e-11,-1.8059849739074707,116.94476509094238,8.330132694744918e-10,2.289869546890259,-6.561506271362305,4.890939653279247e-09,6.986586093902588,399.3706855773926,4.2565959090801186e-10,-0.520543098449707,0.9933679103851318,5.050910245607554e-10,-0.9996271133422852,399.5531816482544,1.8966797576958072e-10,-5.011368751525879,-4.573053359985352,3.8433197596665636e-11,4.314310222864151,-1.4714388847351074,2.5806287662355487e-10,4.103036150336266,-5.855727195739746,7.596670514864456e-11,-2.4240856170654297,3.79437592625618,3.8359321274938907e-10,2.2209279537200928,-1.3327503204345703,4.366149108925299e-10,-1.5676665306091309,384.4043366909027,7.536938295693574e-10,-2.501005172729492,9.237573623657227,9.078443552468229e-10
807,-1.6581597328186035,205.94601678848267,1.9085745137092935e-11,-3.2349462509155273,392.8067603111267,2.826032637071041e-11,-8.072999000549316,-0.3398580551147461,9.861767652497022e-12,-0.7523469924926758,394.4147517681122,1.5712238801701695e-11,-1.714597225189209,117.03495979309082,7.252628497766977e-10,1.860567331314087,-6.861376762390137,4.105854323199765e-09,6.805106163024902,399.43126702308655,2.3794552439504457e-10,-0.6390390396118164,1.2553739547729492,4.634073957898721e-10,-4.230673789978027,7.982421159744263,1.606403204901241e-10,-4.950132369995117,-4.401569366455078,3.762755731995249e-11,4.134284809231758,-1.9729938507080078,2.0230257746778335e-10,3.911192514002323,-5.812695503234863,6.188394935380259e-11,-2.286228656768799,4.077305823564529,2.9967350823056904e-10,2.1359838247299194,-1.6895461082458496,4.245430951232976e-10,-2.2359910011291504,384.72708344459534,3.896398759195563e-10,-2.8641304969787598,9.020722389221191,8.422830211074483e-10
808,-1.2694106101989746,173.797128200531,3.856221245102098e-11,-3.904684066772461,172.4378538131714,5.025049473750265e-11,-8.559652328491211,-0.656287670135498,7.510081966033422e-12,-0.6990170478820801,394.56944465637207,2.1191213714355506e-11,-1.5203123092651367,180.60091018676758,1.192033138863735e-09,1.6946697235107422,-6.502020835876465,2.8123881001818063e-09,6.794714689254761,399.4010648727417,2.9612629015574043e-10,-0.41841745376586914,1.0385887622833252,3.741174037230621e-10,-0.878026008605957,399.55154275894165,1.9146648155832224e-10,-5.181984901428223,-4.548059463500977,2.121127058718475e-11,4.145144581794739,-1.893216609954834,8.845078836028364e-11,4.637381374835968,-6.274418830871582,2.448677371980068e-11,-2.372070789337158,4.766794204711914,1.7047026290573086e-10,2.047469973564148,-1.817770004272461,2.4122379094215773e-10,-1.9660868644714355,384.7319874763489,5.538575154062642e-10,-2.3397951126098633,9.674710750579834,5.980568817953724e-10
809,-1.875213623046875,190.14660930633545,2.111838134921662e-11,-2.7427239418029785,392.7599551677704,4.629001695843904e-11,182.49985790252686,2.6951398849487305,1.7784851716329264e-11,-0.5580601692199707,394.45302879810333,2.8817490060895068e-11,-1.8715415000915527,399.04366397857666,9.190539440595558e-10,1.9347643852233887,-6.601498603820801,3.310107521414807e-09,6.695539951324463,399.3528788089752,4.785454810196654e-10,-0.4531373977661133,1.1878552436828613,4.155883137624272e-10,-0.6818327903747559,399.67845344543457,2.4503418738497373e-10,-4.895685195922852,-4.289284706115723,2.2369363306129486e-11,3.9194169119000435,-1.6484384536743164,8.773952397955753e-11,4.3477542996406555,-6.306735038757324,2.537668859770026e-11,-2.3203911781311035,4.859853982925415,1.7842655131161678e-10,2.096459150314331,-1.9195313453674316,3.2115338166605056e-10,-2.114954948425293,384.4135162830353,6.237482197413158e-10,-2.526670455932617,9.980567455291748,6.096304017155774e-10
810,-1.4111895561218262,157.7724552154541,1.7519877909544235e-11,-2.6723361015319824,392.5725128650665,6.200967517244749e-11,198.4784460067749,2.779852509498596,8.934191927933988e-12,-0.4284501075744629,394.3647190332413,3.22335144686825e-11,-1.734116554260254,398.7904722690582,1.069612176607393e-09,2.0942161083221436,-6.44581413269043,3.3167812940604335e-09,6.782457113265991,399.2744197845459,5.753376663975018e-10,-0.2911338806152344,1.1768674850463867,3.817276772455358e-10,-0.4553542137145996,399.33603525161743,2.8891417036547296e-10,-5.268895149230957,-4.309535980224609,2.3958803690993236e-11,4.008694970048964,-1.8053722381591797,9.189553284993934e-11,4.575774192810059,-6.324936866760254,2.8175984115308417e-11,-2.224390983581543,4.730774819850922,1.781969849456999e-10,2.0601381063461304,-1.705739974975586,2.69972377786587e-10,-2.0844106674194336,384.67169666290283,1.1091553231423745e-09,-2.3156800270080566,9.805582523345947,7.76256781076512e-10
811,-1.694516658782959,142.0922839641571,1.966603095648889e-11,-2.6105551719665527,392.47059965133667,5.85237622252599e-11,-8.402936935424805,-0.4080181121826172,8.462498930772444e-12,-0.49901294708251953,394.4965720176697,2.9787540489767395e-11,-1.8151016235351562,398.76914978027344,1.0637872804863946e-09,1.9745192527770996,-6.26123046875,3.4017570982314282e-09,7.134001970291138,399.27520871162415,5.678523207208741e-10,-0.4748826026916504,1.1405103206634521,3.855789021400824e-10,-0.5588726997375488,399.6883409023285,2.769085516440839e-10,-5.091402053833008,-4.691862106323242,2.430678228138028e-11,4.076634459197521,-1.931847095489502,1.1984065129144739e-10,4.358173817396164,-6.342434883117676,2.7483211886836223e-11,-2.1443028450012207,4.43275660276413,1.9252774374756143e-10,1.7969036102294922,-1.8222651481628418,3.032452899898175e-10,-2.0018534660339355,384.45157408714294,1.2837844121094122e-09,-2.4613771438598633,9.446556091308594,7.138157287478464e-10
812,-1.8236455917358398,158.14639019966125,2.4304558365884077e-11,-2.8782596588134766,392.4989469051361,3.5371490458846466e-11,103.14922666549683,3.262172043323517,6.41986810934192e-12,-0.37120676040649414,394.0466431379318,1.5186589832905106e-11,-2.0727882385253906,148.95143127441406,7.29683480304999e-10,2.004275918006897,-6.475676536560059,3.0205860035437126e-09,7.035177230834961,399.5475001335144,3.7862632473739666e-10,-0.42246532440185547,1.2868411540985107,3.0946642470830454e-10,-0.8763055801391602,399.8009920120239,2.0079488072255458e-10,-5.178008079528809,-4.170387268066406,2.0244141432645968e-11,3.9747572895139456,-1.8645539283752441,9.073194279229924e-11,4.494480907917023,-6.56410026550293,1.9763047101606368e-11,-2.101595401763916,4.7292845249176025,1.6094579835534972e-10,1.7574715614318848,-1.7640137672424316,2.3056795361853233e-10,-1.7631115913391113,384.61792850494385,9.679392842798507e-10,-2.557919979095459,9.785970211029053,5.716481732420675e-10
813,-1.9862232208251953,94.317462682724,2.3117245964709987e-11,-2.6519293785095215,392.42488169670105,6.254216589063333e-11,-7.872036933898926,-0.9600129127502441,7.405363648682606e-12,-0.5023655891418457,394.14705097675323,3.044924035133789e-11,-1.9450092315673828,100.91282653808594,1.0250049697901886e-09,1.9726269245147705,-6.755031585693359,3.3968226009761793e-09,6.8920300006866455,399.46690940856934,5.378502088149162e-10,-0.3435807228088379,0.8072562217712402,3.440081830508035e-10,-0.801020622253418,399.8873929977417,2.5503882339350525e-10,-5.032817840576172,-4.677761077880859,2.6674756153921564e-11,4.481608837842941,-1.8393278121948242,1.9581003485313886e-10,4.109578110277653,-6.152247428894043,4.4923960385023776e-11,-2.563150405883789,3.7825287878513336,2.730026205099989e-10,1.9561359882354736,-1.6669349670410156,3.149080995967779e-10,-1.9347586631774902,384.41571855545044,1.3744340110477538e-09,-2.7365660667419434,9.178525924682617,5.967852323429668e-10
814,-2.1886963844299316,190.04114437103271,1.9322219171891142e-11,-2.8879475593566895,392.5374553203583,5.78962398856131e-11,182.47613954544067,2.7396219968795776,1.0187630253288837e-11,-0.34001827239990234,394.13540744781494,3.300722889454377e-11,-1.6487131118774414,398.84243273735046,1.110289860051239e-09,1.8370380401611328,393.6150143146515,3.2602998079056533e-09,6.920444488525391,399.26151990890503,6.404806129900464e-10,-0.4814000129699707,1.13747239112854,3.45332845652635e-10,-0.6722064018249512,399.6792662143707,2.950640842769303e-10,-4.986968040466309,-4.643644332885742,2.148378523691985e-11,4.042265310883522,-1.8321971893310547,1.1474580313697302e-10,4.1938242465257645,-6.30980110168457,3.5317623825470434e-11,-2.4385271072387695,4.341094464063644,2.2010100686475909e-10,1.9847097396850586,-1.876175880432129,3.4904118484391233e-10,-1.7604928016662598,384.51258158683777,8.15917167162894e-10,-2.810318946838379,9.276182174682617,5.082686493906863e-10
815,-1.6054439544677734,142.1798553466797,1.872373610323219e-11,-2.8505797386169434,392.60549664497375,7.018271380720975e-11,102.61893892288208,3.180667459964752,1.4689843091941768e-11,-0.2542839050292969,394.246653676033,4.314736415378384e-11,-1.553964614868164,398.65222573280334,1.237321467506547e-09,1.7978813648223877,393.6605887413025,3.5146705545940904e-09,6.751489639282227,399.31443643569946,6.632853710719644e-10,-0.3721275329589844,1.1457140445709229,3.960884398246378e-10,-0.4274158477783203,399.6094491481781,3.617338928396663e-10,-5.039955139160156,-4.421706199645996,2.307548423174932e-11,-1.9503836631774902,398.60308027267456,9.895895214384609e-11,4.294968158006668,-6.194371223449707,2.69844060291069e-11,-2.3412117958068848,4.772756278514862,1.7231102655834718e-10,2.078920006752014,-1.6586241722106934,2.763798634397574e-10,-1.957979679107666,384.7975492477417,1.119476178423895e-09,-2.4366660118103027,9.930574893951416,6.642577043969311e-10
816,-1.8812236785888672,189.85377156734467,1.945438601880234e-11,141.3337413072586,49.67237424850464,2.8550084518741414e-10,198.57107734680176,2.1463080644607544,8.594665777683641e-12,-0.6609182357788086,394.2683609724045,2.465727622080749e-11,-1.7919363975524902,399.11157846450806,8.340276247409406e-10,1.6878540515899658,-6.827231407165527,2.4734361225853263e-09,6.729339838027954,399.41391682624817,4.3075024103167436e-10,-0.4801340103149414,1.4130027294158936,2.749822314296324e-10,-0.7393741607666016,399.5630941390991,2.312166569318208e-10,-5.04811954498291,-4.077996253967285,1.6637805716479548e-11,3.8537451326847076,-1.6637721061706543,7.853227790288742e-11,197.24447977542877,-4.314777374267578,2.670759620404528e-11,-2.185518741607666,4.760753571987152,1.2992089348795588e-10,2.1720986366271973,-1.8762340545654297,2.0834410585646168e-10,-2.0513062477111816,384.81599164009094,5.86065584951001e-10,-2.86301851272583,9.754517078399658,4.669137299018189e-10
817,-1.9093332290649414,110.54441046714783,2.040832954020022e-11,-2.925675392150879,392.75250935554504,5.71271849270083e-11,198.13602113723755,2.36651611328125,1.2405057016329213e-11,-0.46062707901000977,394.2087309360504,2.8785904215844482e-11,-2.084268569946289,116.98691368103027,8.746687263361252e-10,1.8986704349517822,-6.541364669799805,2.647391417198719e-09,6.9296393394470215,399.4517047405243,3.9905423410147023e-10,-0.5144119262695312,1.2785348892211914,2.6702159927616265e-10,-0.7746663093566895,399.53513836860657,2.526986397910491e-10,-5.078977584838867,-4.286871910095215,1.6109528641616855e-11,3.812170386314392,-1.7227387428283691,7.592874939899019e-11,4.432233214378357,-6.660655975341797,1.5331879862912068e-11,-2.2194156646728516,4.751587986946106,1.3727564918131208e-10,1.8770537376403809,-1.9611282348632812,2.2767367158227358e-10,-1.9757561683654785,384.5727536678314,1.0289912255601052e-09,-2.794590950012207,9.91425895690918,4.4869863380370134e-10
818,-1.6143794059753418,174.05275917053223,2.536918938811361e-11,-3.1109914779663086,392.626158952713,4.645576284767472e-11,198.5220866203308,2.4817296266555786,8.232023569754165e-12,-0.6180148124694824,394.1978005170822,2.482674309189914e-11,-1.5224452018737793,398.89850544929504,8.225519154692051e-10,1.8989813327789307,-6.4132890701293945,2.8169673260691752e-09,6.817806720733643,399.4226417541504,4.103777595521052e-10,-0.4697728157043457,1.300208330154419,3.2453148501865314e-10,-0.5624613761901855,399.8662152290344,2.1164765773296068e-10,-5.046379089355469,-4.297429084777832,1.9227845010627576e-11,4.114946246147156,-1.7460517883300781,8.8533659570178e-11,4.410663366317749,-6.292912483215332,2.0315934698422744e-11,-2.4860873222351074,4.771641373634338,1.7078302660955558e-10,1.91434645652771,-1.9243617057800293,1.9567750197957423e-10,-2.148387908935547,384.7928113937378,8.521400252092803e-10,-2.6144237518310547,9.693233013153076,5.726117358051397e-10
819,-1.8562374114990234,190.05506563186646,2.424968906233893e-11,-3.1852049827575684,392.4284303188324,3.9572956023192774e-11,166.25956296920776,2.6134066581726074,6.47234262712848e-12,-0.7228870391845703,394.37329971790314,2.2927196599575872e-11,-2.1673855781555176,149.16982078552246,7.324206796610611e-10,2.130417823791504,-6.561370849609375,2.955463651588275e-09,6.674076557159424,399.34400939941406,3.665029391086705e-10,-0.38390493392944336,1.4837710857391357,2.8709151722594584e-10,-0.6643023490905762,399.67484307289124,1.869270155330227e-10,-4.9363861083984375,-4.150585174560547,1.995588763681333e-11,4.03849970549345,-1.7278976440429688,9.781275789322308e-11,4.226952746510506,-6.380188941955566,2.0474221276711724e-11,-2.20517635345459,4.64241099357605,1.7184725864538564e-10,1.9610095024108887,-1.7923455238342285,2.477292537772513e-10,-2.530017375946045,384.53075885772705,4.797572894510438e-10,-2.89034366607666,9.85625171661377,5.559775417829371e-10
820,-1.9392399787902832,126.38804936408997,1.8926386499695802e-11,-2.52785062789917,392.7039098739624,5.08923111985915e-11,182.84243202209473,2.134843349456787,1.2626583806296665e-11,-0.5233659744262695,394.17478466033936,2.8782663752391358e-11,-1.7836241722106934,398.9087178707123,9.58960688635102e-10,1.8449304103851318,-6.726672172546387,4.132708841808608e-09,6.783763885498047,399.3426434993744,4.916386742159773e-10,-0.39386510848999023,1.1347589492797852,5.016825843640049e-10,-0.8465619087219238,399.5209333896637,2.6763394278539465e-10,-4.970891952514648,-4.936505317687988,3.576994603293748e-11,4.220683917403221,-1.768934726715088,1.9446790011645732e-10,4.136600703001022,-5.931760787963867,6.72832622949926e-11,-2.4708361625671387,4.021073691546917,3.3509067742798493e-10,1.898923635482788,-1.8222641944885254,4.79630113403573e-10,-2.03092098236084,384.6592221260071,8.185765398849298e-10,-2.6016407012939453,9.045218467712402,7.36540717305445e-10
821,-1.5273966789245605,142.11349749565125,2.3302644536205008e-11,140.80167466402054,65.39090490341187,8.410127455560357e-11,-8.64918327331543,-0.20245885848999023,7.373848059932797e-12,-0.7343840599060059,394.0913963317871,2.4734101919388074e-11,-1.8864083290100098,101.45613098144531,9.465310757406087e-10,2.1278412342071533,-6.644613265991211,2.9924926980839928e-09,6.841145992279053,399.5431778430939,4.030041300673304e-10,-0.7162599563598633,1.1403872966766357,3.4759883860147056e-10,-0.880094051361084,399.66108679771423,2.386099651197071e-10,-5.119114875793457,-4.126236915588379,2.012855854216511e-11,3.77719509601593,-2.091148853302002,7.830627812843716e-11,4.917848885059357,-6.557058334350586,2.025808513994587e-11,-2.165865421295166,5.079591989517212,1.6106158073903032e-10,2.4021809101104736,-2.001708507537842,2.4991994584944166e-10,-2.3188347816467285,384.63097643852234,6.393027773832216e-10,-2.5294113159179688,9.672505378723145,5.889601029096525e-10
822,-1.444821834564209,158.01744437217712,1.917448491650653e-11,-2.694338321685791,392.3957507610321,5.910551909016348e-11,-7.792435646057129,-0.8103971481323242,6.781727089621992e-12,-0.2429647445678711,394.2521951198578,3.652173702350936e-11,-1.8626866340637207,398.85893082618713,9.82923409331704e-10,2.4887001514434814,-6.772819519042969,3.670159287594288e-09,6.942659854888916,399.3701605796814,4.863336400262597e-10,-0.5274977684020996,1.025613784790039,3.6685754434273576e-10,-0.7996201515197754,399.66769337654114,2.8083019243396734e-10,-5.153683662414551,-4.131716728210449,2.7386457684963617e-11,4.003496681572869,-1.5448789596557617,1.790490672393119e-10,4.1322217881679535,-5.902318000793457,5.335493505342903e-11,-2.4234695434570312,4.180622234940529,3.093029443679285e-10,2.315929889678955,-1.5126028060913086,2.865876425062197e-10,-2.1665287017822266,384.70337104797363,1.060137311270637e-09,-2.9239296913146973,9.282542705535889,8.400207751613209e-10
823,-1.252000331878662,173.93345952033997,2.2502964769355316e-11,-2.4301347732543945,392.38121271133423,5.8020938747960216e-11,-8.4845609664917,-0.86810302734375,1.0511981909933077e-11,-0.1528334617614746,394.0924597978592,3.604238088539269e-11,-2.1399993896484375,398.7707040309906,1.0814508177858784e-09,1.945124864578247,-6.469255447387695,3.717411489745359e-09,7.032771825790405,399.57271909713745,5.897166088786321e-10,-0.5750436782836914,1.0652036666870117,4.821883448080655e-10,-0.8025498390197754,399.61169505119324,3.0640756598643293e-10,-5.282048225402832,-4.249702453613281,3.071241524987833e-11,4.021615440025926,-1.6127424240112305,1.0426901009275014e-10,4.419002830982208,-6.035174369812012,2.8889968542444855e-11,-2.2307424545288086,4.926620066165924,1.8130377754665972e-10,2.2365472316741943,-1.7299327850341797,2.962228518033072e-10,-1.5073623657226562,384.76805233955383,1.5859397128892283e-09,-2.411924362182617,9.691149711608887,8.980791665891275e-10
824,-1.625866413116455,126.25720429420471,2.4015081590000875e-11,170.99756598472595,66.85764408111572,5.5932342091224996e-11,182.38269901275635,2.557908535003662,5.829345686714227e-12,-0.6678547859191895,394.24960219860077,2.5267921435756513e-11,-2.237395763397217,116.90136909484863,9.36473010249017e-10,1.633117914199829,393.87442803382874,2.282799282937731e-09,6.883795499801636,399.50247502326965,3.626360878250523e-10,-0.6743903160095215,1.1358160972595215,1.842892505266036e-10,-0.711298942565918,399.68165278434753,2.4936142040132836e-10,-1.937645435333252,107.2016818523407,1.218293087940081e-11,-1.8523969650268555,399.13808608055115,6.781795264254598e-11,4.484519958496094,-7.078932762145996,1.2625909866226248e-11,-2.4800286293029785,4.591664254665375,8.315270694225774e-11,2.2341575622558594,-2.0674047470092773,1.0644829462336247e-10,-1.8965754508972168,384.78353095054626,7.462668816238249e-10,-2.425504684448242,9.936645030975342,4.2601780436690717e-10
825,-1.8605856895446777,157.98818409442902,2.7657640067069167e-11,-3.0117225646972656,392.7260932922363,4.5084911498571856e-11,197.7240195274353,1.9533698558807373,6.10495508313047e-12,-0.6543879508972168,394.32773220539093,2.4685370067500934e-11,-1.6913948059082031,116.77271175384521,8.361205061646615e-10,1.7967805862426758,-6.615080833435059,2.6204489689263255e-09,6.716433763504028,399.4416449069977,3.775395551741667e-10,-0.6961531639099121,1.247546911239624,2.514600749847773e-10,-0.5980424880981445,399.6373338699341,2.328639503446084e-10,-5.392157554626465,-3.818950653076172,1.5929136482073503e-11,3.8931367322802544,-1.5697975158691406,7.84676004728091e-11,4.439982920885086,-6.64011287689209,2.0308612430630646e-11,-2.3933591842651367,4.725768446922302,1.4889027510900377e-10,2.251323938369751,-1.7817816734313965,1.8992139805273922e-10,4.988875031471252,391.51328134536743,6.565576970984921e-10,-2.8175950050354004,9.754813194274902,5.440739525575111e-10
826,-1.7166895866394043,126.47619557380676,1.8320482284006623e-11,-3.012526512145996,392.51565384864807,5.078429690663633e-11,-7.840925216674805,-0.6956071853637695,7.578677269082235e-12,-0.46038389205932617,394.37059915065765,2.2875871336092146e-11,-1.6974124908447266,398.9996840953827,8.170462639789378e-10,2.267283082008362,-6.570446968078613,4.2528651711393195e-09,6.61055850982666,399.2297239303589,3.4662492320869376e-10,-0.4505753517150879,1.1345596313476562,3.95061594549162e-10,-0.6306829452514648,399.7261252403259,2.354808292803767e-10,-5.003973007202148,-4.395974159240723,3.0200297124194364e-11,4.08526898175478,-1.5112438201904297,2.0555149249368299e-10,4.05670640617609,-5.875457763671875,6.218057319040682e-11,-2.4159674644470215,4.044233545660973,3.3332245297224006e-10,2.2132909297943115,-1.510267734527588,3.644486101794797e-10,-2.258446216583252,384.7083773612976,7.185119721420108e-10,-2.7941722869873047,9.196651458740234,8.704863496689086e-10
827,-1.5102477073669434,173.81111800670624,1.8643732391243617e-11,203.55645781755447,49.4262056350708,6.203487029621257e-11,198.5078845024109,2.5502877235412598,1.465843939285616e-11,-0.5678715705871582,394.29528653621674,3.171006512925345e-11,-1.7592201232910156,398.8870487213135,9.800441569396412e-10,2.145079255104065,-6.704403877258301,3.1669782352139464e-09,6.805000066757202,399.413449048996,4.766252392762738e-10,-0.4223480224609375,1.013662338256836,3.1856906002047936e-10,-0.7338557243347168,399.6433084011078,2.821052280665981e-10,-5.142305374145508,-4.642882347106934,2.5353998414634482e-11,4.370835304260254,-1.5892176628112793,1.7355718251454988e-10,3.9846603414043784,-5.851003646850586,4.5822765720737735e-11,-2.5908937454223633,3.878187894821167,2.509378260739936e-10,2.1228549480438232,-1.578758716583252,2.8557436970721994e-10,-2.057424545288086,384.9451982975006,8.540959051117625e-10,-2.820021629333496,9.504059314727783,5.56721391209436e-10
828,-1.6553659439086914,126.32867908477783,2.481926122954725e-11,-2.740628242492676,392.8087887763977,5.813016040745467e-11,103.10083293914795,3.4838178753852844,5.964580392092689e-12,-0.8741645812988281,394.331635594368,2.1077939740821172e-11,-2.1410207748413086,116.90940189361572,8.092543302140598e-10,1.9003322124481201,-6.522711753845215,2.239316509999867e-09,6.720266342163086,399.40932154655457,3.065232789811745e-10,-0.6187038421630859,1.079679250717163,2.739838356191626e-10,-1.0393242835998535,399.49721360206604,2.314606561970578e-10,-5.206515312194824,-4.2470903396606445,1.6220308082792734e-11,3.985671834088862,-1.8516640663146973,8.141243929005171e-11,4.391572952270508,-6.486885070800781,1.5838311565041785e-11,-2.109708309173584,4.760931313037872,1.3131279397171625e-10,1.987790822982788,-2.0738768577575684,1.8130377754665972e-10,-1.9304161071777344,385.3042435646057,7.658549350253452e-10,-2.6797666549682617,9.636582851409912,4.764071359630861e-10
829,-2.0650267601013184,190.03624153137207,2.3572831187035348e-11,-2.8233742713928223,392.6669774055481,5.242584838471842e-11,-8.505269050598145,-0.6167535781860352,7.155653673762696e-12,-0.5092782974243164,394.30830466747284,2.7778600600325554e-11,-2.0063552856445312,101.133957862854,9.0176272005138e-10,1.7366459369659424,-6.777366638183594,2.943352006568034e-09,6.799502372741699,399.51946997642517,4.242007300980788e-10,-0.3865785598754883,1.2864220142364502,3.9197001200363957e-10,-0.9283404350280762,399.8904814720154,2.480639860191758e-10,-5.014514923095703,-4.458662986755371,1.918000827605404e-11,3.8604926764965057,-1.7499256134033203,8.098375442466832e-11,4.419750958681107,-6.3672332763671875,2.4759446229372095e-11,-2.2780046463012695,4.807651221752167,1.6942393321617288e-10,2.02518367767334,-2.122685432434082,3.022710970412845e-10,-1.8654541969299316,384.26559114456177,1.068892307998226e-09,-2.666882038116455,9.51140308380127,5.361162069839054e-10
830,-1.4546246528625488,142.13014960289001,2.1638454916761418e-11,-2.88222599029541,392.8481261730194,5.932553753806857e-11,182.64104747772217,2.6402015686035156,1.432210079699292e-11,-0.7531628608703613,394.33267188072205,2.536817284015669e-11,-1.8497629165649414,398.9469268321991,8.654040262179308e-10,1.7995426654815674,-6.460819244384766,2.89797386088253e-09,6.635724306106567,399.33953833580017,3.124830671996648e-10,-0.2740802764892578,1.2434618473052979,2.9564206638355017e-10,-1.0775198936462402,399.69330501556396,2.2470336702440363e-10,-5.141139984130859,-4.51193904876709,1.9795678984912968e-11,4.205727785825729,-1.9205822944641113,9.618838364700011e-11,4.556808412075043,-6.372025489807129,2.0245881360292373e-11,-2.3903465270996094,4.619446396827698,1.5670614805785021e-10,1.9006156921386719,-1.8813066482543945,2.2289517453977226e-10,-1.9217591285705566,384.7579050064087,6.918447481574219e-10,-2.588040351867676,9.824422836303711,5.449276585522966e-10
831,-2.0809712409973145,190.0037636756897,3.331144041163192e-11,-3.027543067932129,392.50025963783264,3.8894096276997914e-11,103.50192403793335,2.7601603269577026,8.9696210528456e-12,-0.6083664894104004,394.2791554927826,2.357364130289863e-11,-2.1333494186401367,148.92471885681152,8.275229390619643e-10,1.6881592273712158,-6.344961166381836,3.3323614978542082e-09,6.798010349273682,399.2142028808594,3.73464342784402e-10,-0.5154004096984863,1.3436737060546875,3.305134221864847e-10,-0.8047361373901367,399.54309248924255,1.9439261311759992e-10,-5.031625747680664,-4.247289657592773,2.3002842686192793e-11,4.009306069463491,-1.933837890625,1.057168519391638e-10,4.628764033317566,-6.360379219055176,2.3854794875544094e-11,-2.2019810676574707,4.960446715354919,1.922660780584451e-10,2.101236939430237,-1.9862470626831055,2.574051249926157e-10,-2.0285162925720215,384.5125286579132,6.08835537541097e-10,-2.6895318031311035,9.930879592895508,6.949646969012235e-10
832,-1.442695140838623,126.32974195480347,2.0317407478653848e-11,-2.5934619903564453,392.8661210536957,5.222235838209244e-11,-7.684887886047363,-0.5280551910400391,1.0800912247921346e-11,-0.3538351058959961,394.2129261493683,2.2762187967817482e-11,-2.040372371673584,399.1162338256836,9.68122026989704e-10,2.431277871131897,-6.545478820800781,5.0789674688189734e-09,6.88473916053772,399.45175886154175,4.668113118277972e-10,-0.6350903511047363,1.0764172077178955,5.258882218583949e-10,-0.8193373680114746,399.79690885543823,2.61111299248995e-10,-5.101223945617676,-4.3883161544799805,4.141131534907139e-11,4.151902332901955,-1.4963831901550293,2.5521498803193765e-10,4.180937021970749,-5.806249618530273,7.467962359619662e-11,-2.273303985595703,3.996818325482309,3.7840253153120784e-10,2.1451371908187866,-1.4283218383789062,4.636691031123519e-10,4.967613458633423,391.5201234817505,7.872818508225521e-10,-2.531970500946045,9.277596473693848,9.574219195229716e-10
833,-1.703315258026123,110.36584830284119,2.1230819186035532e-11,-2.754237651824951,392.69713497161865,4.399358655149399e-11,182.72636222839355,2.5984424352645874,1.3545648977486557e-11,-0.6270394325256348,394.2935642004013,2.1210743231248053e-11,-2.012448310852051,399.1563186645508,7.485292385922548e-10,1.8950884342193604,-6.461804389953613,2.9179909599719167e-09,6.819905757904053,399.566015958786,3.5736885672932317e-10,-0.49167680740356445,1.169283151626587,3.0414543106260794e-10,-0.871370792388916,399.46350622177124,2.2083097850345013e-10,-5.141278266906738,-4.202877998352051,2.0182071291952042e-11,4.167068883776665,-1.8864803314208984,9.503040715452826e-11,4.501209616661072,-6.469900131225586,2.021593656365006e-11,-2.187562942504883,4.690527677536011,1.6442534833682743e-10,1.7503011226654053,-1.7825522422790527,2.3617849342905117e-10,-1.8911337852478027,384.810097694397,7.009433033999812e-10,-2.587800979614258,9.82727336883545,5.332677632807759e-10
834,-1.4587836265563965,126.27341318130493,1.9488331087780253e-11,-2.247191905975342,392.9529776573181,6.369000465911157e-11,-8.10134220123291,-0.7028074264526367,7.59976803710316e-12,-0.29171276092529297,394.1290271282196,3.2185965698205976e-11,-1.753730297088623,399.1255395412445,1.1834493385265432e-09,2.0687825679779053,-6.517395973205566,3.1452647153429325e-09,6.969857931137085,399.33781576156616,5.798943547574709e-10,-0.3718247413635254,1.0429542064666748,3.901559908481289e-10,-0.8582296371459961,399.46112990379333,3.352383926014113e-10,-5.2183027267456055,-4.236468315124512,2.3499703918905546e-11,-1.790818214416504,398.9743993282318,9.155159269580437e-11,4.56862872838974,-6.050355911254883,2.921457520344006e-11,-2.0648865699768066,4.600435674190521,1.8393106482328392e-10,2.0448347330093384,-1.6655101776123047,2.562260681404638e-10,4.803682386875153,391.8157458305359,1.065391330712373e-09,-2.5470356941223145,9.526526927947998,8.037381316050585e-10
835,-1.367821216583252,157.74074494838715,2.2202101268575802e-11,-2.905205726623535,392.5929265022278,4.593144614650768e-11,182.29530429840088,2.641625761985779,1.0818046111693569e-11,-0.5449156761169434,394.325358748436,2.2335553545582698e-11,-1.7102231979370117,100.55547332763672,7.377358168803028e-10,1.9107646942138672,-6.724869728088379,3.4139830962232054e-09,7.043835639953613,399.63914012908936,2.875430726856365e-10,-0.4809727668762207,1.0024030208587646,3.2226896151676954e-10,-0.8529610633850098,399.7791666984558,2.2398366494869038e-10,-4.873119354248047,-4.094120025634766,2.2796641310773857e-11,4.00295093934983,-1.4715018272399902,1.5138820752547133e-10,4.01913383975625,-6.205840110778809,4.359132152464973e-11,-2.531129837036133,4.136700302362442,2.577372204548567e-10,2.1248384714126587,-1.643815040588379,2.939333498819252e-10,-1.9421539306640625,384.81471586227417,7.925022860177933e-10,-2.8466057777404785,9.28452444076538,6.410073583040798e-10
836,-1.621187686920166,126.28846526145935,2.5272211406912604e-11,-2.6729726791381836,392.74652218818665,4.8499950583424933e-11,119.09821271896362,3.5504614412784576,9.680490783980922e-12,-0.3638157844543457,394.4842119216919,2.7860262707957162e-11,-1.8763313293457031,398.85285234451294,9.616715201943293e-10,1.8681879043579102,-6.403740882873535,2.963569611935668e-09,7.02552056312561,399.54131031036377,5.287122961661339e-10,-0.42070531845092773,1.3290600776672363,3.932497938397006e-10,-0.6286478042602539,399.6472387313843,2.7212768149986744e-10,-5.202487945556641,-4.27626895904541,1.9742702264680112e-11,3.7548720836639404,-1.499701976776123,8.51912082544537e-11,4.380386501550674,-6.24656867980957,2.276305532955547e-11,-2.2837042808532715,5.011545419692993,1.5848804213458578e-10,2.232600688934326,-2.057138442993164,2.592033809811767e-10,4.872163355350494,391.71155834198,1.0694939378552704e-09,-2.8633852005004883,9.527773380279541,6.111531836161532e-10
837,-1.8810467720031738,189.98790538311005,2.979044094741923e-11,-2.5651464462280273,392.5833101272583,5.544026349113551e-11,-7.844256401062012,-0.4794044494628906,9.070679971023843e-12,-0.6165833473205566,394.1242296695709,2.9719327693245035e-11,-2.1206464767456055,398.90568256378174,1.0237252157097032e-09,2.027079463005066,-6.56107234954834,4.06241795758433e-09,6.920675754547119,399.47921681404114,5.351926124497197e-10,-0.7138805389404297,1.0045480728149414,3.9174874455483177e-10,-0.9782791137695312,399.7701735496521,2.83433110315201e-10,-5.110923767089844,-4.391786575317383,3.111851054615755e-11,4.238383129239082,-1.7373075485229492,1.874658067668733e-10,4.142686128616333,-5.889527320861816,5.903285499320177e-11,-2.3514657020568848,3.996436931891367,3.0259758587725116e-10,2.1767852306365967,-1.4936208724975586,3.4383107472280017e-10,-1.539170265197754,384.47829031944275,1.441653241229801e-09,-2.7716736793518066,9.12527084350586,7.488077380379821e-10
838,-1.4615874290466309,142.3927628993988,1.9676989204686635e-11,-2.933558464050293,392.8663308620453,4.201326092578839e-11,-8.438776016235352,-0.548241138458252,7.220102120342187e-12,-0.7869691848754883,394.4015392065048,2.0445693749149285e-11,-2.009148597717285,149.1621150970459,8.022708053445626e-10,1.7892966270446777,-6.608136177062988,2.8538611474004938e-09,6.846880197525024,399.61230731010437,3.186529373699898e-10,-0.5997133255004883,1.1387042999267578,3.5228028827383184e-10,-0.8166012763977051,399.86932826042175,2.0877254092166453e-10,-5.306058883666992,-4.413638114929199,2.0776741438410795e-11,3.968962950631976,-2.0090079307556152,8.683815472254608e-11,4.505727410316467,-6.186700820922852,2.453614394992698e-11,-2.0885109901428223,4.718442678451538,1.6977037831100716e-10,2.002026677131653,-2.036989688873291,2.3820798111806596e-10,-1.665684700012207,384.44266653060913,7.997407180937444e-10,-2.734621524810791,9.231266975402832,6.200780999776612e-10
839,-1.4721450805664062,158.10005497932434,2.7633015667327676e-11,-2.75351619720459,392.78962302207947,6.00750144075235e-11,103.29583644866943,3.4466781616210938,1.0130661066976021e-11,-0.5956768989562988,394.2658107280731,3.356438391111105e-11,-1.7299633026123047,398.9863226413727,9.827358926628449e-10,2.2425384521484375,-6.461747169494629,3.887981936401275e-09,6.83341121673584,399.391250371933,4.610587189812776e-10,-0.42341136932373047,1.2101547718048096,3.8389844081443414e-10,-0.7472872734069824,399.7628240585327,2.9595406680904546e-10,-5.0394392013549805,-4.56697940826416,2.930671677559005e-11,4.118122354149818,-1.7426486015319824,1.7322746015402402e-10,4.111754082143307,-5.949517250061035,5.7197288572119476e-11,-2.432936668395996,3.839239716529846,2.627644768438131e-10,2.1195749044418335,-1.8088412284851074,3.2190955456812276e-10,-1.673621654510498,384.62701535224915,1.027857465807358e-09,-2.2653465270996094,9.29428243637085,7.984406469319083e-10
840,-1.4055209159851074,205.8884642124176,2.5238923798132085e-11,-2.876438617706299,392.7796700000763,3.6768813688192736e-11,182.81397533416748,2.712700366973877,9.731752730057774e-12,-0.731081485748291,394.37828397750854,2.212837031667636e-11,-2.103710174560547,399.02995562553406,7.028589932289719e-10,2.2564098834991455,-6.633757591247559,3.712613994011349e-09,6.875253438949585,399.54386353492737,3.572836748677588e-10,-0.5300126075744629,1.31600022315979,4.296671352044257e-10,-0.794708251953125,399.71145367622375,1.8821208480623852e-10,-5.177827835083008,-4.096931457519531,2.8808476437713892e-11,3.945635475218296,-1.721642017364502,1.082102324412304e-10,4.258123844861984,-6.095385551452637,3.073462317981779e-11,-2.1560258865356445,4.749369978904724,1.9741656920313488e-10,2.24651837348938,-1.5361018180847168,3.0968544395548747e-10,-2.0281214714050293,384.54032588005066,5.299743421893766e-10,-2.7186942100524902,9.748637676239014,8.406378926295588e-10
841,-1.6438860893249512,110.37295508384705,2.6392112453810235e-11,-2.7929253578186035,392.4325623512268,4.478416942843566e-11,198.78482246398926,2.37143874168396,1.2603460809723632e-11,-0.799013614654541,394.4315742254257,2.1464125615766605e-11,-2.0871973037719727,116.87274837493896,1.075867173128131e-09,1.3864531517028809,-6.54410457611084,2.6333157876479163e-09,7.006551742553711,399.6320240497589,3.1230312780294867e-10,-0.5004286766052246,0.8072669506072998,3.743693965940764e-10,-0.866335391998291,399.75100231170654,2.2034671309789644e-10,-5.5513410568237305,-4.26860237121582,2.1316191867182255e-11,4.443025588989258,-1.608438491821289,9.734709566222577e-11,101.02585291862488,-2.8713746070861816,2.5931154792879774e-11,-2.488898277282715,4.960893988609314,1.592240228553976e-10,2.2963420152664185,-1.7308306694030762,1.7774788585445123e-10,-2.207409381866455,384.83837628364563,7.72749808586326e-10,-2.208639144897461,9.64408254623413,5.699998251174065e-10
842,-1.6383748054504395,142.22071170806885,1.824686408913312e-11,-2.5601301193237305,392.68670654296875,5.81700902724247e-11,103.80251216888428,2.7178627252578735,8.738574967803725e-12,-0.2878093719482422,394.14621591567993,4.8247791178956945e-11,-2.1004910469055176,398.67963576316833,1.0355041268894638e-09,1.7971599102020264,393.5343315601349,3.043580054651329e-09,6.9324867725372314,399.49814772605896,7.031888404895881e-10,-0.6135969161987305,1.0921103954315186,3.142378857123873e-10,-0.6131787300109863,399.00698351860046,3.213170007843047e-10,-5.370659828186035,-4.184969902038574,2.057742171102106e-11,4.3462952971458435,-1.7545299530029297,1.0440513037446308e-10,4.40399169921875,-6.631147384643555,2.1400357180789698e-11,-2.1759915351867676,4.679907441139221,1.6611749475980986e-10,1.8908827304840088,-1.8871893882751465,2.2696258761278898e-10,4.824575781822205,391.5636568069458,1.0017479068480384e-09,-2.5617876052856445,9.599310874938965,5.57902390951881e-10
843,-1.8628907203674316,110.33138465881348,2.5257464522643325e-11,-2.250241279602051,392.43451166152954,8.927110439760355e-11,-8.78700065612793,-0.5840797424316406,4.794640812849638e-12,-0.302703857421875,393.98355436325073,4.8930432622329434e-11,-2.0833072662353516,398.76841473579407,1.4526915226298343e-09,1.4168972969055176,393.6019010543823,3.8433309867969e-09,6.938734292984009,399.4782838821411,7.519062594774084e-10,-0.6044917106628418,1.0413222312927246,2.7082799891609e-10,-0.6410880088806152,399.5142242908478,4.2454556536952737e-10,-2.2157630920410156,91.21003556251526,1.6449617709635156e-11,-1.9464912414550781,399.0276460647583,1.1832186619376017e-10,4.363948941230774,-6.599957466125488,1.6104336614253256e-11,-2.3532509803771973,4.745172023773193,1.0710796138901912e-10,1.9600739479064941,-1.9775190353393555,1.895761186920808e-10,-1.8504490852355957,384.71858835220337,1.8172173765762523e-09,-2.423975944519043,10.067823886871338,4.927736552140516e-10
844,-1.6723136901855469,142.28870224952698,2.0778602796700518e-11,427.1530901193619,224.73267555236816,5.98881916280547e-11,-8.561237335205078,-0.5017032623291016,6.753458469538343e-12,-0.38648319244384766,394.1441913843155,3.116347457865487e-11,-2.153794765472412,399.10326290130615,9.945211321138459e-10,2.1329598426818848,-6.412590980529785,2.8827360498695498e-09,7.11004376411438,399.5285897254944,5.19702891832452e-10,-0.636838436126709,1.238837480545044,3.4200167697839845e-10,-0.8562760353088379,399.6551423072815,2.5824062332979736e-10,-5.379132270812988,-4.216477394104004,2.0605539843843168e-11,4.325933039188385,-1.5725994110107422,9.463897721051495e-11,4.525487899780273,-6.462635040283203,2.1088795640333835e-11,-2.4081740379333496,4.863597989082336,1.563571355722715e-10,2.050058126449585,-1.7792248725891113,2.1437296382487148e-10,-1.8410077095031738,384.2956371307373,8.59869231373267e-10,-2.458146095275879,9.71218204498291,5.840369299292547e-10
845,-2.2512893676757812,94.29335379600525,3.513165452995182e-11,-2.8270883560180664,392.8588664531708,5.4988052305970925e-11,198.57089710235596,2.4698805809020996,7.352206517208248e-12,-0.6397991180419922,394.3389068841934,2.9381885813251074e-11,-1.6847100257873535,100.88078689575195,1.1837835156569554e-09,2.079717516899109,-6.596485137939453,2.702362777995404e-09,7.0021891593933105,399.60214042663574,4.486498672573447e-10,-0.7174391746520996,0.9680507183074951,3.2398661531374273e-10,-0.8548722267150879,399.58196210861206,2.540653520899383e-10,-2.188521385192871,90.63586068153381,2.4084527774914655e-11,4.0714593678712845,-1.8056678771972656,8.385492994422705e-11,4.452715247869492,-6.319766998291016,2.4777449189605782e-11,-2.159562110900879,4.5949055552482605,1.447057612624647e-10,2.1838310956954956,-1.7013983726501465,1.8366078102793892e-10,-1.8676209449768066,384.3898460865021,9.31923982427918e-10,-2.5846571922302246,9.53208065032959,6.859477430509742e-10
846,-1.476363182067871,173.88587737083435,2.109736517430516e-11,-2.734009265899658,392.69535732269287,4.951212009829398e-11,86.9520583152771,2.5951778888702393,1.1418879730662468e-11,-0.6833171844482422,394.41962110996246,2.7732068377805952e-11,-2.0970349311828613,398.87297463417053,8.338701396048975e-10,2.1202303171157837,-6.668763160705566,4.056355695780667e-09,6.886429071426392,399.4285011291504,4.1113062954067914e-10,-0.6076865196228027,1.015132188796997,3.87605947338443e-10,-0.9964847564697266,399.46265292167664,2.3921967184925563e-10,-5.082571029663086,-4.509023666381836,3.1579152487415385e-11,4.299338221549988,-1.6695499420166016,2.2686089118373332e-10,3.9534165039658546,-5.977999687194824,5.930981400448232e-11,-2.3970303535461426,3.914865843951702,3.1529270860808367e-10,2.1179020404815674,-1.6617693901062012,4.034555745047186e-10,-1.7849440574645996,384.5549695491791,8.810800977698818e-10,-2.6238722801208496,9.217212200164795,7.265421042568221e-10
847,-2.0019068717956543,126.43939685821533,2.407061529263732e-11,125.36522424221039,64.5397720336914,9.810312284752598e-11,-8.551973342895508,-0.2743992805480957,6.946458599305094e-12,-0.7606768608093262,394.32631158828735,1.7039572877686204e-11,-2.1473641395568848,132.82576084136963,8.585793187521062e-10,1.9855246543884277,-6.633384704589844,3.0345836954381866e-09,7.015546083450317,399.69999146461487,2.975116264458677e-10,-0.2705073356628418,1.3323278427124023,3.3871036531074594e-10,-0.9590787887573242,399.7698321342468,2.030300649824568e-10,-4.9073991775512695,-4.240462303161621,1.998430240734983e-11,3.714458405971527,-1.8750505447387695,8.19743162239206e-11,4.395399898290634,-6.553229331970215,2.3084508263271353e-11,-2.238640308380127,4.815631866455078,1.652065290125293e-10,1.8590574264526367,-1.8321852684020996,2.943350285722346e-10,-1.9967803955078125,384.54083490371704,6.170906563518486e-10,-2.5592637062072754,9.82868766784668,6.354284876053384e-10
848,-1.7866930961608887,189.78274989128113,1.6344064990292395e-11,204.02061087824404,49.69072198867798,6.203237923330107e-11,182.65252113342285,2.86534583568573,2.2354776016419997e-11,-0.6438350677490234,394.36326801776886,2.3185510802936626e-11,-1.9126768112182617,398.967796087265,8.257066141936775e-10,2.182133674621582,-6.591948509216309,3.138211468467489e-09,6.900588035583496,399.5505564212799,3.828557193497062e-10,-0.5877928733825684,1.3571693897247314,4.974216039066448e-10,-0.9881491661071777,399.4939773082733,2.5732313502224713e-10,-5.2484893798828125,-4.820791244506836,3.3643029334617935e-11,4.309992015361786,-1.9999780654907227,1.482843708933146e-10,4.755321502685547,-6.220621109008789,2.7411437703017683e-11,-2.2254104614257812,4.8074711561203,2.425279699291849e-10,2.4582982063293457,-1.6735038757324219,2.718978375781944e-10,-2.322272300720215,384.5485186576843,9.342910889387213e-10,-2.4253435134887695,9.47814655303955,1.0024762131521925e-09
849,-1.5453357696533203,158.1353840827942,1.589450966676953e-11,-2.648331642150879,392.7543339729309,5.2198058375640954e-11,182.7076063156128,2.6315085887908936,2.3665815834794657e-11,-0.6257915496826172,394.46333169937134,2.5912416309892272e-11,-1.959409236907959,398.9412305355072,9.482206131394832e-10,2.0537731647491455,-6.537777900695801,2.9956450653401134e-09,7.07129693031311,399.4584057331085,4.509903839267082e-10,-0.3980579376220703,1.1902337074279785,3.2605590449819033e-10,-0.7907719612121582,399.7227313518524,2.657858100274524e-10,-4.951255798339844,-4.319275856018066,1.9044618312924477e-11,4.044571466743946,-1.6235852241516113,9.026192293593027e-11,197.58143150806427,-4.23974609375,2.210740271402223e-11,-2.4065566062927246,4.673165440559387,1.6364191945950068e-10,2.057891011238098,-1.8766465187072754,2.523802278275866e-10,-1.898733139038086,384.5491108894348,9.449852012011206e-10,-2.7034196853637695,10.064326763153076,5.384475643133158e-10
850,-1.6382203102111816,142.2041585445404,2.3838559598532427e-11,-2.375774383544922,392.61291241645813,5.97315599759618e-11,182.90830421447754,2.5668340921401978,1.3014231185770608e-11,-0.5531306266784668,394.4264175891876,3.566598405502219e-11,-2.1715869903564453,399.07907462120056,1.1798433341425607e-09,2.3166624307632446,-6.499957084655762,3.927897118671808e-09,7.093710422515869,399.58883333206177,6.242528716171591e-10,-0.40233755111694336,1.227839708328247,4.96009011641263e-10,-0.7095870971679688,399.44956636428833,3.626429989633806e-10,-4.994482040405273,-4.274432182312012,3.0373252524196204e-11,3.9774004202336073,-1.641261100769043,1.0854697696238702e-10,4.3561548590660095,-6.21608829498291,3.356143835064884e-11,-2.171379566192627,4.741396129131317,2.0682568158125747e-10,1.9383108615875244,-1.5822100639343262,3.9614211910787844e-10,5.066205382347107,391.7295022010803,1.0471070677198213e-09,-2.2909231185913086,9.961594104766846,8.183563271479954e-10
851,-1.48427152633667,142.12514281272888,1.91482819184019e-11,-2.9364233016967773,392.5891454219818,3.57583476717771e-11,103.34664011001587,3.3316898345947266,1.1843559119539826e-11,-0.6980133056640625,394.2863003015518,1.8548993938050096e-11,-1.820040225982666,399.2780604362488,6.927624029984258e-10,1.7444353103637695,-6.677494049072266,2.4481381366570076e-09,6.981598615646362,399.55311346054077,3.139970505827705e-10,-0.43432092666625977,1.4416303634643555,2.345802441183764e-10,-0.5966873168945312,399.7692277431488,2.0959364799288949e-10,-5.199657440185547,-3.9378623962402344,1.6056121709961957e-11,3.8790551126003265,-1.5853729248046875,7.483104413896768e-11,4.184327229857445,-6.707808494567871,1.8095268339290982e-11,-2.3132753372192383,4.646023213863373,1.3532562570528484e-10,2.087318181991577,-1.678281307220459,2.021220690817671e-10,-2.090632438659668,384.4735805988312,6.106090633117844e-10,-2.6792702674865723,9.890148639678955,4.746339432593061e-10
852,-1.581286907196045,142.1774034500122,2.6793364402144526e-11,-2.506646156311035,392.4907913208008,5.5214430250138946e-11,198.16050243377686,1.9714667797088623,1.2552264783138867e-11,-0.5468401908874512,393.9952280521393,3.748157687000209e-11,-2.1573400497436523,399.14444494247437,9.417948643175578e-10,2.0909358263015747,-6.640265464782715,4.0065062378857874e-09,7.089820384979248,399.85144901275635,5.275629377798907e-10,-0.44085168838500977,1.1679654121398926,5.291764249015785e-10,-0.6524982452392578,399.63656067848206,2.8529237305896515e-10,-4.998465538024902,-4.770476341247559,3.8541475566589156e-11,4.165872767567635,-1.875016689300537,1.9481165292045688e-10,4.168516099452972,-5.7244873046875,7.01547431258831e-11,-2.3580851554870605,4.172387510538101,3.3713834501902795e-10,1.9966137409210205,-1.8093791007995605,4.593471436553642e-10,-2.0608701705932617,384.880047082901,1.0641120207210975e-09,-2.5414066314697266,9.084659576416016,9.085684427034835e-10
853,-1.7248196601867676,126.3121428489685,2.0227661559624188e-11,-2.612842559814453,392.7169840335846,5.751354947847176e-11,151.1082158088684,3.3665252327919006,5.785305394467866e-12,-0.44146108627319336,394.10856783390045,3.3017304168492245e-11,-2.061924457550049,398.85312724113464,1.1237998309709951e-09,1.5679807662963867,393.67443466186523,2.9299425108320065e-09,6.725677728652954,399.5454442501068,6.461604584728775e-10,-0.7338480949401855,1.1583657264709473,2.874811222408624e-10,-0.703557014465332,399.78810834884644,2.9339619622703594e-10,-5.346412658691406,-4.076075553894043,1.5998742261547072e-11,-2.0364575386047363,399.18447828292847,9.696368707956537e-11,4.402503192424774,-6.338044166564941,1.635663132715237e-11,-2.484802722930908,4.8781755566596985,1.330340976268829e-10,2.082215189933777,-1.9253616333007812,1.641633773363793e-10,-1.8448486328125,384.5271465778351,9.188278471405908e-10,-2.695436954498291,9.801753520965576,4.625808347480387e-10
854,-1.447662353515625,158.04357266426086,2.768165557887059e-11,-2.5687685012817383,392.53944516181946,5.819827259001542e-11,198.44157123565674,2.335214376449585,1.1176594372219739e-11,-0.42589426040649414,394.3271207809448,2.6636880201547086e-11,-2.3113107681274414,398.810941696167,9.713626569762823e-10,2.267637610435486,-6.8490190505981445,3.740362686244225e-09,7.148553133010864,399.68691754341125,4.894688543366499e-10,-0.32183313369750977,1.2660651206970215,3.47558370972223e-10,-0.6865983009338379,399.9023656845093,2.582913327664471e-10,-4.893898963928223,-4.378582000732422,2.8065711213387523e-11,4.034711964428425,-1.4491496086120605,1.871649640827755e-10,3.7240609526634216,-5.942582130432129,4.851966051155898e-11,-2.3601303100585938,4.009794253855944,2.836613166579127e-10,2.1331974267959595,-1.426156997680664,3.4101874102354657e-10,-1.9510164260864258,384.5075557231903,8.649205796018578e-10,-2.910539150238037,9.295196533203125,6.67465804848888e-10
855,-2.1029043197631836,190.01582717895508,2.5424072569446565e-11,-2.9227852821350098,392.36174869537354,6.21906554032492e-11,198.64231967926025,2.451619505882263,1.1756593962242157e-11,-0.48811864852905273,394.33935284614563,3.105015203286321e-11,-1.967846393585205,398.7322082519531,9.746308204938714e-10,1.9601414203643799,-6.433384895324707,3.420494554262632e-09,6.804244041442871,399.4841048717499,4.848915713395741e-10,-0.6051273345947266,1.2001445293426514,3.576587082054772e-10,-0.649141788482666,399.627902507782,2.759726891454761e-10,-5.350269317626953,-4.108854293823242,2.5120586166771375e-11,4.271309345960617,-1.7393465042114258,1.134470434260848e-10,4.492011994123459,-6.514777183532715,2.5896802063885005e-11,-2.190652847290039,4.597546339035034,1.8697338122208862e-10,1.958799123764038,-1.5989775657653809,2.692246980906532e-10,-2.3954734802246094,384.78629207611084,1.001266514144561e-09,-2.389711380004883,9.53508186340332,6.469053626112498e-10
856,-2.225660800933838,110.56276750564575,2.5887268023661036e-11,-2.4811229705810547,392.4870960712433,8.836394116418234e-11,118.64966773986816,3.0003861784934998,6.7011843123132575e-12,-0.4937858581542969,394.3071258068085,5.419980089738097e-11,-1.9413795471191406,398.6866638660431,1.293487983389241e-09,1.6429479122161865,393.51659989356995,3.4281428806792746e-09,7.120543718338013,399.4935097694397,6.66312172104e-10,-0.4010744094848633,1.2624273300170898,3.1938615641102786e-10,-0.7823901176452637,399.3860867023468,3.884844945734045e-10,-2.3763794898986816,106.6532654762268,2.066556301083544e-11,-1.848142147064209,398.6810681819916,1.1187029080872435e-10,4.346853256225586,-6.489672660827637,2.0874055955966142e-11,-2.1455941200256348,4.716852009296417,1.596811155524236e-10,1.810488224029541,-1.8359594345092773,2.110462082871578e-10,-1.9870052337646484,384.5988039970398,2.0145478618616153e-09,-2.700087070465088,9.70101547241211,4.986584478672285e-10
857,-1.5567402839660645,157.8761750459671,2.1926243806702495e-11,-2.6411361694335938,392.38718271255493,7.904864263164058e-11,119.17578935623169,3.5615686774253845,1.1762110382895763e-11,-0.4661579132080078,394.3750261068344,4.4365788820499574e-11,-1.9432950019836426,398.64159202575684,1.307909336389912e-09,1.8422677516937256,393.50186681747437,3.711630114366926e-09,6.963425397872925,399.4625709056854,6.652124406869575e-10,-0.7873187065124512,1.139256238937378,3.4945485394288767e-10,-0.3709845542907715,399.45180916786194,4.0175848758927657e-10,-5.031513214111328,-4.324790954589844,2.327887708986065e-11,4.066817611455917,-1.890690803527832,1.2046676156618474e-10,4.128029882907867,-6.138659477233887,3.2708100117240235e-11,-2.437715530395508,4.229001581668854,2.0415505397330946e-10,2.2261232137680054,-1.745537281036377,2.564060075371799e-10,-2.1395158767700195,384.80063557624817,1.2766008250508776e-09,-2.9388623237609863,9.256750106811523,6.050719925099202e-10
858,-1.610830307006836,110.18397498130798,1.7009114602895004e-11,-2.628117561340332,392.498215675354,5.036832756433185e-11,-9.160670280456543,0.20009922981262207,7.493198769803477e-12,-0.41455078125,394.26088213920593,2.7294210294681598e-11,-1.9445490837097168,398.89674949645996,9.426970315473682e-10,2.547579050064087,-6.270947456359863,2.4326518577311163e-09,6.984703779220581,399.4936468601227,4.71380656730247e-10,-0.5848526954650879,1.4901041984558105,3.5198743919551134e-10,-0.8289985656738281,399.7017869949341,2.624554462649087e-10,-5.644696235656738,-4.406826972961426,2.363974120622725e-11,-2.0788350105285645,398.73177790641785,6.992923601290002e-11,4.614439845085144,-6.368268013000488,1.3307337870527292e-11,-2.13773250579834,5.533732891082764,1.1756756679304203e-10,2.227749228477478,-1.5793704986572266,1.8034909676778454e-10,-2.242729663848877,384.557053565979,8.081298408235682e-10,-2.001152992248535,10.620070457458496,9.329857997286695e-10
859,-1.3615694046020508,189.96284317970276,2.1296927762981532e-11,-2.667673110961914,392.60140323638916,5.3988605253074695e-11,134.8690276145935,2.8339385986328125,1.115527635542346e-11,-0.6056022644042969,394.27485740184784,2.2086372661322962e-11,-1.4794983863830566,116.89246463775635,9.448067883610634e-10,1.5853464603424072,-6.704900741577148,2.31655117310936e-09,6.6764984130859375,399.2953028678894,3.572257767370246e-10,-0.2730412483215332,1.197087287902832,2.691266376420032e-10,-1.0352392196655273,399.42117071151733,2.4700544387634693e-10,-5.096861839294434,-4.335144996643066,1.7140067143373017e-11,4.18218894302845,-1.9295110702514648,8.848723143106696e-11,4.4824056923389435,-6.478453636169434,1.5272165476698518e-11,-2.298715114593506,4.683402597904205,1.310800634701792e-10,1.7804906368255615,-1.980029582977295,1.7003706775930993e-10,-1.9952888488769531,384.78278374671936,8.687927599559941e-10,-0.6057343482971191,100.05415493249893,6.232035998365859e-10
860,-1.5651588439941406,189.9954663515091,1.966816987053477e-11,-2.8214759826660156,392.5097770690918,5.481621059844066e-11,-8.638901710510254,-0.662872314453125,6.864874987910774e-12,-0.5755124092102051,394.2072024345398,2.5702379460867952e-11,-1.896592617034912,398.7673373222351,9.243472653963636e-10,1.7490966320037842,-6.5782623291015625,2.739385163152974e-09,6.842884540557861,399.4458963871002,3.871876985694911e-10,-0.5098538398742676,1.2578847408294678,3.277488003217144e-10,-1.0406842231750488,399.8570282459259,2.59889498810395e-10,-5.243570327758789,-4.113056182861328,1.9716171403838523e-11,4.1397049725055695,-1.6416821479797363,8.68326868741498e-11,4.387795388698578,-6.373166084289551,1.9311901036656032e-11,-2.2755885124206543,4.842721223831177,1.4935959413708844e-10,1.7487192153930664,-1.8419623374938965,2.166444107443155e-10,-2.0350542068481445,384.47461771965027,9.652181276464944e-10,-2.6390347480773926,9.771649360656738,5.021152937878526e-10
861,-1.8086113929748535,110.24755191802979,2.1074924791419924e-11,-2.545774459838867,392.42181515693665,7.211614638791275e-11,-7.916913032531738,-0.8392477035522461,7.342424411527215e-12,-0.2911810874938965,394.3759217262268,4.821219118378295e-11,-1.958402156829834,398.60803270339966,1.2652124903311801e-09,1.6247854232788086,393.38605785369873,3.859307984299676e-09,6.757643699645996,399.38796210289,6.912208583287338e-10,-0.5024442672729492,1.0003693103790283,3.209225385436554e-10,-0.5452203750610352,399.41652274131775,3.4795041847779373e-10,-5.004121780395508,-4.302770614624023,2.5779166995532066e-11,4.2987585961818695,-1.6023406982421875,1.7706064392442045e-10,3.955074727535248,-6.23951530456543,4.619290713825386e-11,-2.4756288528442383,4.002321985550225,2.7499061361346833e-10,1.997891902923584,-1.4352750778198242,3.530026826403798e-10,-1.8776535987854004,384.6678729057312,1.414535155674912e-09,-2.9025421142578125,9.28687334060669,6.081276038294448e-10
862,-1.6894073486328125,158.0521423816681,2.5358303998301857e-11,-2.8989667892456055,392.3040416240692,5.747868500605158e-11,198.2196569442749,2.203223705291748,5.920218742322403e-12,-0.7249135971069336,394.39045321941376,3.141622031965774e-11,-2.174375057220459,398.793208360672,8.95913176979235e-10,1.5440361499786377,393.61640191078186,2.8296165410779395e-09,6.612533092498779,399.4323787689209,3.8596298379545146e-10,-0.4256901741027832,1.4169986248016357,2.8035496146827654e-10,-0.8397088050842285,399.5960075855255,2.6099628014364384e-10,-5.000688552856445,-4.186982154846191,1.78856113947079e-11,3.997495840070769,-1.8419294357299805,8.62009977287137e-11,4.377989500761032,-6.632657051086426,1.7437733548786305e-11,-2.2061262130737305,4.750685811042786,1.601694887831684e-10,1.889418125152588,-1.7859630584716797,2.455905201426134e-10,-2.071773052215576,384.68575954437256,8.425111719390088e-10,-2.770153045654297,9.82392930984497,4.831374744718175e-10
863,-1.6492900848388672,189.81492125988007,1.8049938280140232e-11,-3.00858211517334,393.04664874076843,3.615515872801289e-11,-8.533618927001953,-0.4974226951599121,7.846770976038808e-12,-0.9880776405334473,394.1770522594452,1.786270263648415e-11,-1.5243840217590332,116.7995662689209,8.338828516585295e-10,2.2313891649246216,-6.489500999450684,3.149887239928262e-09,6.808134317398071,399.63447308540344,2.0413207235669972e-10,-0.42051124572753906,1.1661162376403809,3.8160100079842607e-10,-1.4372386932373047,400.06825065612793,1.591906051423564e-10,-5.245356559753418,-4.546735763549805,2.251524314211828e-11,3.982002604752779,-1.824045181274414,8.695383996171202e-11,4.574691832065582,-6.272702217102051,2.4370054585443057e-11,-2.1820144653320312,4.825100421905518,1.6646417577703687e-10,2.222515106201172,-1.8650121688842773,2.722803371657534e-10,-1.7657041549682617,384.6810350418091,6.226000270892484e-10,-2.4967832565307617,9.760913372039795,6.957936449225599e-10
864,-1.4434771537780762,142.15105390548706,2.338996704653873e-11,-2.964560031890869,392.6760904788971,4.6091606226150716e-11,103.36374759674072,2.8482760190963745,1.3515865510127512e-11,-0.7662396430969238,394.3734076023102,2.213174608856061e-11,-2.2271175384521484,149.074725151062,7.953278591266155e-10,2.7203909158706665,-6.641765594482422,3.972886908343298e-09,6.867905855178833,399.50910449028015,3.200264220293292e-10,-0.8845171928405762,0.7282092571258545,5.389921842180456e-10,-0.923581600189209,399.85297441482544,2.0848760218239448e-10,-5.254611015319824,-5.140011787414551,4.194431954540612e-11,4.466234713792801,-1.8009319305419922,2.780618235664889e-10,4.538304328918457,-5.834444999694824,5.930211877114289e-11,-2.3773012161254883,4.288211137056351,3.4683059202400557e-10,2.9013253450393677,-1.360422134399414,3.375449642017969e-10,-1.984504222869873,384.5902647972107,6.975928723562674e-10,-2.6467738151550293,8.771993160247803,1.0390456273157156e-09
865,-1.7794055938720703,142.13333439826965,2.7771769259277157e-11,203.9242633357644,48.747591972351074,5.5336412535522683e-11,198.36774253845215,2.1577837467193604,1.4180401644581231e-11,-0.7299318313598633,394.31564021110535,2.117933259326854e-11,-1.8564329147338867,148.81350326538086,1.0216887336156333e-09,1.9856023788452148,-6.67193603515625,3.2997571342008314e-09,6.535918235778809,399.271648645401,3.23711113470182e-10,-0.43331384658813477,1.4185147285461426,3.0492669500503666e-10,-0.8623161315917969,399.7879662513733,2.1395998861528653e-10,-4.885593414306641,-4.113127708435059,2.1521394041879027e-11,3.733370989561081,-1.913498878479004,9.579455978458995e-11,213.20963060855865,-4.233726501464844,2.1702892955000053e-11,-2.076101779937744,4.5950745940208435,1.778384106643216e-10,2.084172248840332,-1.677586555480957,2.713254065866977e-10,-1.8508238792419434,384.6678264141083,7.127328727207782e-10,-3.0587010383605957,9.687191486358643,6.17330797592075e-10
866,-1.898834228515625,126.36789798736572,2.3342012350768826e-11,-2.480752944946289,392.40506052970886,5.445731365849582e-11,118.79251098632812,3.106247067451477,7.759673979756965e-12,-0.5665178298950195,394.4247997999191,3.166642989493873e-11,-2.23056697845459,398.7154977321625,9.946065082644395e-10,2.1001611948013306,-6.347489356994629,2.9687008407108806e-09,6.838606357574463,399.461448431015,4.491036431630846e-10,-0.39255237579345703,1.2600882053375244,3.242611179565813e-10,-0.7721700668334961,399.7356081008911,2.932568909930211e-10,-5.14354133605957,-4.271368980407715,2.0364546854390042e-11,3.8791271969676018,-1.7738070487976074,8.419982766572076e-11,4.3996986746788025,-6.4746198654174805,1.9898797887218933e-11,-2.0793399810791016,4.742820918560028,1.586344111625948e-10,1.7525544166564941,-1.714585304260254,2.4221225025655713e-10,-1.852874755859375,384.5474965572357,9.318049665196781e-10,-2.574223041534424,9.894335746765137,5.944982839345414e-10
867,-1.6302027702331543,110.22710466384888,2.1340028702465652e-11,-2.712395191192627,392.44460916519165,5.152099927241416e-11,-7.454137802124023,-0.5766372680664062,9.969359539285794e-12,-0.3376736640930176,394.36689722537994,2.32705764380281e-11,-1.9547524452209473,398.9320967197418,9.52442125168318e-10,2.628631114959717,-6.525568008422852,4.886464122222378e-09,6.7419819831848145,399.1565930843353,4.3022557738581213e-10,-0.5169239044189453,0.7709133625030518,5.454225959766745e-10,-0.9775805473327637,399.7203929424286,2.49842729838079e-10,-5.014582633972168,-4.595137596130371,4.3290798029671507e-11,4.187614232301712,-1.5309982299804688,2.771452789485096e-10,4.311976462602615,-5.9744720458984375,8.103180626495288e-11,-2.4010190963745117,3.9095366820693016,3.993001207458491e-10,2.339542269706726,-1.398472785949707,4.1680525697529447e-10,-1.8512325286865234,384.6418306827545,9.44322064988512e-10,-2.46321439743042,9.176240921020508,1.2084239164877886e-09
868,-1.8312573432922363,142.09612441062927,2.2494811569018225e-11,-2.9299750328063965,392.9297921657562,4.7896249466550245e-11,182.41479110717773,2.683333396911621,1.0306519526714908e-11,-0.5253252983093262,394.05091667175293,2.204647228665202e-11,-1.2915606498718262,399.10504841804504,7.961671322220809e-10,1.6509416103363037,-6.611820220947266,2.6875692782368787e-09,6.994255304336548,399.21637058258057,3.3539762633871817e-10,-0.4157681465148926,1.1221575736999512,4.4086176376190167e-10,-1.0660624504089355,399.6811137199402,2.2694529588918044e-10,-5.2213335037231445,-4.340108871459961,2.1651210338480276e-11,3.9590795412659645,-1.966883659362793,7.875488455821866e-11,5.281655430793762,-6.523566246032715,1.95587834123101e-11,-2.313699245452881,5.1714218854904175,1.84949514037136e-10,2.3752448558807373,-1.9418449401855469,2.559320255723918e-10,-1.7562017440795898,384.3925895690918,1.0102442216108898e-09,-2.9128594398498535,9.790664196014404,5.69988889420614e-10
869,-1.7496304512023926,142.12765789031982,2.6430194838278354e-11,-2.8095335960388184,392.78667759895325,3.983269963869773e-11,182.91086196899414,2.7440719604492188,7.09555417893748e-12,-0.515437126159668,394.14471685886383,1.9247072685635302e-11,-1.9676513671875,116.88337898254395,9.283031565665567e-10,2.183017134666443,-6.339932441711426,2.934277043564748e-09,6.9140284061431885,399.4608643054962,3.8532821378112203e-10,-0.6584115028381348,1.2037155628204346,3.4347513722110534e-10,-0.7361621856689453,399.5584876537323,2.1921317538975416e-10,-5.356439590454102,-4.3241682052612305,2.049797657999175e-11,4.04807872697711,-1.7874064445495605,8.762379710702817e-11,197.63301634788513,-4.190932273864746,2.168555612858114e-11,-2.196005344390869,4.913830399513245,1.6123277712942752e-10,2.370174765586853,-1.768270492553711,2.202004828477655e-10,4.79567813873291,391.415235042572,5.709638872808398e-10,-2.819120407104492,9.669936180114746,6.043695544022398e-10
870,-1.5909504890441895,126.41918087005615,1.6928751803146902e-11,-2.7382774353027344,392.32976770401,5.408321360200752e-11,182.7670397758484,2.499829649925232,9.521197198714137e-12,-0.6530404090881348,394.3148744106293,3.105524865043563e-11,-1.809180736541748,398.9181401729584,9.109109577742913e-10,2.1798726320266724,-6.326897621154785,2.8918778482989183e-09,6.758195400238037,399.4484565258026,4.244913032191988e-10,-0.5876550674438477,1.1403424739837646,3.601957898613506e-10,-0.40518951416015625,399.5756022930145,2.866898940467877e-10,-5.343138694763184,-4.380491256713867,2.2494039617071415e-11,4.111103467643261,-1.6862092018127441,1.0409453854443029e-10,197.16645109653473,-4.135632514953613,2.172376688258648e-11,-1.9779667854309082,4.755072176456451,1.7000205410067082e-10,1.8831911087036133,-1.796022891998291,2.149428968145628e-10,-2.381897449493408,384.93620109558105,8.491805592036883e-10,-2.4978203773498535,9.572533130645752,6.472422597880723e-10
871,-1.9061145782470703,190.01553869247437,1.9458689867746237e-11,172.44212955236435,66.34711980819702,3.655240346511768e-11,198.26990222930908,2.3534289598464966,7.508062747907385e-12,-0.7219138145446777,394.1952826976776,1.7509289157446872e-11,-2.16086483001709,399.1665210723877,7.232087151365363e-10,2.032384753227234,-6.502863883972168,2.478687921581013e-09,6.888504505157471,399.6237847805023,3.5250816154963616e-10,-0.7433209419250488,0.9792094230651855,3.659371694553215e-10,-0.8957023620605469,399.90396523475647,1.7370289928653193e-10,-5.469627380371094,-4.651666641235352,1.949539488177443e-11,4.086447611451149,-1.868234634399414,8.723391453635543e-11,5.058011889457703,-6.313480377197266,1.468284001326925e-11,-2.3045425415039062,4.941493928432465,1.4088449851179519e-10,2.446970820426941,-1.8064475059509277,1.972024349372603e-10,-1.9871959686279297,384.23058915138245,3.9713696220466943e-10,-2.8494420051574707,9.84568738937378,5.359710453234356e-10
872,-2.261310577392578,126.5368983745575,2.1851678452811107e-11,203.12126380205154,65.62442111968994,5.417179899103175e-11,-7.949317932128906,-0.9391980171203613,7.761346253187806e-12,-0.5415849685668945,394.0613044500351,2.8871738333435815e-11,-2.0556106567382812,399.213059425354,9.309504833687754e-10,1.7731711864471436,-6.72186279296875,3.301185991233524e-09,7.180097579956055,399.60500979423523,5.023748639310099e-10,-0.6959161758422852,0.9937138557434082,3.364882261713831e-10,-0.8755970001220703,399.85198760032654,2.4949034505006296e-10,-5.222990989685059,-4.0655622482299805,2.6309282877279294e-11,4.448866248130798,-1.635972499847412,1.7957199616169817e-10,4.055906113237143,-6.1136674880981445,4.6090287836308974e-11,-2.5454864501953125,3.9673334881663322,2.5232682610010215e-10,2.0942435264587402,-1.5845742225646973,2.440299906592003e-10,-1.9470734596252441,384.5447609424591,9.379442778012503e-10,-2.970177173614502,9.141319274902344,5.78631531578111e-10
873,-1.3962383270263672,206.0042142868042,2.161337601946922e-11,-2.7574234008789062,392.38531136512756,4.9449923322786304e-11,-8.417290687561035,-0.33275651931762695,1.1041200939643225e-11,-0.45365095138549805,394.16781437397003,2.37232559985312e-11,-1.9671573638916016,100.94273948669434,7.504877275188448e-10,2.0345715284347534,-6.510858535766602,3.841542639548834e-09,6.973244667053223,399.5140600204468,3.605559739661146e-10,-0.6966657638549805,1.1875104904174805,4.66912786212248e-10,-1.0411090850830078,399.8958673477173,2.0999819938527509e-10,-5.088230133056641,-4.170526504516602,2.813393788769769e-11,3.8727849423885345,-1.8832359313964844,1.0730404065295573e-10,5.013514995574951,-6.3780317306518555,2.9858757827350146e-11,-2.213052749633789,5.208438992500305,2.2172447211588064e-10,2.3690205812454224,-1.9092845916748047,3.474735499331416e-10,177.07430744171143,219.46535629034042,1.263659399342032e-09,-2.9018335342407227,9.80286693572998,7.762242515418905e-10
874,-1.99277925491333,126.26985359191895,2.61366275844388e-11,-2.8153438568115234,392.72599720954895,4.414631507576594e-11,182.52266120910645,2.7602370977401733,1.1159639184965542e-11,-0.573702335357666,394.1569547653198,2.1353873530527423e-11,-2.0840330123901367,132.71628952026367,8.620581470886179e-10,1.9653387069702148,-6.81048583984375,4.284708587931618e-09,6.716212511062622,399.2557921409607,3.30456717545502e-10,-0.4741067886352539,1.162449598312378,3.8949204972382745e-10,-0.9903535842895508,399.6971769332886,2.2465151960915364e-10,-5.073651313781738,-4.439977645874023,3.431495365635584e-11,4.338883876800537,-1.8275203704833984,2.2884612260742898e-10,3.9590846858918667,-5.890761375427246,6.877828168105893e-11,-2.3555426597595215,3.719450503587723,3.147015426030464e-10,2.251422166824341,-1.421194076538086,3.9590719591586776e-10,4.855901062488556,391.7670307159424,6.555303522226552e-10,-2.8091177940368652,9.044779777526855,8.310231947028512e-10
875,-1.746838092803955,126.29118275642395,2.1498051602786283e-11,-2.901057243347168,392.3289737701416,3.363533063183155e-11,-8.456727981567383,-0.6320381164550781,6.144791273032801e-12,-0.573890209197998,394.20022690296173,2.040498325861506e-11,-2.2704615592956543,133.05379581451416,8.082469693526662e-10,2.023044228553772,-6.532912254333496,2.7680573388977336e-09,7.057099103927612,399.41971611976624,3.014161698011719e-10,-0.5913877487182617,1.024963617324829,3.2873295752189335e-10,-0.9855794906616211,399.65215396881104,1.6938254965292998e-10,-5.419524192810059,-4.072665214538574,1.951001166178301e-11,4.061365317553282,-1.7633867263793945,7.368396864881888e-11,4.592132866382599,-6.598532676696777,2.377589444768624e-11,-2.242982864379883,4.781856715679169,1.4743209431067328e-10,2.101202607154846,-1.6752796173095703,2.19614965102366e-10,-2.009916305541992,384.4762680530548,9.671272671596398e-10,-2.339048385620117,9.832825660705566,6.55257847981261e-10
876,-1.589576244354248,109.97578752040863,3.717847210649161e-11,-2.8630290031433105,392.63696122169495,6.474667330058637e-11,182.63872909545898,2.7345385551452637,9.117982410766778e-12,-0.8312788009643555,394.4619075059891,3.060178499492139e-11,-1.3690462112426758,116.53906059265137,1.1053812309924638e-09,1.7087273597717285,-6.55632209777832,2.6301734123990173e-09,6.689318418502808,399.34921169281006,3.9733852319479013e-10,-0.5536074638366699,1.1095383167266846,2.918635333415409e-10,-0.7614016532897949,399.7653317451477,2.776839314044821e-10,-2.02447509765625,107.28828060626984,2.1087027957111815e-11,3.9305842369794846,-1.7311935424804688,8.039078430721602e-11,243.29460394382477,-3.656951427459717,1.9675224990911566e-11,-2.1621556282043457,4.766783893108368,1.397996024499193e-10,1.8942553997039795,-1.7400031089782715,2.0653356802569078e-10,-1.9930286407470703,384.8358573913574,7.658725320602855e-10,-0.6945090293884277,99.86268462240696,6.263125018612925e-10
877,-2.079538345336914,126.61900591850281,2.8548219344060044e-11,-2.6923751831054688,392.5961368083954,4.7175818806977077e-11,182.92755603790283,2.6647685766220093,1.4729318459361096e-11,-0.6420245170593262,394.28425920009613,2.7428956675401572e-11,-1.7426104545593262,101.09760093688965,9.159809022385446e-10,2.021629571914673,-6.519318580627441,3.767305134516619e-09,6.667716026306152,399.3758373260498,4.5824366523561366e-10,-0.8594784736633301,1.1657218933105469,5.944086889364542e-10,-0.7974672317504883,399.61202096939087,2.564456147435834e-10,-5.625870704650879,-4.107507705688477,3.9476154983786316e-11,3.997590090613812,-1.8398470878601074,1.222957013435888e-10,4.291109144687653,-6.448052406311035,3.200915921208747e-11,-2.1067800521850586,4.994156301021576,2.2497741170024455e-10,2.030275821685791,-1.4791831970214844,3.722546437767704e-10,4.702188730239868,391.6216998100281,7.343860519704037e-10,-1.9659862518310547,10.08753776550293,1.1068032046424037e-09
878,-1.5956435203552246,142.19543480873108,2.7713296935072407e-11,-2.689528465270996,392.54045963287354,7.023614329026984e-11,-7.701106071472168,-0.7744259834289551,1.044108549619338e-11,-0.3699355125427246,394.39225935935974,3.374418106050214e-11,-1.6985244750976562,398.7918395996094,1.1504807106987869e-09,2.064281463623047,-6.713057518005371,3.972326023671258e-09,6.82646632194519,399.3937509059906,5.167258287919196e-10,-0.46805763244628906,0.9722170829772949,5.639191891226858e-10,-0.3057565689086914,399.62317538261414,3.3549807376687113e-10,-5.067352294921875,-5.056338310241699,3.401072132258598e-11,4.222628071904182,-1.7359933853149414,1.9239666804171662e-10,4.181108012795448,-5.871456146240234,6.256018619810177e-11,-2.3603110313415527,4.1276263147592545,3.072438137241562e-10,2.1604593992233276,-1.8709192276000977,4.2622746998510763e-10,4.868607938289642,391.55776262283325,1.0416528750667453e-09,-2.436068534851074,9.065460681915283,7.982670635620082e-10
879,-1.4400701522827148,206.10174226760864,2.2015252468254864e-11,204.25352630019188,49.08265399932861,1.0889224244525764e-10,182.7652244567871,2.5833464860916138,1.7868734270010123e-11,-0.6016740798950195,394.3385308980942,2.3848062413733828e-11,-1.860973834991455,132.77291774749756,8.605385848348135e-10,1.9213554859161377,-6.463705062866211,2.822243327926799e-09,6.814801931381226,399.5048863887787,3.7610714542779533e-10,-0.4363517761230469,1.1667594909667969,3.005372617437274e-10,-0.5890307426452637,399.82543683052063,2.1788514048548535e-10,-5.124119758605957,-4.226034164428711,2.023163581110765e-11,4.168450891971588,-1.8960905075073242,1.0038991860028545e-10,197.24759471416473,-4.2680463790893555,2.753363509411244e-11,-2.118983745574951,4.599876940250397,1.6006594660833429e-10,1.7785062789916992,-1.805191993713379,2.1399550187428673e-10,-1.8646035194396973,384.5049662590027,6.640550331837858e-10,-2.6343207359313965,9.785386562347412,5.527462931809168e-10
880,-1.734208106994629,142.303724527359,2.347989858098032e-11,-2.9081406593322754,392.6060266494751,5.497514943275661e-11,103.23748207092285,2.399214267730713,8.291288662587437e-12,-0.5474939346313477,394.48570108413696,3.418606023264381e-11,-1.7024245262145996,398.99383544921875,9.40513111835628e-10,1.8472342491149902,-6.828573226928711,2.9256816969081e-09,6.439952850341797,399.35058760643005,4.894473715211234e-10,-0.42707204818725586,1.0490424633026123,3.2637575975158484e-10,-0.581387996673584,399.65156412124634,2.705332069474764e-10,-5.055742263793945,-4.5030517578125,2.1147082349126656e-11,4.068209260702133,-1.8360390663146973,1.1719747394778324e-10,4.0532436817884445,-6.345582008361816,4.1234609476914486e-11,-2.5094752311706543,3.9926614137366414,1.940954758028468e-10,2.003116011619568,-1.9909167289733887,2.841844259915405e-10,4.940661430358887,391.62640476226807,7.87729492746081e-10,-2.652418613433838,9.109556198120117,5.408046233057462e-10
881,-2.342236042022705,110.37817692756653,3.499696019093612e-11,-3.029033660888672,392.91292572021484,4.390054639258345e-11,103.01202440261841,2.844981551170349,9.78394015110906e-12,-0.840111255645752,394.25356006622314,2.3096266218991524e-11,-1.9771442413330078,116.67797946929932,1.0228371483123055e-09,1.7299985885620117,-6.47255802154541,2.7643902722473968e-09,6.8020100593566895,399.508287191391,3.1955432744368295e-10,-0.5148301124572754,1.1237900257110596,3.1490088314711784e-10,-0.9286561012268066,399.29235649108887,2.1401386218755647e-10,-2.138312816619873,106.52719008922577,1.9687350708008644e-11,4.157380983233452,-1.741755485534668,8.693029629469606e-11,4.48511329293251,-6.4303083419799805,1.777711831907336e-11,-2.365511894226074,4.75948292016983,1.4324620656314124e-10,1.9479846954345703,-1.8170781135559082,2.236976021086079e-10,-2.258248805999756,384.76165676116943,5.945811065721784e-10,-2.4801077842712402,10.079118251800537,4.925284069479119e-10
882,-1.2962350845336914,173.97450363636017,1.9126962166882144e-11,187.8531091362238,66.04811334609985,5.360238641838322e-11,103.79537630081177,3.1148334741592407,1.8361831152780006e-11,-0.46953439712524414,394.2716416120529,2.594599361749328e-11,-2.063998222351074,399.0116193294525,8.03606237109733e-10,2.1082637310028076,-6.472354888916016,2.5978357243161554e-09,6.976358890533447,399.56439995765686,4.219565252761015e-10,-0.5683202743530273,1.0055904388427734,3.4153818662119306e-10,-0.8305959701538086,399.52874779701233,2.3632762413683395e-10,-5.247777938842773,-4.331780433654785,1.879003029559012e-11,4.064898826181889,-1.811974048614502,7.168401983115302e-11,4.71642392873764,-6.40524959564209,1.9469531889471092e-11,-2.3880887031555176,4.942158401012421,1.4321152597140951e-10,1.996178150177002,-1.9294190406799316,2.3012115824005974e-10,-1.5781359672546387,384.7231230735779,1.0769100056151615e-09,-2.451050281524658,10.005745887756348,6.071563807275027e-10
883,-1.5575470924377441,142.29499435424805,2.013224482955156e-11,-2.356614112854004,392.8217360973358,6.267268648496582e-11,119.1417646408081,3.8133655041456223,1.3277774713049695e-11,-0.3944268226623535,394.2809730768204,3.6178959134103295e-11,-2.135298728942871,398.809912443161,1.1711440706108078e-09,1.549980878829956,393.73835158348083,3.1261320199149623e-09,6.909952402114868,399.57954120635986,6.183148437699515e-10,-0.3484945297241211,1.05656099319458,3.7508837702482367e-10,-0.6851038932800293,399.3600745201111,3.4907049473176244e-10,-5.492828369140625,-4.2650861740112305,2.4106864074391332e-11,4.291964173316956,-1.603696346282959,1.0824924984165207e-10,4.354240983724594,-6.578173637390137,2.667821519253266e-11,-2.398286819458008,4.777812838554382,1.7901150006771616e-10,1.976607084274292,-1.5334949493408203,2.354790529235373e-10,-1.3477411270141602,384.558678150177,1.45882783630924e-09,-2.368506908416748,9.540040493011475,6.589790935151996e-10
884,-1.5055174827575684,157.9525521993637,2.1781893996819512e-11,202.76124453544617,66.1364803314209,7.578536409535985e-11,198.40738153457642,2.5804498195648193,1.0134565062158707e-11,-0.5397224426269531,394.4338833093643,2.529859308153526e-11,-1.8406333923339844,399.0262451171875,8.805425277813583e-10,1.7342922687530518,-6.685880661010742,3.0738762646365103e-09,6.921982526779175,399.493230342865,4.0269984569185624e-10,-0.46346330642700195,1.272705078125,3.8379227573770436e-10,-0.7715301513671875,399.58047223091125,2.7341431896310553e-10,-5.183258056640625,-4.280938148498535,2.2931087584332488e-11,4.219669342041016,-1.5727519989013672,1.1587605874829876e-10,4.451645404100418,-6.460148811340332,2.7850912548421647e-11,-2.2131733894348145,4.736830353736877,1.837171942353777e-10,1.9077742099761963,-1.7881889343261719,2.7764207599645374e-10,-1.9048852920532227,384.62330651283264,1.0039399311878583e-09,-2.6061530113220215,9.359195232391357,6.517751338641631e-10
885,-2.0870022773742676,126.53857517242432,2.646257865612789e-11,-2.6612067222595215,392.7302916049957,4.7603171404730915e-11,-7.793428421020508,-0.5123081207275391,1.2889281655881213e-11,-0.35645294189453125,394.21345257759094,3.459128122829114e-11,-1.9018511772155762,132.90593242645264,9.641508702529222e-10,1.8113048076629639,-6.6669816970825195,4.825078558923224e-09,6.966893434524536,399.45324182510376,5.506438083280329e-10,-0.5350313186645508,1.272526741027832,7.310222427392432e-10,-0.979400634765625,399.59151339530945,2.5044771811977284e-10,-4.758474349975586,-5.00560188293457,4.291026214908733e-11,3.8759972229599953,-1.868715763092041,1.83782378204711e-10,4.538483917713165,-5.699433326721191,6.867039575864098e-11,-2.382643222808838,4.535506069660187,3.450247310077259e-10,2.2048758268356323,-1.8946175575256348,5.914502221315843e-10,-1.5217809677124023,384.5289225578308,9.277049128897374e-10,-2.5960092544555664,9.188945293426514,1.0067222611098714e-09
886,-1.7169528007507324,142.18116879463196,1.9298094372510732e-11,-2.825228214263916,392.44924759864807,7.661583867335509e-11,182.95672369003296,2.4347249269485474,2.9609169283073555e-11,-0.7056417465209961,394.5097975730896,3.533184161907954e-11,-1.7332205772399902,398.62045979499817,1.0525977867104075e-09,1.7533519268035889,-6.607038497924805,4.147657328701371e-09,6.654303073883057,399.4369032382965,4.3757697465451884e-10,-0.45591163635253906,1.096269130706787,5.147594017707036e-10,-0.732231616973877,399.6260573863983,3.001379977884966e-10,-5.032400131225586,-4.952178001403809,3.655588678985744e-11,4.25686639547348,-1.8247966766357422,1.9332734024768428e-10,4.389083027839661,-5.98177433013916,7.339781560311565e-11,-2.3782706260681152,4.042314760386944,3.3534200416518445e-10,1.9824755191802979,-1.8664684295654297,4.487294424926347e-10,-1.977919101715088,384.6290726661682,1.1309344571941438e-09,-2.6020798683166504,8.783379077911377,8.446398025441226e-10
887,-1.480961799621582,174.07196497917175,2.082681249682139e-11,-2.969928741455078,392.7067565917969,4.998932864874739e-11,198.81910848617554,2.5360071659088135,1.2149052597276722e-11,-0.8122105598449707,394.66168904304504,2.5804599776413362e-11,-1.6053404808044434,399.0123188495636,8.43323022525766e-10,1.6098213195800781,393.90172719955444,2.298931267574744e-09,6.808477163314819,399.38521575927734,3.761035372029653e-10,-0.43451976776123047,1.150780439376831,2.456462810940252e-10,-0.6530380249023438,399.836341381073,2.545965382960702e-10,-5.252715110778809,-4.077591896057129,1.397643199091414e-11,-1.9314699172973633,398.91262674331665,7.156258224894074e-11,197.55882561206818,-4.262622833251953,2.1310012782160825e-11,-2.3533449172973633,4.841964542865753,1.019451675854377e-10,2.1649214029312134,-1.756464958190918,1.5891211957441698e-10,-1.9405255317687988,384.51389479637146,6.047558009925069e-10,-2.613651752471924,10.023714542388916,4.837442668659264e-10
888,-1.7572097778320312,110.41668152809143,2.3934278170489875e-11,-2.940887928009033,392.3467342853546,4.6862205088649134e-11,118.87719249725342,3.1324968934059143,4.0693603001185075e-12,-0.6810903549194336,394.225483417511,2.591711220634174e-11,-1.7309417724609375,116.74584579467773,1.084557554875687e-09,1.597029209136963,393.575558423996,2.243279340063964e-09,6.888785362243652,399.39473581314087,4.0234357512325403e-10,-0.4572615623474121,1.0698964595794678,1.643334912593275e-10,-0.8607316017150879,399.7608251571655,2.090191630887972e-10,-1.9803929328918457,107.32499778270721,1.77767470882495e-11,4.288939923048019,-1.7473411560058594,6.300360233524316e-11,4.302785485982895,-6.919919013977051,1.3548413259345526e-11,-2.6842422485351562,4.543650925159454,9.19700426926795e-11,2.071866035461426,-2.2689666748046875,1.0535411432144315e-10,-1.9226651191711426,384.47735810279846,7.695653558847937e-10,-0.8857665061950684,99.77292023599148,5.289342297487565e-10
889,-1.6972594261169434,142.2145643234253,2.3617925323793365e-11,-2.9089369773864746,392.5204646587372,5.904546296342517e-11,-8.102497100830078,-0.8884825706481934,9.753923363442496e-12,-0.4899330139160156,394.4750039577484,2.998860534897396e-11,-1.6055006980895996,398.83527851104736,8.821108288259438e-10,1.7575373649597168,-6.831076622009277,3.5396834352496853e-09,6.741651773452759,399.2694356441498,4.2287989776568224e-10,-0.4694819450378418,0.9807400703430176,6.439655475531936e-10,-0.5628838539123535,399.949405670166,2.505055329837802e-10,-4.585241317749023,-4.86756706237793,3.361044428884519e-11,3.958306860178709,-1.8137741088867188,1.6674665814786493e-10,4.145276874303818,-5.945864677429199,4.677370990524565e-11,-2.1290535926818848,4.549263536930084,2.57694449112833e-10,1.8214049339294434,-2.1868529319763184,4.924682883711284e-10,-2.0042266845703125,384.6586558818817,8.834831199955318e-10,-2.594266891479492,9.0948166847229,7.057229800544462e-10
890,-1.654200553894043,93.85697150230408,2.5751106108584665e-11,-2.8036928176879883,392.4019727706909,5.517611020855462e-11,-7.742885589599609,-0.5239934921264648,9.545162403534757e-12,-0.6584534645080566,394.1777778863907,2.800661959290185e-11,-0.8702788352966309,100.2411470413208,1.2752379152658477e-09,2.143325448036194,-6.689640998840332,4.094943939492168e-09,6.842407703399658,399.5247383117676,3.9723163647309434e-10,-0.4525570869445801,1.1850788593292236,5.56821255770501e-10,-0.8575940132141113,399.6278419494629,2.512999253134751e-10,-4.89199161529541,-4.805678367614746,3.501638909386706e-11,4.2335715144872665,-1.67633056640625,2.0839695247243384e-10,4.126655280590057,-5.8071794509887695,5.264971444929323e-11,-2.286536693572998,4.05484788864851,3.1296920610657253e-10,2.0009011030197144,-1.8157429695129395,4.5094908363019215e-10,-1.8325567245483398,384.50553274154663,1.023237161668078e-09,-0.813835620880127,100.27470728754997,9.168618642085846e-10
891,-1.682302474975586,206.13922142982483,2.1747355652412814e-11,-2.725350856781006,392.70145416259766,5.238736527912735e-11,213.6647982597351,2.4049465656280518,4.669052037359345e-12,-0.49057912826538086,394.14945363998413,2.5531562974911992e-11,-1.8266944885253906,398.93283677101135,8.299840814629533e-10,1.7269060611724854,-6.758113861083984,2.354930694892232e-09,6.953835964202881,399.44263195991516,3.768295120387677e-10,-0.49407386779785156,1.2892982959747314,2.2649813968822485e-10,-0.9666056632995605,399.8071229457855,2.2395374443817673e-10,-5.163487434387207,-4.022843360900879,1.3360898325209813e-11,3.887812562286854,-1.8886728286743164,6.47794040631311e-11,197.06080532073975,-4.766181945800781,1.5925885610279522e-11,-2.20351505279541,4.684618413448334,1.2613229904978596e-10,1.966031789779663,-1.977135181427002,1.8647262900461925e-10,-1.8514256477355957,384.4940631389618,1.089222045891347e-09,-2.894928455352783,9.794326782226562,4.228896122171477e-10
892,-1.7250027656555176,110.1208930015564,2.7358523432829962e-11,-2.7808637619018555,392.492609500885,6.46947009852461e-11,198.2886872291565,2.1254782676696777,2.3890585690300448e-11,-0.5084290504455566,394.31559813022614,3.590665612063226e-11,-1.802055835723877,116.83779716491699,1.0313413456586318e-09,1.8404831886291504,-6.762163162231445,2.893803419112828e-09,6.832683801651001,399.39671897888184,4.379719087399536e-10,-0.7947759628295898,0.8222827911376953,3.9532840889755505e-10,-0.7281203269958496,399.5301995277405,3.106995494217557e-10,-5.142559051513672,-4.449230194091797,2.62783909216191e-11,4.256822317838669,-1.8178596496582031,1.7565024434951226e-10,197.14837157726288,-4.276328086853027,4.190377558832559e-11,-2.152101516723633,4.151983797550201,2.1682175499471157e-10,2.26269793510437,-1.751899242401123,2.3228638457162276e-10,4.710880756378174,391.5286717414856,1.0842681197331672e-09,-3.024895668029785,9.143484115600586,6.444816347261906e-10
893,-1.6645421981811523,173.9131417274475,2.059882125982071e-11,-2.8433356285095215,392.7049300670624,5.136303535269171e-11,182.2052583694458,2.5793377161026,8.93282843528187e-12,-0.6739282608032227,394.47687590122223,2.997922743386283e-11,-1.9807662963867188,398.7942352294922,8.332151080203687e-10,1.876363754272461,-6.72471809387207,2.3713147001558355e-09,6.905005693435669,399.62470388412476,3.806283621621276e-10,-0.4880189895629883,1.3030941486358643,3.199721043678494e-10,-0.9127440452575684,399.5694284439087,2.6327320878927196e-10,-5.049262046813965,-4.01786994934082,1.4743484211265923e-11,-2.0139617919921875,398.94513726234436,6.124061674439574e-11,197.11142754554749,-4.499858856201172,2.1761878757353692e-11,-2.2570457458496094,5.129443645477295,1.296948520801422e-10,2.0903624296188354,-2.0246310234069824,2.0599381922448146e-10,-2.041646957397461,384.7303283214569,8.364650638803539e-10,-2.8440403938293457,9.79809856414795,4.421965849044085e-10
894,-2.018794536590576,110.15733742713928,4.3635910856876237e-11,-3.8181076049804688,124.99790847301483,7.657230405300197e-11,103.0119252204895,2.8115293979644775,8.535902019934927e-12,-0.7421813011169434,394.27946066856384,2.4807806850435377e-11,-1.9110150337219238,132.8476161956787,1.6790940859934267e-09,2.111506462097168,124.14557228982449,2.009919342071953e-09,6.6817405223846436,399.47762393951416,2.986082769940168e-10,-0.4868922233581543,1.157761812210083,1.9527371386551806e-10,-0.8793511390686035,399.78714418411255,2.491075679067478e-10,-1.8002333641052246,123.03297179937363,3.564095893415775e-11,3.9956644172780216,-1.878248691558838,7.579650102007562e-11,-1.20827054977417,113.819659948349,3.556958547146216e-11,-2.195589542388916,4.675276458263397,1.0804627331717498e-10,1.87294340133667,-2.09658145904541,1.364078155985382e-10,-2.2263312339782715,384.9036681652069,9.627764141484363e-10,-1.0321769714355469,115.65271434187889,7.23766269139503e-10
895,-1.8967437744140625,110.37509226799011,2.6074685813282095e-11,-2.6449432373046875,392.50520873069763,4.4939902493768e-11,-8.49294376373291,-0.47873973846435547,8.601258594254091e-12,-0.5183310508728027,394.1622226238251,1.888149706030795e-11,-2.024618148803711,116.88210487365723,8.961935638041041e-10,1.9160993099212646,-6.439295768737793,3.151467975470723e-09,6.740825891494751,399.41043758392334,2.73565059494274e-10,-0.34752702713012695,1.0319552421569824,3.9794523232217216e-10,-1.076244831085205,399.8446342945099,1.9443896492887802e-10,-5.189736366271973,-4.648133277893066,2.4132583084646164e-11,4.022863836959004,-1.8963937759399414,9.789301314011567e-11,4.584487497806549,-6.387072563171387,2.4905091877691632e-11,-2.3106307983398438,4.668916463851929,1.7767735893681191e-10,2.0418901443481445,-1.7455635070800781,3.130892212155345e-10,-1.9906468391418457,384.8965404033661,9.51944523208681e-10,-2.4138240814208984,9.905718803405762,6.550991415998908e-10
896,-1.5629920959472656,189.9004361629486,2.7528014590050276e-11,-4.2786970138549805,108.16207502782345,3.172197921008646e-11,198.41941785812378,2.159248471260071,1.850143302450924e-11,-0.7240819931030273,394.35039365291595,2.005153681983174e-11,-2.172374725341797,116.8906478881836,8.52577286547529e-10,1.825770378112793,-6.761011123657227,3.017027516705184e-09,6.69636082649231,399.2979176044464,3.0768659842195234e-10,-0.3742833137512207,1.0909068584442139,3.9821781983029325e-10,-1.223806381225586,399.663361787796,1.6659375268179843e-10,-4.822711944580078,-4.826094627380371,2.2489834647365647e-11,4.023263648152351,-1.964505672454834,1.1784055675700955e-10,4.094195201992989,-5.991320610046387,3.457406236306859e-11,-2.458944320678711,4.338346213102341,2.249709585289139e-10,1.981013536453247,-1.9092793464660645,3.4289127093245497e-10,-1.8600997924804688,384.5595817565918,4.749735604825389e-10,-2.855668067932129,9.419150352478027,5.256244883788952e-10
897,-1.3636369705200195,189.9698704481125,2.1585525034062414e-11,-3.055561065673828,392.60136437416077,4.150470245267712e-11,182.99508476257324,2.7127476930618286,1.485005174384213e-11,-0.982295036315918,394.4999200105667,2.1485016890587794e-11,-1.2875761985778809,100.34139251708984,7.739194840539199e-10,2.048653244972229,-6.719695091247559,3.812069326869505e-09,6.68418288230896,399.33384585380554,2.8651223060727204e-10,-0.5753598213195801,0.9488344192504883,3.333580356201793e-10,-0.9201679229736328,399.7470660209656,1.847552388856144e-10,-5.106490135192871,-4.5114240646362305,2.5700861577826473e-11,4.111157312989235,-1.8241353034973145,1.7815891817374307e-10,3.96192604675889,-5.976482391357422,4.679673662466577e-11,-2.30966854095459,3.885099917650223,2.754609873534264e-10,2.3313506841659546,-1.5740962028503418,3.3076319461144976e-10,-2.2932848930358887,384.5654470920563,4.199966208151551e-10,-3.0620059967041016,8.95321273803711,6.685373366011049e-10
898,-1.9186158180236816,110.3348548412323,2.485469642599103e-11,-2.746093273162842,392.24087500572205,4.456177440936848e-11,119.4669041633606,3.3127541542053223,1.300405876730748e-11,-0.6188397407531738,394.21512734889984,1.9567404987985704e-11,-1.324601173400879,116.61238098144531,1.0830919494608793e-09,1.8050312995910645,-6.950570106506348,3.7247644968374516e-09,6.912493705749512,399.53527760505676,3.2335689681417534e-10,-0.2690587043762207,1.2163312435150146,4.273989495651165e-10,-0.7690415382385254,399.6546368598938,2.2438645386202438e-10,-4.807402610778809,-4.388298034667969,2.7638074120983624e-11,3.832587093114853,-1.8363165855407715,1.5916298834461884e-10,3.88415864109993,-6.031154632568359,5.220602769528959e-11,-2.335967540740967,4.20101597905159,2.73565059494274e-10,1.9192731380462646,-1.88714599609375,4.5313561236604016e-10,-2.0949177742004395,384.5567157268524,1.1462117921468007e-09,-2.809323310852051,9.10689401626587,6.686942111144845e-10
899,-1.5435290336608887,142.14264750480652,1.8452270961200057e-11,-2.407534122467041,392.5700936317444,5.4625623469028994e-11,198.39834356307983,2.2888368368148804,1.0008626739888005e-11,-0.4940056800842285,394.1206120252609,3.053683000908691e-11,-1.940744400024414,398.9336497783661,8.320874544942569e-10,2.1080859899520874,-6.553888320922852,2.9419935376751027e-09,7.149951696395874,399.7039840221405,4.5156192673978524e-10,-0.33668088912963867,1.0863759517669678,4.0781059085226445e-10,-0.801579475402832,399.4913375377655,2.7948948710943e-10,-5.220272064208984,-4.529742240905762,2.395766397766952e-11,3.9929033522494137,-1.7552690505981445,9.956689639434302e-11,4.429679572582245,-6.329293251037598,2.5942283043978165e-11,-2.063565731048584,4.808431506156921,1.722055553710078e-10,2.096293330192566,-1.7233715057373047,2.822564959537033e-10,-1.805419921875,384.7770154476166,1.7749015590595718e-09,-2.4072070121765137,9.771874904632568,6.8247241191699e-10
900,-1.4058265686035156,173.9892075061798,2.139211204010838e-11,-2.522474765777588,392.5330765247345,6.5832166107338e-11,182.42758893966675,2.4937490224838257,1.2199860045802868e-11,-0.4410061836242676,394.23617148399353,4.523539182121894e-11,-1.7638206481933594,398.74441862106323,1.0748847367736403e-09,1.729835033416748,393.51403427124023,3.5176079826726436e-09,6.907345533370972,399.42329621315,6.56791954156688e-10,-0.28852033615112305,1.156909704208374,3.1631611219218314e-10,-0.2553133964538574,399.57746267318726,3.6729441710292576e-10,-4.927995681762695,-4.389792442321777,2.5219002233733967e-11,4.110980898141861,-1.5759782791137695,1.6761975141221797e-10,3.724272757768631,-5.845205307006836,4.52908162362764e-11,-2.6144838333129883,3.9873822079971433,2.332853632491805e-10,2.2969318628311157,-1.619217872619629,2.948491728549385e-10,4.8936408162117,391.55263328552246,1.0876338718546208e-09,-2.724608898162842,9.349165439605713,6.473879765600543e-10
901,-2.0371503829956055,110.26137518882751,2.5661967342771597e-11,-3.0774660110473633,392.67321825027466,4.146933491044891e-11,119.73103284835815,3.0341408252716064,1.4361272587803953e-11,-0.5839605331420898,394.3393454551697,2.3560603121253187e-11,-1.6822433471679688,116.74493217468262,8.610622770355292e-10,2.276246190071106,-6.395655632019043,2.61976929039065e-09,6.7272350788116455,399.33368396759033,4.0545819479653744e-10,-0.5903630256652832,1.1782846450805664,3.471059273341126e-10,-0.5145072937011719,399.961767911911,2.1658821958148167e-10,-5.440657615661621,-4.364389419555664,1.899075341427192e-11,4.139793083071709,-1.8493480682373047,8.774671961253588e-11,4.972662627696991,-6.233929634094238,1.6471751046465144e-11,-2.1505937576293945,5.034593224525452,1.5121823238040122e-10,2.4681135416030884,-1.793165683746338,1.8998586037710652e-10,4.957402408123016,391.52129316329956,5.272953185198048e-10,-3.1349525451660156,9.672281265258789,5.803192926201461e-10
902,-1.4343466758728027,126.32566022872925,2.467087124868872e-11,-2.6937308311462402,392.4454565048218,5.980464040655775e-11,-7.9486799240112305,-0.8835864067077637,8.511954162349067e-12,-0.38648509979248047,394.12153792381287,3.97775042071391e-11,-2.1299777030944824,398.7826051712036,9.981642179468508e-10,1.8534796237945557,-6.74459171295166,3.6431604399922435e-09,6.853449583053589,399.55502581596375,5.415095594152319e-10,-0.38472795486450195,1.0811703205108643,4.686732113512448e-10,-0.6658716201782227,399.5285041332245,3.1449512438719296e-10,-4.888395309448242,-4.838163375854492,3.254741962055441e-11,4.160924419760704,-1.866086483001709,1.6808460179262852e-10,4.0964077934622765,-5.8886518478393555,5.6198729697642946e-11,-2.2984352111816406,4.173528552055359,2.8258939632763713e-10,1.9343938827514648,-1.9144587516784668,4.2137426881083684e-10,-2.1250481605529785,384.42125391960144,9.27632304303927e-10,-2.6263933181762695,9.244202136993408,6.863927204392439e-10
903,-1.2768340110778809,189.69787883758545,2.3980293445413636e-11,-2.6098570823669434,392.3326027393341,5.383240728185079e-11,119.90836000442505,3.344651937484741,1.5696961092048767e-11,-0.640373706817627,394.4876381158829,3.3222865430948545e-11,-2.246584892272949,399.04936933517456,8.704863496689086e-10,2.128540515899658,-6.4033708572387695,2.7902145038893877e-09,6.8903748989105225,399.5238621234894,4.3311304542825724e-10,-0.5519504547119141,1.0493032932281494,3.486379795969441e-10,-0.5379748344421387,399.6303129196167,2.6000851471863484e-10,-5.303347587585449,-4.357089042663574,1.936446315797813e-11,4.076175265014172,-1.7569332122802734,7.516018363240562e-11,4.584307014942169,-6.48284912109375,2.001413097751925e-11,-2.1536431312561035,4.819369196891785,1.482453326762112e-10,1.922394037246704,-1.863494873046875,2.5506705081390635e-10,-2.09066104888916,384.81872940063477,1.0958318696907554e-09,-2.3757872581481934,9.925013542175293,6.034492350259768e-10
904,-1.493298053741455,157.99200439453125,3.137693924126772e-11,-2.626049041748047,392.6516013145447,5.452632095837018e-11,-8.72286319732666,-0.25195789337158203,9.977102477520816e-12,-0.6884078979492188,394.3506133556366,2.3289981054830378e-11,-2.0888619422912598,164.8578052520752,8.538744156183498e-10,2.131845235824585,-6.6297149658203125,3.329032827181777e-09,6.807421684265137,399.59741830825806,3.609240961655047e-10,-0.543205738067627,1.1193199157714844,4.281560939123352e-10,-0.8492860794067383,399.57371163368225,2.508033780657115e-10,-5.220170974731445,-4.112606048583984,2.6657719434663996e-11,4.1996909230947495,-1.7055459022521973,1.0566886948781828e-10,4.397144287824631,-6.402099609375,2.7197964366787453e-11,-2.18880558013916,4.823861658573151,1.8234416754303595e-10,2.086576819419861,-1.6907153129577637,3.006599413879485e-10,-1.8675384521484375,385.08205556869507,6.803188568049734e-10,-2.4978442192077637,9.878671646118164,6.9126171453604e-10
905,-1.7086286544799805,126.38373303413391,2.8751827307882394e-11,-3.0672459602355957,392.8482518196106,3.800645215212839e-11,-8.143036842346191,-0.5487027168273926,7.49041193653932e-12,-0.9237499237060547,394.4851464033127,2.197921185331797e-11,-2.3306565284729004,132.9963436126709,9.589807836718478e-10,2.1227232217788696,-6.606620788574219,3.7164755717356e-09,6.855400562286377,399.5627727508545,2.9277122393089883e-10,-0.713653564453125,0.9393885135650635,3.444723950529749e-10,-0.8269534111022949,399.82668447494507,1.855558207086716e-10,-5.156027793884277,-4.457530975341797,2.7827285614678843e-11,4.196223601698875,-1.8710989952087402,1.7582253708514628e-10,4.20733043551445,-6.0272932052612305,4.43167343100459e-11,-2.357722759246826,3.972637003287673,2.478313387843656e-10,2.1166725158691406,-1.679429531097412,3.3228583773414755e-10,-1.8132553100585938,384.3836979866028,4.588663615745503e-10,-2.7155609130859375,9.215771198272705,6.144012520969966e-10
906,-2.0682287216186523,110.44067549705505,4.865987821012219e-11,-4.419887542724609,108.1336367726326,5.6186933578006304e-11,198.03527879714966,2.5123811960220337,8.65185353915443e-12,-0.4075045585632324,394.3184210062027,2.6533185371047097e-11,-1.7142086029052734,116.63947486877441,1.556704209981774e-09,1.590627670288086,-6.558656692504883,2.989189784585733e-09,6.95702338218689,399.56296396255493,4.3215997447276777e-10,-0.33656883239746094,1.2277472019195557,3.3307523406023165e-10,-0.5818724632263184,399.8069922924042,2.424766498698716e-10,-2.088845729827881,106.48799216747284,3.0885710655681464e-11,3.8788716420531273,-1.8627195358276367,1.0284472579114023e-10,4.371598780155182,-6.298933982849121,2.0820140750332783e-11,-2.2166051864624023,4.7317323088645935,1.6131028457433416e-10,1.7545254230499268,-1.9241008758544922,2.3682669714197857e-10,4.852099180221558,391.60291481018066,7.260974599354597e-10,-2.8064608573913574,9.82191514968872,5.304880978940218e-10
907,-2.091308116912842,126.19512867927551,1.800637243476455e-11,-2.9919729232788086,392.92140316963196,4.33952943024174e-11,198.13516807556152,1.8932154178619385,8.343417970402278e-12,-0.6472086906433105,394.3744683265686,2.5980610024456396e-11,-1.5587573051452637,399.0191731452942,7.949972347098822e-10,1.6786472797393799,-6.620236396789551,2.5828015282058914e-09,6.894598722457886,399.3511309623718,3.686848604189663e-10,-0.4141087532043457,1.224508285522461,2.588407543857585e-10,-0.6998181343078613,399.83118081092834,2.370698637399471e-10,-5.1016998291015625,-4.238689422607422,1.682112088507992e-11,3.9336549937725067,-1.8266706466674805,8.234241066773507e-11,4.406228482723236,-6.6220197677612305,1.722669056014592e-11,-2.1917247772216797,4.668981969356537,1.4417790572540667e-10,1.9552133083343506,-1.7864737510681152,2.1856358389804598e-10,4.988506972789764,391.70307779312134,5.939247982311713e-10,-2.7087645530700684,9.946430683135986,4.490539606827326e-10
908,-1.6390342712402344,142.34695601463318,1.9807273876626397e-11,171.8871469795704,66.35916042327881,5.06955449841584e-11,119.76542472839355,3.6464569568634033,1.0816044240802292e-11,-0.5007286071777344,394.1538608074188,1.8476430455049986e-11,-1.8242883682250977,398.9651436805725,8.041213805931591e-10,2.218307852745056,-6.53776741027832,4.023522404139612e-09,6.853858947753906,399.3868627548218,4.4341194604946566e-10,-0.5849952697753906,0.9275195598602295,4.3809805783112665e-10,-0.9405598640441895,399.63235902786255,2.2613855232833657e-10,-5.002043724060059,-4.578731536865234,3.3310045693957235e-11,4.245590016245842,-1.5444908142089844,2.273763954896424e-10,4.182242304086685,-5.961313247680664,6.94255486433093e-11,-2.390329360961914,3.897830121219158,3.4644517810100695e-10,2.1563174724578857,-1.6082611083984375,3.936490022837802e-10,4.886597633361816,391.55270528793335,6.589589429673026e-10,-2.55649471282959,9.068427562713623,8.252705185896048e-10
909,-1.5955767631530762,142.2433784008026,3.0557632813010827e-11,-2.707254409790039,392.79332447052,4.624924054841273e-11,182.73205614089966,2.39388370513916,8.955620099670991e-12,-0.4214968681335449,394.18603813648224,2.4996987119108027e-11,-2.14259672164917,148.9339303970337,9.043895077276431e-10,1.6295745372772217,393.809148311615,2.2859103498973354e-09,7.029337167739868,399.53426337242126,3.8188424644758356e-10,-0.6306819915771484,1.0101146697998047,2.3333165954930735e-10,-0.8333544731140137,399.644832611084,2.2310742142650497e-10,-5.263964653015137,-3.9368081092834473,1.3937859547064058e-11,4.0862937569618225,-1.6308598518371582,6.650065914604042e-11,197.556640625,-4.1006879806518555,2.7084851722536385e-11,-2.365555763244629,4.702016532421112,1.0633851438290876e-10,2.0864791870117188,-1.6565837860107422,1.6152765236476796e-10,-1.9078497886657715,384.6847143173218,9.302865700000496e-10,-2.62481689453125,10.113746166229248,4.195434277765031e-10
910,-1.6643009185791016,110.00208139419556,2.0106995929358717e-11,-2.8503341674804688,392.70584416389465,3.228292286272527e-11,103.20770025253296,3.2827696800231934,8.727164824140488e-12,-0.5567398071289062,394.2018977403641,1.4544867046883958e-11,-1.532597541809082,116.39859580993652,8.593116773703002e-10,2.03650963306427,-6.674653053283691,2.469316529030152e-09,7.010026216506958,399.54359674453735,3.021650429868572e-10,-0.6588373184204102,1.1965241432189941,3.117918701001088e-10,-0.8156347274780273,399.66326689720154,1.8027651593754968e-10,-5.3317060470581055,-4.42460823059082,1.7988315698103108e-11,4.020065376535058,-1.958869457244873,7.56613036112519e-11,197.59887862205505,-4.126249313354492,3.0755502311574645e-11,-2.1385483741760254,4.602450251579285,1.407083338733628e-10,2.222254514694214,-1.9397697448730469,2.0762606911528536e-10,-2.0500216484069824,384.54046845436096,6.005465014169431e-10,-2.775698184967041,9.63520097732544,5.691328519574768e-10
911,-1.8241381645202637,110.32088208198547,2.442934569912847e-11,-4.183802604675293,108.33243703842163,3.598241496427512e-11,198.3844599723816,2.394653558731079,9.85255453611611e-12,-0.8090085983276367,394.560648560524,1.6482875828116583e-11,-1.9117655754089355,133.0043773651123,1.0199013855682892e-09,2.083352565765381,-6.379729270935059,3.106659152152247e-09,6.798480749130249,399.4447205066681,3.3007307997934277e-10,-0.5282192230224609,1.0684614181518555,3.788249436365021e-10,-0.5400981903076172,399.673948764801,1.8698406711870064e-10,-5.267627716064453,-4.149552345275879,2.3146229724546608e-11,4.079053580760956,-1.823986530303955,8.454082572884047e-11,4.5715508460998535,-6.415925979614258,2.5963670449713483e-11,-2.2958030700683594,4.831425964832306,1.7475867974958703e-10,2.018529772758484,-1.7243099212646484,2.675032972909719e-10,-2.0896944999694824,384.657865524292,6.236744454213294e-10,-2.438704013824463,9.775899887084961,7.150489644836e-10
912,-1.7754888534545898,110.2526752948761,2.0112019688545146e-11,-2.498812198638916,392.5959560871124,4.894163199709034e-11,119.27541303634644,3.681738168001175,1.2142216919419635e-11,-0.3900442123413086,394.26249873638153,2.992404241064506e-11,-1.965479850769043,398.99797320365906,9.502919562365264e-10,1.95869779586792,-6.408723831176758,2.72184919047902e-09,6.947596311569214,399.28875064849854,5.041064232713666e-10,-0.6517496109008789,1.2254819869995117,2.805544685458017e-10,-0.646456241607666,399.76468086242676,2.5536980863272163e-10,-5.301599502563477,-4.2309722900390625,1.887937202404988e-11,4.084950260818005,-1.700352668762207,8.476525037437455e-11,197.16285228729248,-4.429479598999023,2.1652573831132393e-11,-2.3312630653381348,4.778318226337433,1.4623652289103006e-10,1.9144608974456787,-1.9536442756652832,2.123949766064115e-10,-1.8884320259094238,384.3887207508087,1.0559155771971973e-09,-2.494386672973633,9.774277210235596,5.282164150521851e-10
913,-1.646965503692627,142.28183794021606,3.065406609104038e-11,-2.85856294631958,392.39417457580566,4.5786076319220825e-11,103.40099620819092,3.113364577293396,9.059873511130245e-12,-0.8068623542785645,394.4558950662613,3.1854702903233445e-11,-2.060431957244873,132.8344430923462,1.0233250913316283e-09,1.514922857284546,393.478791475296,2.9466715734116633e-09,6.731150150299072,399.41517305374146,5.121436053023842e-10,-0.5760965347290039,1.1986889839172363,2.3883398037050085e-10,-0.9121675491333008,399.7871940135956,2.486907624277279e-10,-1.7834415435791016,138.9891185760498,1.555399732622309e-11,3.9358404129743576,-1.55405855178833,7.639928967240195e-11,4.249619767069817,-6.784661293029785,1.5061309838193537e-11,-2.0664095878601074,4.67647123336792,1.171659713694595e-10,1.9913578033447266,-1.9687881469726562,1.9855057875606263e-10,-2.1809544563293457,384.392370223999,6.516583384019725e-10,-2.753671646118164,9.837677955627441,4.450854407256344e-10
914,-1.5847325325012207,126.19587707519531,2.4824847039139897e-11,-2.7184882164001465,392.7376592159271,5.93854271313532e-11,198.60680294036865,2.4705865383148193,8.337166026994858e-12,-0.47215700149536133,394.32361900806427,3.0063340705765995e-11,-1.822094440460205,398.9169008731842,1.021488005292781e-09,1.9058232307434082,-6.930272102355957,3.293337380583239e-09,6.843963384628296,399.327654838562,4.4421610834177727e-10,-0.6092424392700195,1.2921645641326904,3.661410064026427e-10,-0.9569187164306641,400.1004104614258,2.7864369145369494e-10,-4.860171318054199,-4.445717811584473,2.5040318776814452e-11,3.8417923152446747,-1.7932019233703613,1.302926377899638e-10,4.105006128549576,-6.0835723876953125,3.70680847128213e-11,-2.300088882446289,4.364366501569748,2.2940725707965015e-10,2.0297893285751343,-1.7643985748291016,3.7182673606750427e-10,-1.6941380500793457,384.3614683151245,9.420643154456343e-10,-2.9802284240722656,9.21821403503418,6.142465425185151e-10
915,-1.539496898651123,158.0125253200531,1.95126553803604e-11,-2.6598286628723145,392.6086513996124,5.344946013563501e-11,-8.383190155029297,-0.22295093536376953,9.907354450722217e-12,-0.35085439682006836,394.29602909088135,3.406174994835531e-11,-1.8448209762573242,399.1478796005249,1.0259008087487587e-09,1.8859119415283203,-6.682126045227051,3.3925040554549923e-09,6.795157194137573,399.2667727470398,5.319928386704476e-10,-0.6358942985534668,1.3278276920318604,3.9019690256658635e-10,-0.8041510581970215,399.89456844329834,2.7524249546218016e-10,-5.2463274002075195,-4.371620178222656,3.0042364429494484e-11,3.949112482368946,-2.0494308471679688,1.299516327879502e-10,4.393395930528641,-6.659284591674805,2.7425402226999296e-11,-2.241657257080078,4.801734209060669,2.1809552774865182e-10,1.8518126010894775,-1.7073774337768555,3.268086912200374e-10,-1.7194619178771973,384.27580070495605,7.566985371632029e-10,-2.3775100708007812,9.92529010772705,9.599141481686502e-10
916,-1.4101438522338867,173.62890255451202,2.5798644470720333e-11,-2.32212495803833,392.67281579971313,6.290982318413185e-11,182.99366664886475,2.2052611112594604,1.0253031063056639e-11,-0.3460979461669922,394.3104304075241,3.2415271855601446e-11,-1.9171404838562012,399.11591124534607,1.1836818192278997e-09,1.5418293476104736,393.60328912734985,2.852500680106118e-09,6.874775171279907,399.1715202331543,5.415766723970705e-10,-0.5092535018920898,1.3246569633483887,2.600665238716715e-10,-0.8399491310119629,399.52384662628174,3.1285882218234917e-10,-5.162822723388672,-4.207246780395508,1.7222782228154543e-11,-1.907456398010254,398.81448912620544,8.587230926337952e-11,196.9953437447548,-4.342123031616211,2.1725010679318757e-11,-2.2868738174438477,4.707397818565369,1.570385765869986e-10,2.0959689617156982,-1.9187579154968262,2.118261677175326e-10,-1.6705632209777832,384.80725145339966,1.0666520999791373e-09,-2.770507335662842,9.823204517364502,5.647889378401771e-10
917,-1.6860852241516113,190.12430620193481,2.381147189145505e-11,-2.750519275665283,392.50632095336914,5.0684238056541986e-11,-8.075587272644043,-0.7221975326538086,8.575621983364368e-12,-0.6955523490905762,394.29619204998016,2.4069832932349655e-11,-1.8323040008544922,398.9800844192505,8.665932971219092e-10,1.9351143836975098,-6.713569641113281,3.671426496154595e-09,6.955966949462891,399.61502170562744,3.78918896259961e-10,-0.5177836418151855,1.1381549835205078,4.683702869989759e-10,-0.6512727737426758,399.82214522361755,2.3546914418304254e-10,-4.944986343383789,-4.624309539794922,3.2562633145438724e-11,4.227569624781609,-1.896371841430664,1.660949988657734e-10,4.129457920789719,-5.891985893249512,5.281093617970356e-11,-2.412503719329834,4.09568314999342,2.732792603321599e-10,1.95461106300354,-1.8423137664794922,3.913111779052514e-10,-2.2002458572387695,384.89354133605957,9.346761142836613e-10,-2.6454825401306152,9.140311241149902,7.1383077226983e-10
918,-2.1344637870788574,110.36225128173828,2.0642281287064357e-11,-2.7641043663024902,392.7756631374359,4.5429934120155835e-11,119.12263917922974,3.4151914715766907,1.0632121918985327e-11,-0.6466183662414551,394.18145883083344,2.2369108301778518e-11,-1.8929600715637207,116.86789321899414,7.652737887831051e-10,1.9966073036193848,-6.671734809875488,2.4953379362813166e-09,6.836426258087158,399.54038858413696,3.1382638154831e-10,-0.7360444068908691,1.031625747680664,3.051786046093241e-10,-0.7067441940307617,400.0287561416626,2.266191401201212e-10,-5.344878196716309,-4.222590446472168,1.5625658753015692e-11,3.785616934299469,-1.8539743423461914,6.431195159750658e-11,4.381760478019714,-6.534714698791504,2.0428035998887317e-11,-2.2514495849609375,4.759412348270416,1.3429274359211263e-10,2.2377997636795044,-1.9847259521484375,1.9901237602315547e-10,-1.7028002738952637,384.74242329597473,7.164059345754481e-10,-2.6441140174865723,9.637163639068604,5.089243471090299e-10
919,-1.5096182823181152,173.7806338071823,2.450349992355605e-11,-2.7267050743103027,392.8348364830017,3.9893602310492327e-11,182.93800592422485,2.9628000259399414,1.1275625398654565e-11,-0.7829313278198242,394.2702708244324,2.1046763290510917e-11,-1.937242031097412,399.3948640823364,7.501599896819755e-10,2.0253424644470215,-6.319613456726074,3.5803016107394114e-09,7.1253509521484375,399.5248110294342,3.4276836924362897e-10,-0.4465937614440918,1.2151291370391846,4.314072155064963e-10,-1.0303926467895508,399.63067269325256,2.0631821251448912e-10,-5.203858375549316,-4.328371047973633,2.7317696715822848e-11,3.821387678384781,-1.9237055778503418,9.937128897519187e-11,4.516526401042938,-6.202048301696777,3.1409926742886896e-11,-2.169515609741211,4.716600656509399,2.0133829325974517e-10,1.9748945236206055,-1.7545766830444336,3.3666858190173343e-10,-1.9821810722351074,384.5479476451874,5.561101024120774e-10,-2.3287887573242188,9.671756744384766,8.048978150654307e-10
920,-1.7737226486206055,126.48413300514221,2.1432342012239758e-11,-3.175952434539795,392.85659098625183,4.7322895602164294e-11,-8.025569915771484,-0.36714696884155273,1.026434059275827e-11,-0.6977858543395996,394.6226428747177,2.936076728965453e-11,-1.9691510200500488,133.02975749969482,8.397004758187165e-10,1.9767866134643555,-6.782345771789551,4.607547676727108e-09,6.685065269470215,399.31036281585693,3.6697861416357114e-10,-0.5194616317749023,1.3329899311065674,5.059443419774823e-10,-0.7496519088745117,399.7099907398224,2.4730575920450804e-10,-4.8001604080200195,-4.566015243530273,3.657053479488859e-11,4.009516530670226,-1.9331417083740234,2.001967758236134e-10,3.959888719022274,-5.954953193664551,6.260506696387225e-11,-2.2945003509521484,4.172580003738403,3.3763059015257113e-10,2.1302746534347534,-1.6823725700378418,5.725975249504245e-10,4.892500877380371,391.84760332107544,5.521814672171388e-10,-2.8293633460998535,9.144506931304932,7.296112047860959e-10
921,-1.7389445304870605,142.14951515197754,2.690792727522151e-11,-2.725339412689209,392.8362772464752,3.726110739399324e-11,182.09862184524536,2.7172831296920776,8.274873841696007e-12,-0.6368598937988281,394.289110660553,1.966381918405702e-11,-1.2140793800354004,101.32938575744629,8.416198293836885e-10,1.5563085079193115,-6.927037239074707,2.7187929685368317e-09,6.821781396865845,399.49101877212524,3.316140695375225e-10,-0.8062772750854492,0.9981694221496582,3.2380373382601135e-10,-0.775515079498291,399.82341599464417,2.1070312161697302e-10,-4.982003211975098,-4.1601667404174805,1.852367738364169e-11,3.8012844920158386,-1.8076324462890625,9.825779079264407e-11,180.89612412452698,-3.265688896179199,3.2115015508038525e-11,-2.540705680847168,4.5335376262664795,1.8241375077110433e-10,2.161416172981262,-2.086918354034424,2.778730856523026e-10,4.9098615646362305,391.8002805709839,5.956173887433636e-10,-1.1369571685791016,84.29549032449722,4.800960184958569e-10
922,-2.044045925140381,190.08623790740967,2.761004445905879e-11,-2.3550796508789062,392.939412355423,6.425310283830754e-11,-7.803908348083496,-1.0208792686462402,8.301051686310235e-12,-0.25718021392822266,394.3777335882187,3.623386313211796e-11,-1.9109416007995605,399.0065357685089,1.2597849430306951e-09,2.020653486251831,-6.946255683898926,3.8287781833901136e-09,6.8518242835998535,399.49187874794006,6.270906571792523e-10,-0.3054237365722656,0.9351963996887207,3.758188760194514e-10,-0.49909114837646484,399.6940870285034,3.824163485877108e-10,-4.695722579956055,-4.682100296020508,3.0145049650931455e-11,4.260549992322922,-1.785987377166748,2.1704975317060615e-10,3.84647673368454,-5.888636589050293,5.052093118851353e-11,-2.602022647857666,3.7943639308214188,2.836705315090171e-10,1.9246423244476318,-1.8419852256774902,4.007757736790296e-10,5.090627670288086,391.678626537323,9.91305371123019e-10,-2.8185272216796875,9.24548053741455,6.153218490290158e-10
923,-1.7411565780639648,142.2399182319641,3.6879790887844877e-11,-2.7408947944641113,392.5164375305176,4.7865933439084074e-11,182.58676433563232,2.4670066833496094,8.104644559636665e-12,-0.6276922225952148,394.3578315973282,2.749616159758439e-11,-2.330503463745117,148.97542095184326,1.0011443896118521e-09,1.5940914154052734,393.766996383667,2.576405311316421e-09,6.852781295776367,399.4465334415436,4.140636444827095e-10,-0.5736808776855469,1.16745924949646,2.560887890634689e-10,-0.8970632553100586,399.65033626556396,2.271396959407923e-10,-1.6589841842651367,138.9926347732544,1.6251213916240737e-11,4.3043549954891205,-1.7134060859680176,7.3328829119923e-11,100.84939843416214,-2.3015389442443848,1.8097684809093018e-11,-2.4080076217651367,4.894227147102356,1.1568943025785927e-10,1.981323480606079,-1.7425637245178223,1.5363385563738063e-10,-1.9715690612792969,384.8415756225586,6.524057960533014e-10,-2.7926712036132812,9.990439891815186,3.8741673757947126e-10
924,-1.4199624061584473,174.03026390075684,1.8999520706719508e-11,-2.773606300354004,392.84428906440735,5.401971231444591e-11,182.51230669021606,2.4479984045028687,9.676467092878394e-12,-0.5476217269897461,394.4590439796448,3.419701674611808e-11,-1.8701772689819336,399.02408742904663,1.0208940359746066e-09,2.160451292991638,-6.322824478149414,3.2379463554832455e-09,6.73581600189209,399.39821004867554,4.629524263943807e-10,-0.7094292640686035,1.3324544429779053,3.3140981625656707e-10,-0.6531505584716797,399.4613473415375,3.072338772280858e-10,-5.342155456542969,-3.824923038482666,2.263628347265456e-11,3.9530411176383495,-1.6912298202514648,9.705917319857704e-11,403.95013403892517,-0.8072504997253418,3.617971894298577e-11,-2.0555572509765625,4.822366833686829,1.7217764713972628e-10,1.9938719272613525,-1.7027325630187988,2.1469949429420154e-10,-1.888221263885498,384.66142773628235,8.915594373881675e-10,-2.6763558387756348,9.435040950775146,7.344056474067884e-10
925,-1.8649015426635742,142.15699005126953,1.8134034204808636e-11,-2.378815174102783,392.5578622817993,5.815022768862477e-11,-8.732694625854492,-0.2542548179626465,8.019731580211076e-12,-0.3800511360168457,394.20247435569763,3.813228899307575e-11,-2.236130714416504,399.00873589515686,1.1734291316400913e-09,1.5145726203918457,393.6833689212799,2.7551259051961097e-09,7.0328004360198975,399.5397996902466,6.75431544028271e-10,-0.5015239715576172,1.278489351272583,3.4296845918824204e-10,-0.8459358215332031,399.7933301925659,3.124360214989963e-10,-5.467771530151367,-4.3324432373046875,2.465111448302082e-11,4.250577211380005,-2.0142269134521484,9.605033435278187e-11,4.461129546165466,-6.527800559997559,2.010235554406048e-11,-2.442986011505127,4.961358487606049,1.821530010159833e-10,1.9644241333007812,-1.561194896697998,2.2731395932229503e-10,-1.5454063415527344,384.5350248813629,1.1313032732829242e-09,-2.441061496734619,10.246251583099365,7.235551047202193e-10
926,-1.8686747550964355,142.2239441871643,2.10241771908537e-11,172.43981590867043,66.3445234298706,6.37021477234434e-11,-8.489093780517578,-0.24678325653076172,7.66684285502528e-12,-0.5808238983154297,394.2804044485092,2.3724026215754535e-11,-1.5948820114135742,398.97091603279114,7.85227327604332e-10,2.516280174255371,-6.39095401763916,3.239645218755527e-09,6.850383758544922,399.4380712509155,3.478356214170475e-10,-0.6772618293762207,1.0158660411834717,4.4278147814935664e-10,-0.7337884902954102,400.0079483985901,2.0433581215950625e-10,-5.216780662536621,-4.255756378173828,2.362761201968322e-11,3.8792354092001915,-1.7630128860473633,8.137813339859079e-11,4.474150002002716,-6.04837703704834,2.5317515445211214e-11,-2.191394805908203,4.715717256069183,1.6162411686782008e-10,2.228579044342041,-1.725278377532959,2.853952352221967e-10,-1.7486462593078613,384.5732843875885,7.906179599892482e-10,-2.3315277099609375,9.917130947113037,7.705230342658353e-10
927,-1.558973789215088,142.20415472984314,2.91602991753237e-11,-2.7089552879333496,392.47289419174194,6.956565878901699e-11,150.99377298355103,2.975968599319458,6.077698674195053e-12,-0.44838523864746094,394.3693251609802,3.9027787945844494e-11,-1.6536316871643066,398.79642486572266,1.0855613075122506e-09,1.7244758605957031,393.74752926826477,3.1921092435993614e-09,6.715451955795288,399.2614850997925,5.248100287680302e-10,-0.43013954162597656,1.1730709075927734,2.805962406871032e-10,-0.5366959571838379,399.4694468975067,3.1135211076005476e-10,-5.350461006164551,-4.595243453979492,1.886529821248928e-11,4.141686230897903,-1.9301152229309082,8.998515821367903e-11,197.58221769332886,-3.6390585899353027,1.9282088078997894e-11,-2.1533308029174805,4.507881343364716,1.509937314070342e-10,1.8848860263824463,-1.9336261749267578,1.949320843630531e-10,-2.0452322959899902,384.71477007865906,1.2551296668661394e-09,-2.5586166381835938,9.664432525634766,5.485514820158244e-10
928,-4.7482404708862305,3.9687319584190845,1.9586859911768784e-11,-2.935030460357666,392.69288635253906,3.9270840052063605e-11,-7.26922607421875,-0.772092342376709,1.4663416314508737e-11,-0.5329470634460449,394.3663578033447,1.8934943890602796e-11,-1.564516544342041,100.651198387146,7.352410347216676e-10,2.1456958055496216,-6.525273323059082,5.49158940543748e-09,6.562038421630859,399.32472252845764,2.932898923724281e-10,-0.6238741874694824,0.7530605792999268,6.201869018340744e-10,-4.583443641662598,7.412291049957275,1.9244328353096307e-10,-4.866425514221191,-4.790585517883301,4.644938600417703e-11,4.392973780632019,-1.4763717651367188,3.333020803797382e-10,4.008770448155701,-6.013339996337891,8.345904523032743e-11,-2.3527517318725586,3.900406315922737,4.415989796058284e-10,2.077929139137268,-1.336228370666504,5.487670318160554e-10,-2.1893811225891113,384.69527530670166,5.997509155974967e-10,-2.3466358184814453,9.172871112823486,1.078256262054822e-09
929,-1.6147704124450684,142.37325954437256,3.2419355394663896e-11,-2.721583366394043,392.53881645202637,4.82482491459546e-11,119.33801126480103,3.1015321016311646,5.951421213484798e-12,-0.445767879486084,394.1908024549484,2.6363081856439763e-11,-1.4450678825378418,116.73104000091553,1.118605319483379e-09,2.012725830078125,-6.464134216308594,2.6554780596654837e-09,6.723750352859497,399.3321969509125,4.045088708437561e-10,-0.600614070892334,1.1106441020965576,3.197365983087508e-10,-0.6677093505859375,399.79320526123047,2.1208691747265362e-10,-2.103084087371826,106.87220346927643,2.3280164254679825e-11,4.015809413045645,-1.5606756210327148,9.868772465893016e-11,4.317442357540131,-6.409942626953125,1.948204965407374e-11,-1.9535717964172363,4.807710945606232,1.4596732156313408e-10,1.8847997188568115,-1.853579044342041,2.434024648501065e-10,-1.799006462097168,384.4541599750519,1.1978655845013009e-09,-2.605879306793213,9.788089275360107,5.378563705527029e-10
930,-1.8356947898864746,126.5472514629364,2.319090752767039e-11,-2.705371856689453,392.35366773605347,6.012453035442178e-11,-7.804739952087402,-1.0714058876037598,8.791822304898833e-12,-0.45525312423706055,394.3420865535736,4.0523997352215346e-11,-1.903012752532959,398.89818596839905,1.154664142077877e-09,1.8176283836364746,-6.752895355224609,3.6883345266858214e-09,6.7811455726623535,399.22647643089294,6.343204295156113e-10,-0.48005056381225586,1.0377988815307617,4.424125787938493e-10,-0.6203155517578125,399.5241425037384,3.216100441516545e-10,-4.901285171508789,-4.622769355773926,3.355228594958959e-11,4.23648901283741,-1.9047150611877441,1.7771363547414154e-10,4.018200436607003,-5.7791337966918945,5.930223673233925e-11,-2.4952077865600586,4.02331299893558,2.8970711940523586e-10,1.940986156463623,-1.9525628089904785,3.753045374477182e-10,-2.262981414794922,384.8912715911865,8.962995345918046e-10,-2.6936697959899902,9.061330318450928,7.427211068389283e-10
931,-1.9352078437805176,110.18958139419556,2.468268471556012e-11,-2.8145976066589355,392.7232913970947,6.416823322696885e-11,182.56608247756958,2.35797655582428,8.42957127711319e-12,-0.5533280372619629,394.43094754219055,3.284657962288051e-11,-1.2570066452026367,116.51890659332275,9.433769321276486e-10,2.0670160055160522,-6.542886734008789,3.2098146363068736e-09,6.74843692779541,399.3230640888214,4.799879382844097e-10,-0.49237966537475586,1.4396538734436035,3.135374182505757e-10,-1.0176677703857422,399.63148832321167,2.684114874806909e-10,-5.409624099731445,-4.096535682678223,2.5845435167037856e-11,3.8888950645923615,-2.2060794830322266,1.0660921451188798e-10,4.913910329341888,-6.680222511291504,2.6279143791607673e-11,-2.049973487854004,4.732562363147736,2.0614474016689144e-10,2.2842801809310913,-2.023982048034668,2.0465602823538376e-10,-1.9215087890625,384.5058057308197,9.148773405520672e-10,-2.172697067260742,9.493295669555664,8.95653440302624e-10
932,-1.4631962776184082,142.14231657981873,2.770917349737001e-11,-2.4611496925354004,392.16760897636414,6.220121639977094e-11,-7.886716842651367,-0.34290122985839844,7.582277687656624e-12,-0.596494197845459,394.0416420698166,2.370181828581508e-11,-2.068325996398926,148.73515796661377,8.803997531003915e-10,2.3907346725463867,-6.6370744705200195,4.0123793176860545e-09,6.862770080566406,399.3252422809601,4.04986766344706e-10,-0.6632370948791504,1.0591332912445068,4.200895464823162e-10,-1.0328354835510254,399.5089406967163,2.794916242887524e-10,-5.114290237426758,-4.468697547912598,3.301377921038906e-11,4.244835525751114,-1.6070818901062012,2.0532736622058678e-10,4.10847033560276,-5.726567268371582,5.902823368986176e-11,-2.2852187156677246,4.008458104915917,3.22687820908385e-10,2.149984121322632,-1.5141139030456543,3.6954800330946114e-10,-2.3080649375915527,384.99961376190186,1.6288718152068782e-09,-2.7568235397338867,9.19300127029419,8.307110554994779e-10
933,-1.6397013664245605,110.28595066070557,2.5532733913258276e-11,-2.8792896270751953,392.5190682411194,4.707263051573207e-11,119.12169456481934,2.9285831451416016,8.265031020693314e-12,-0.11907815933227539,394.1438878774643,2.9244235505432314e-11,-1.7320055961608887,116.9178876876831,1.1762324447772698e-09,2.1735470294952393,-6.708885192871094,4.108846596295734e-09,7.032529830932617,399.4147574901581,4.426741750940266e-10,-0.509951114654541,1.1870787143707275,4.233124684116518e-10,-0.5878434181213379,399.4655725955963,2.460913139934462e-10,-4.892504692077637,-4.340973854064941,3.052337896325419e-11,4.022799555212259,-1.4550509452819824,2.0632803798825705e-10,3.9593914449214935,-6.022947311401367,5.1304776399474505e-11,-2.3015055656433105,4.23549647629261,3.0738042666733634e-10,2.1703659296035767,-1.560584545135498,4.193354274928396e-10,-2.0153465270996094,384.78019189834595,1.194607301968631e-09,-2.827834129333496,9.335769653320312,8.114366401024142e-10
934,-2.028151035308838,110.39048027992249,2.910806318201509e-11,-2.8498854637145996,392.39357352256775,5.0006585677886406e-11,182.48771858215332,2.408744215965271,1.5790653506986274e-11,-0.31465768814086914,394.0013072490692,2.7079220810133364e-11,-1.5570435523986816,116.70188331604004,1.100255220265467e-09,2.3668816089630127,-6.2667131423950195,4.329208103115434e-09,6.900817632675171,399.4731628894806,4.889575411226588e-10,-0.4802708625793457,1.244382619857788,5.47539624751181e-10,-0.6244411468505859,399.3729135990143,2.500253337700542e-10,-5.233731269836426,-4.46735954284668,3.3541409233395214e-11,4.0188270807266235,-1.8116116523742676,1.2212809930023383e-10,4.542025089263916,-6.039735794067383,3.8254309442375956e-11,-2.21730899810791,4.682644844055176,2.3750024169544304e-10,2.1084405183792114,-1.6770296096801758,4.047628066050635e-10,-2.384962558746338,384.8560791015625,8.572261234185419e-10,-2.228221893310547,9.885702133178711,1.011759898084108e-09
935,-1.9277920722961426,158.05049061775208,2.62541932638527e-11,-2.907731533050537,392.4157693386078,5.997827234871522e-11,198.82162761688232,2.5675851106643677,1.1082555012587036e-11,-0.2499699592590332,394.20352363586426,3.617433436131634e-11,-1.7409448623657227,398.86374068260193,9.267516754007943e-10,1.533132791519165,393.868670463562,2.7066648922158265e-09,6.644537925720215,399.31538248062134,4.590003099824713e-10,-0.4818892478942871,1.278242588043213,2.8803878726613164e-10,-0.6447200775146484,399.5675673484802,2.81362044773914e-10,-4.948492050170898,-4.332411766052246,1.9133312989527695e-11,4.256484895944595,-1.6722006797790527,9.935290784524042e-11,4.118061780929565,-6.198841094970703,1.8912276258942207e-11,-2.4419236183166504,4.713248610496521,1.4206721909992837e-10,2.0594385862350464,-1.8380231857299805,1.9344095769646685e-10,-2.0044236183166504,384.7083637714386,9.033671588554171e-10,-2.671748161315918,10.05244255065918,5.086458476633027e-10
936,-1.9340624809265137,110.47594356536865,2.4332157816386868e-11,-2.8434624671936035,392.4354543685913,4.5258522624047615e-11,198.2738995552063,2.299958348274231,9.797104967568249e-12,-0.37276124954223633,394.0338797569275,2.636182418191968e-11,-1.83146333694458,116.91934871673584,9.992766614175252e-10,1.9043920040130615,-6.7283935546875,4.16288248317187e-09,6.9857635498046875,399.394082069397,4.3074777078544457e-10,-0.4343857765197754,1.2118873596191406,4.738045511487599e-10,-0.6961030960083008,399.80076456069946,2.3725754694226e-10,-4.872128486633301,-4.663775444030762,3.4241987717509303e-11,4.2882439494133,-1.6396393775939941,2.18058904266627e-10,4.1642540991306305,-5.851715087890625,5.5625837269701606e-11,-2.3502278327941895,3.9388040602207184,3.236765300229649e-10,2.1323764324188232,-1.7177891731262207,4.1106867909590505e-10,-2.187687873840332,384.74675369262695,8.521758299018245e-10,-2.784987449645996,9.329101085662842,7.568357052178953e-10
937,-1.5378432273864746,110.12008595466614,2.2909233537982132e-11,-2.719712257385254,392.5324459075928,5.155147489444012e-11,198.39683294296265,2.5180097818374634,8.10410332591216e-12,-0.5945158004760742,394.3537849187851,3.161338205104336e-11,-2.071387767791748,116.60536193847656,9.44163636162898e-10,2.2625248432159424,-6.54469108581543,3.22105053740529e-09,6.683435916900635,399.1260039806366,4.275016729504699e-10,-0.7860264778137207,1.0244855880737305,3.643617352278028e-10,-1.0342488288879395,399.4814133644104,2.5090576838415757e-10,-5.34885311126709,-4.424263000488281,2.199082756171311e-11,3.9981865582522005,-1.686363697052002,1.0388112592352172e-10,4.8080310225486755,-6.126028060913086,3.582941582314092e-11,-2.599956512451172,4.597915232181549,2.380390329292936e-10,2.993134021759033,-1.7979693412780762,2.4609458915136884e-10,-1.9876327514648438,384.757550239563,8.463670320146832e-10,-3.0534400939941406,9.42372751235962,7.127395895700772e-10
938,-1.8389697074890137,142.1347131729126,2.3338404125938794e-11,-2.489135265350342,392.6310324668884,4.8975344613122473e-11,182.02951002120972,2.769372582435608,9.786758209395785e-12,-0.4240274429321289,394.1093022823334,3.163394893257454e-11,-1.9828414916992188,116.86522197723389,8.703834319945258e-10,1.7641870975494385,-6.795513153076172,3.866823750087178e-09,6.7747581005096436,399.4172148704529,4.01080113565655e-10,-0.5210304260253906,1.0572292804718018,3.836378714705546e-10,-0.877934455871582,399.5228679180145,2.5782770363136365e-10,-4.9747724533081055,-4.24881649017334,2.7090793150441606e-11,4.2854423224925995,-1.3994731903076172,1.921238446112028e-10,3.965526755899191,-6.135880470275879,5.291912741345328e-11,-2.555652618408203,3.9604438208043575,2.7739491259559657e-10,2.089730381965637,-1.71720552444458,3.6175942796923266e-10,-1.8438925743103027,384.6704008579254,9.744076656659217e-10,-2.9112772941589355,9.051854133605957,6.110704164896674e-10
939,-1.4724488258361816,157.9493248462677,1.774365029905134e-11,-3.05556058883667,392.47550654411316,5.793523646935306e-11,-7.675710678100586,-0.901425838470459,1.0010459475240374e-11,-0.5231213569641113,394.5438253879547,3.565421916040812e-11,-1.627641201019287,398.8257083892822,9.078771623372006e-10,1.7096350193023682,-6.480434417724609,4.228744909795523e-09,6.690273284912109,399.1178092956543,5.503676958618087e-10,-0.5327529907226562,1.1439182758331299,5.315232143310311e-10,-0.6509499549865723,399.75564646720886,2.6704041755643004e-10,-5.061334609985352,-4.701042175292969,3.766992273668279e-11,4.112474642693996,-1.8330860137939453,1.906207275359506e-10,4.405108094215393,-6.035050392150879,6.829200399627311e-11,-2.231717109680176,4.1391521692276,3.3534838794757604e-10,1.9520773887634277,-1.724867343902588,4.688216481696372e-10,5.019181489944458,391.63374519348145,6.491970294675298e-10,-2.566582202911377,9.036172866821289,8.329688050423556e-10
940,-1.5449891090393066,173.8278650045395,2.5072766779432598e-11,-2.7876815795898438,392.62589478492737,6.186400697272276e-11,119.30430889129639,3.1095974445343018,7.815046353110144e-12,-0.5189085006713867,394.38592636585236,3.230060316439243e-11,-1.6902647018432617,398.9085102081299,8.484439817380007e-10,2.061639428138733,-6.501665115356445,2.9154263447850326e-09,6.5475709438323975,399.18065094947815,3.9290112829881707e-10,-0.5074748992919922,1.1496477127075195,3.1004482314855863e-10,-0.8471550941467285,399.5871932506561,2.626532602523213e-10,-5.160967826843262,-4.251670837402344,2.0969670444515032e-11,4.164791941642761,-1.8466029167175293,1.0484935836219123e-10,4.332099229097366,-6.35813045501709,2.3916753993935558e-11,-2.235470771789551,4.463738173246384,1.7857432199619439e-10,1.8739371299743652,-1.705500602722168,2.395306175628775e-10,-2.0307130813598633,384.6649634838104,6.520984308089339e-10,-2.5851874351501465,9.62748384475708,5.970687277923048e-10
941,-2.1434526443481445,142.38802075386047,2.5576405576765993e-11,-2.8240208625793457,392.57245421409607,4.209563600476862e-11,151.090594291687,3.682241052389145,8.564505875330308e-12,-0.5015039443969727,394.36216282844543,2.6131791175387775e-11,-1.9503936767578125,399.01805424690247,8.196122669446027e-10,2.0014777183532715,-6.697466850280762,3.4667335668814303e-09,6.754673480987549,399.33491563796997,4.4689221767590936e-10,-0.49782514572143555,1.0870680809020996,3.3838684632137017e-10,-0.612330436706543,399.8137311935425,2.116920666539457e-10,-5.077282905578613,-4.351269721984863,2.3799259438184173e-11,4.26216796040535,-1.6393752098083496,1.707120278471308e-10,3.928165912628174,-6.09627628326416,4.5830721162598564e-11,-2.5303940773010254,3.8055919259786606,2.6393989771555937e-10,2.0181217193603516,-1.5910892486572266,3.261311776192599e-10,-1.9371814727783203,384.71384501457214,6.630893611969668e-10,-2.871568202972412,9.120822429656982,5.922934920299383e-10
942,-1.5312271118164062,173.90989482402802,2.4183911817576842e-11,-3.1040220260620117,392.6005825996399,4.1606714601405415e-11,182.94357204437256,3.023252487182617,1.0630539851175236e-11,-0.5909318923950195,394.43274104595184,2.433234169707532e-11,-1.6197357177734375,399.0017056465149,7.930390788501995e-10,2.20651638507843,-6.568500518798828,4.4934460596834924e-09,6.507862567901611,399.1299693584442,4.2176750980615907e-10,-0.6193389892578125,0.9855175018310547,4.1276962403635764e-10,-0.7717928886413574,399.6014754772186,2.1713174314097472e-10,-5.04360294342041,-4.105812072753906,2.9286212344104e-11,4.016698041930795,-1.5409049987792969,2.0006775403036414e-10,4.044683862477541,-6.073556900024414,6.76618830408593e-11,-2.3506827354431152,3.893421672284603,3.1837227298936455e-10,2.064838409423828,-1.435502052307129,3.8101116706101834e-10,-2.0660910606384277,384.8045518398285,6.621339032619744e-10,-2.530118942260742,9.002656936645508,8.778476279225345e-10
943,-1.3552699089050293,173.77722263336182,1.975927754749307e-11,-3.063906192779541,392.32478976249695,3.4584352742728086e-11,135.29870510101318,2.7462217807769775,1.0345377332576788e-11,-0.5174217224121094,394.1686009168625,1.9802815637293136e-11,-1.8221540451049805,398.96146750450134,6.293073839813701e-10,2.035415291786194,-6.683328628540039,3.111818580592285e-09,6.828209161758423,399.37564158439636,3.155074812521974e-10,-0.5601029396057129,0.6056489944458008,3.4527355974312e-10,-0.8547844886779785,399.72142148017883,1.7566333110341503e-10,-5.078165054321289,-4.480974197387695,2.426569535585177e-11,4.362979590892792,-1.6279101371765137,1.6939451230602032e-10,4.015522079542279,-5.999580383300781,4.240023609991539e-11,-2.534149169921875,4.075268089771271,2.5326077346399245e-10,2.022965431213379,-1.7258105278015137,2.596655390707525e-10,-2.2806262969970703,384.64228415489197,6.437371746770282e-10,-2.7851786613464355,9.268362998962402,5.696748073269475e-10
944,-1.7139663696289062,142.2118456363678,2.4054000111184415e-11,188.429393440485,49.91045331954956,5.902361932541567e-11,182.72410821914673,2.960036039352417,1.1549933752463826e-11,-0.5138535499572754,394.10975897312164,2.9322485411986676e-11,-1.998410701751709,398.83640336990356,8.962191544448217e-10,2.1178125143051147,-6.432159423828125,2.5763511324328192e-09,7.046199560165405,399.45409059524536,4.563108502164681e-10,-0.6183347702026367,1.1513245105743408,2.3574867058506754e-10,-1.111252784729004,399.6190493106842,2.4439381074436994e-10,-5.207278251647949,-4.1406402587890625,1.6123607657347883e-11,4.072812706232071,-1.7910175323486328,8.223584313515886e-11,4.492790997028351,-6.524286270141602,1.7666720517062195e-11,-2.3413658142089844,4.524927318096161,1.530404414307185e-10,1.9736437797546387,-1.880298137664795,1.9754312075015434e-10,-1.8334550857543945,384.4510190486908,1.001627558672169e-09,-2.6832327842712402,9.939314365386963,4.796054109412751e-10
945,-1.4235310554504395,173.85320508480072,2.563882439687859e-11,-2.6304726600646973,392.318222284317,4.974251219258541e-11,-7.745528221130371,-0.19739294052124023,1.3529150022506542e-11,-0.578948974609375,394.3895478248596,2.9092407302644396e-11,-2.2957911491394043,398.7780821323395,8.943952800599675e-10,2.119689464569092,-6.369132041931152,5.323839147308718e-09,6.849024772644043,399.5660786628723,4.4907194629573155e-10,-0.7718448638916016,0.9928359985351562,6.830492838005853e-10,-0.6734490394592285,399.69506669044495,2.506431728832581e-10,-4.764971733093262,-4.624089241027832,4.5706584350657664e-11,3.8291361927986145,-1.8191108703613281,1.8036973303825476e-10,4.172417238354683,-5.485573768615723,9.053157529193001e-11,-2.307227611541748,4.439524561166763,3.610190757452614e-10,2.0823898315429688,-1.7231159210205078,5.872685115981824e-10,-1.8792800903320312,384.796489238739,1.0292758867436191e-09,-2.557741641998291,9.32133150100708,1.1978494862674438e-09
946,-1.7087421417236328,142.21853709220886,2.945797425435437e-11,-2.806330680847168,392.4090065956116,5.0844189969367903e-11,103.60669612884521,3.1241050362586975,1.1765363856774957e-11,-0.5287694931030273,394.295707821846,3.120517039212345e-11,-1.258051872253418,100.71499443054199,9.503734466065339e-10,2.0793697834014893,-6.789116859436035,3.446881224888898e-09,6.846026420593262,399.41274547576904,4.5629086620202486e-10,-0.6562862396240234,1.205871820449829,3.9871794754731127e-10,-0.7024741172790527,399.7108430862427,2.6310148504293807e-10,-5.272701263427734,-4.296152114868164,2.994801975853001e-11,4.073326572775841,-1.7016081809997559,1.4604251141747682e-10,4.0420602932572365,-6.353957176208496,3.925504019064441e-11,-2.438457489013672,4.504096031188965,2.8952648611912934e-10,2.408926010131836,-1.2402753829956055,2.887340366797275e-10,-1.8182716369628906,384.65149784088135,1.1104847041920607e-09,-2.408982276916504,9.542755603790283,9.657411537133953e-10
947,-1.68790864944458,190.02371501922607,2.3795581824415102e-11,-2.731295108795166,392.4459476470947,5.620644574766409e-11,119.01966619491577,2.8410052061080933,1.2869753006350404e-11,-0.2313709259033203,394.43208932876587,4.1735951500365687e-11,-1.7953548431396484,100.8944149017334,1.0677939643599643e-09,1.9702494144439697,-6.475613594055176,2.8095146209494715e-09,6.7459869384765625,399.3535861968994,5.902229816001636e-10,-0.589622974395752,1.0560145378112793,2.9299074277844284e-10,-0.7365760803222656,399.41400694847107,2.680922428499599e-10,-5.273521423339844,-4.619864463806152,1.9969593686997023e-11,4.2986495196819305,-1.8608732223510742,1.0597425714742315e-10,4.396680474281311,-6.610113143920898,2.1539464656328278e-11,-2.250977039337158,4.504726588726044,1.59683252731746e-10,1.9281692504882812,-1.9076056480407715,2.1940853300872476e-10,-1.9729251861572266,384.53756308555603,1.2971940188677422e-09,-2.4048519134521484,9.628013610839844,5.133347635855046e-10
948,-1.7704463005065918,142.1039116382599,2.7274330363646904e-11,-2.801982879638672,392.48756670951843,4.4977629259923546e-11,135.2084698677063,3.173561215400696,1.1444476442912244e-11,-0.4711179733276367,394.18535828590393,2.9352870828391886e-11,-2.17874813079834,148.93750476837158,8.527952788384141e-10,1.6360325813293457,-6.7082624435424805,2.7127997626053e-09,6.906729459762573,399.4533495903015,4.139333320551941e-10,-0.5298528671264648,1.3545141220092773,3.464649678264209e-10,-0.5905880928039551,399.4256248474121,2.344066885040519e-10,-5.065732002258301,-4.083660125732422,1.9134442294510556e-11,3.6877924501895905,-1.575101375579834,8.492449798946922e-11,4.231889098882675,-6.547245025634766,2.127837142595901e-11,-2.079272747039795,5.045088171958923,1.4871801012894537e-10,1.9753613471984863,-1.9210290908813477,3.073487297999833e-10,-1.9124135971069336,384.7804524898529,9.272325685039107e-10,-2.7342419624328613,9.96057653427124,4.5506709511755616e-10
949,-1.7279691696166992,110.43234443664551,1.864714632704434e-11,-2.9496169090270996,392.5947699546814,4.121558302982997e-11,182.94387197494507,2.8256771564483643,1.308848862624501e-11,-0.6501665115356445,394.2913728952408,2.6363836461151813e-11,-1.288806438446045,116.82120990753174,9.920128052343102e-10,2.1930091381073,-6.241135597229004,3.5320559810259056e-09,6.884873867034912,399.20497012138367,3.8148964542905617e-10,-0.5122995376586914,1.060176134109497,4.463095726325861e-10,-0.8041558265686035,399.81094551086426,2.191391929029507e-10,-5.185349464416504,-4.310479164123535,2.6813044839979483e-11,4.07625986635685,-1.9000840187072754,9.791374655510054e-11,4.664309322834015,-6.218168258666992,3.125282324600853e-11,-2.258542537689209,4.857203841209412,2.0179696802458125e-10,1.8969318866729736,-1.7171311378479004,3.2517774584128745e-10,-2.054164409637451,384.55349946022034,6.281057340906671e-10,-2.3057503700256348,9.864894390106201,8.369070991776084e-10
950,-2.020575523376465,94.19359707832336,2.3420723693767798e-11,-2.90946626663208,392.55778527259827,5.4399589000109216e-11,-7.731622695922852,-0.9528422355651855,8.558513273082546e-12,-0.7053165435791016,394.3002369403839,2.6811820125205443e-11,-1.2643928527832031,100.57321166992188,1.0859921850681076e-09,1.6731376647949219,-6.87174129486084,3.792842928618256e-09,6.779717206954956,399.3335063457489,3.462245212748627e-10,-0.41181230545043945,1.007922887802124,4.295261646358739e-10,-1.1458792686462402,399.69472789764404,2.3103502444499213e-10,-4.925626754760742,-4.71968936920166,3.3659328796398214e-11,4.1162645146250725,-2.1359410285949707,1.8680083868627406e-10,3.991789359599352,-5.997373580932617,6.174659394897475e-11,-2.2320427894592285,4.105529829859734,2.9459282235855255e-10,2.027509331703186,-1.9718613624572754,4.465317560153892e-10,-1.9706335067749023,384.591655254364,7.474477703439675e-10,-2.7325034141540527,8.978979587554932,7.48307971143447e-10
951,-2.255115509033203,189.99042582511902,2.6220111151720182e-11,-2.5635828971862793,392.59379291534424,4.9108543620501877e-11,118.99291563034058,3.5559418499469757,2.3420411443542122e-11,-0.4806685447692871,394.2271304130554,2.895606150687957e-11,-1.8699445724487305,399.1507089138031,8.906093640348445e-10,1.7915148735046387,-6.793968200683594,3.5153073785210154e-09,6.855813503265381,399.1882176399231,4.5312009699927103e-10,-0.5153360366821289,0.9070022106170654,4.332039171828228e-10,-0.9233431816101074,399.55867528915405,2.2201815386146961e-10,-4.811809539794922,-4.775854110717773,2.8315088121400045e-11,4.05117567256093,-1.743802547454834,1.6092369103937187e-10,3.9519358836114407,-6.123734474182129,4.9467471785469286e-11,-2.234433174133301,4.211689785122871,2.616701577640157e-10,1.8468983173370361,-1.9699006080627441,4.6042605839069495e-10,-1.7831292152404785,384.73188495635986,8.704066911668917e-10,-2.757831573486328,8.949216842651367,6.356029591536583e-10
952,-2.060891628265381,110.28545331954956,2.3311623464916664e-11,-2.4915084838867188,392.23994398117065,6.232353522150902e-11,198.3488335609436,2.389726161956787,8.147065487518201e-12,-0.1824779510498047,394.011523604393,3.6880141301987024e-11,-1.8929286003112793,398.85062074661255,9.905342102101145e-10,1.6094179153442383,393.5712106227875,3.0584661470101082e-09,6.883947134017944,399.2760651111603,5.207547171259819e-10,-0.4254331588745117,1.1970970630645752,3.3332370197314276e-10,-0.7851448059082031,399.75667667388916,2.674502563859704e-10,-5.210355758666992,-4.5227813720703125,2.4123838343603765e-11,3.8924441188573837,-2.264801025390625,1.129567134272591e-10,5.000236868858337,-6.321863174438477,2.1046683493231022e-11,-2.2575998306274414,4.699052274227142,1.753610312515974e-10,2.734185814857483,-2.30714750289917,1.7215431857842134e-10,-2.064814567565918,384.69070625305176,1.1661243082272676e-09,-2.48775577545166,9.37717580795288,8.440584342572777e-10
953,-1.675586223602295,158.07407307624817,2.874563261034968e-11,-3.954129219055176,108.47646906971931,4.442735068721504e-11,-7.840489387512207,-0.7581205368041992,9.516058947778294e-12,-0.8989229202270508,394.4510703086853,1.8631646572786487e-11,-1.4849867820739746,116.8202657699585,1.2583633024476626e-09,1.781879186630249,-6.852353096008301,3.965701989017134e-09,6.715646982192993,399.38804507255554,2.9726715533584525e-10,-0.280672550201416,1.1176128387451172,4.4374867669283447e-10,-0.765655517578125,399.4951026439667,2.001692839259661e-10,-4.7257890701293945,-5.031979560852051,3.525496561351815e-11,4.262571036815643,-1.9834957122802734,2.003560650720715e-10,3.896521680057049,-5.859942436218262,5.6926938857282394e-11,-2.398695468902588,4.149774149060249,3.1026842206571814e-10,1.8406436443328857,-1.9450607299804688,4.870122638500618e-10,-2.260343074798584,384.70174980163574,5.809892567043562e-10,-0.7634124755859375,99.95208439975977,7.470459251202044e-10
954,-1.4303226470947266,157.83126020431519,2.214281015489039e-11,-2.6190218925476074,392.7241687774658,6.230546634178324e-11,181.9423952102661,2.57328724861145,1.420005085739362e-11,-0.13635587692260742,394.25449085235596,5.0438896115334586e-11,-1.893603801727295,398.68612337112427,1.2139150795675846e-09,1.9969656467437744,-6.781662940979004,3.8899252707835785e-09,6.973003625869751,399.5305800437927,6.351885128985657e-10,-0.41338014602661133,1.0291998386383057,4.959210264665614e-10,-0.5326290130615234,399.5018754005432,3.1931368660309545e-10,-4.864060401916504,-4.5684003829956055,3.897600991953354e-11,4.198238849639893,-1.8864107131958008,2.1647630910059945e-10,3.86145356297493,-5.741450309753418,6.803523022735902e-11,-2.237987518310547,4.102385491132736,3.053434172173297e-10,1.8693904876708984,-1.8470063209533691,4.580801848952376e-10,-1.6861944198608398,384.57446098327637,1.4249091906393119e-09,-2.5529208183288574,9.20234489440918,8.482270996701402e-10
955,-5.0704851150512695,4.358473539352417,1.6631460098004425e-11,-2.7037954330444336,392.3383114337921,6.150281672834268e-11,181.91713905334473,2.2460752725601196,2.0025930566602845e-11,-0.4441976547241211,394.1489951610565,3.383247154653546e-11,-1.9536218643188477,398.80989480018616,9.245517129663483e-10,2.06874680519104,-6.74350643157959,4.456998325963468e-09,6.90277624130249,399.60327911376953,4.257051100520215e-10,-0.3280482292175293,0.9814982414245605,4.659804209161678e-10,-0.6458239555358887,399.85825657844543,2.9360555653390463e-10,-4.886225700378418,-4.664902687072754,3.960784131229467e-11,4.146711811423302,-1.6554436683654785,2.684642508299362e-10,3.9173499643802643,-5.906709671020508,6.726080803431955e-11,-2.205761432647705,3.918122358620167,3.796553627033461e-10,1.8837897777557373,-1.6559524536132812,4.731001701507864e-10,-2.3051486015319824,384.83661341667175,1.0618533829998e-09,-2.7180685997009277,9.224029541015625,8.272278417820189e-10
956,-1.5995688438415527,157.88462340831757,1.996323419073409e-11,203.4060441851616,65.45342016220093,5.109364320521337e-11,-7.662637710571289,-0.5985245704650879,9.038316102494282e-12,-0.4808015823364258,394.1770839691162,2.7332393293111323e-11,-1.7652249336242676,399.00450015068054,8.590724243084935e-10,2.126638412475586,-6.660309791564941,4.1398409145188e-09,7.017650127410889,399.5451066493988,4.692913280202049e-10,-0.3919186592102051,0.990088939666748,4.4375714214339723e-10,-1.0686664581298828,399.5343155860901,2.4379087637527164e-10,-4.950821876525879,-4.704113006591797,3.461431488660516e-11,4.315231561660767,-1.661458969116211,2.374925811565731e-10,3.954068813472986,-5.834917068481445,5.876447245478644e-11,-2.3239731788635254,3.892259530723095,3.3671868071571964e-10,2.0016342401504517,-1.4368987083435059,4.1898123859240854e-10,-1.981238842010498,384.7165307998657,1.0817787776673526e-09,-2.643968105316162,9.36198377609253,7.613050745369776e-10
957,-1.4454336166381836,173.66218554973602,2.3158816878088295e-11,-2.8450751304626465,392.67956042289734,4.1877810247337166e-11,182.549813747406,2.736069917678833,4.725802214833319e-12,-0.7022514343261719,394.3629196882248,2.991337039182085e-11,-2.0335464477539062,180.79517269134521,8.305621190807244e-10,1.9639949798583984,-6.581866264343262,2.308827351527043e-09,6.564451456069946,399.48110938072205,3.857554553565734e-10,-0.559694766998291,1.4337067604064941,2.3130838910923046e-10,-0.8727245330810547,399.490211725235,2.0989569804452657e-10,-5.090070724487305,-4.104647636413574,1.4362669907563852e-11,3.8720422983169556,-1.7998123168945312,7.039158839150517e-11,4.383418142795563,-6.559802055358887,1.3830397764535984e-11,-2.163510322570801,4.730593740940094,1.1690211298986952e-10,1.8873746395111084,-1.8241825103759766,1.7079701541966585e-10,-1.8489413261413574,384.4942321777344,8.745736357340661e-10,-2.814938545227051,10.131743431091309,4.11455369775382e-10
958,-1.5465431213378906,126.25266742706299,2.5218667432103103e-11,-2.4825148582458496,392.76893496513367,5.436940134218027e-11,198.47634077072144,2.3864864110946655,8.632222540938539e-12,-0.3991050720214844,394.2621340751648,3.0378408122366807e-11,-1.72800874710083,398.9854037761688,9.522187482957634e-10,1.7257988452911377,393.9136440753937,2.7111703992943603e-09,7.060663938522339,399.53931522369385,5.253358303924927e-10,-0.7448763847351074,1.4983937740325928,2.808564492084997e-10,-0.44213008880615234,399.54876375198364,2.7112517786420653e-10,-5.331473350524902,-4.361536979675293,2.0879234105541933e-11,3.853351905941963,-1.8601412773132324,8.237305282321472e-11,196.64980840682983,-4.261465072631836,2.6286762697114163e-11,-2.342663288116455,5.084747910499573,1.5812902376399762e-10,2.0213282108306885,-1.7100892066955566,2.1751143941539652e-10,-1.9870238304138184,384.952335357666,8.580374744049379e-10,-2.5048747062683105,10.060674667358398,6.893302040289484e-10
959,-1.9485325813293457,110.07683396339417,2.64438609898221e-11,-2.5992250442504883,392.5010871887207,5.368249941795078e-11,-8.39411449432373,-0.4507913589477539,6.85314001727666e-12,-0.6253156661987305,394.4804961681366,2.8343240948691673e-11,-1.92496919631958,399.06921672821045,8.864302625255505e-10,1.6063816547393799,393.81980657577515,2.914403385290143e-09,6.762167692184448,399.3340163230896,4.5423803607391733e-10,-0.7703180313110352,1.4701721668243408,3.013897187376102e-10,-0.7080445289611816,399.5137257575989,2.4741805826344887e-10,-5.641977310180664,-4.5589494705200195,2.5645282772379652e-11,3.8521658033132553,-1.783658504486084,9.56745932478853e-11,4.175410985946655,-6.584007263183594,2.244171341814205e-11,-2.321932315826416,4.92111736536026,1.8443729876693737e-10,2.3388092517852783,-1.3344950675964355,2.4654747687868905e-10,-2.1267457008361816,384.84673857688904,9.590155336525186e-10,-2.2647247314453125,10.185057640075684,8.89790963132242e-10
960,-1.4063363075256348,157.90794348716736,2.5139904047399853e-11,-2.8340415954589844,392.3382182121277,5.607056485779083e-11,-8.068733215332031,-0.4928865432739258,9.290089530988865e-12,-0.9418058395385742,394.26641404628754,2.2671671831564488e-11,-1.818460464477539,116.7254524230957,7.619151976001604e-10,2.2155230045318604,-6.45402717590332,3.5019227517807394e-09,6.812094449996948,399.5745003223419,2.978255975172317e-10,-0.4106287956237793,1.2668027877807617,3.817844651532454e-10,-0.7102980613708496,399.8340129852295,2.3246365943307978e-10,-5.08310604095459,-4.56633186340332,2.894170320066891e-11,4.031944554299116,-1.793663501739502,1.4010657911622815e-10,3.9485483653843403,-6.213726997375488,2.8497896750745433e-11,-2.003793716430664,4.351458013057709,2.1101480285334873e-10,1.867793321609497,-1.7173223495483398,3.0574320852849723e-10,-2.282771110534668,384.78608202934265,7.677211644185888e-10,-2.451321601867676,9.595293521881104,7.457447437353437e-10
961,-1.5252628326416016,173.5231295824051,2.1943565020610123e-11,-2.8069100379943848,392.2528429031372,5.6714844626215566e-11,182.8481764793396,2.7300095558166504,1.2867838738994664e-11,-0.7202491760253906,394.67889082431793,2.5304335016240742e-11,-1.7551050186157227,398.68203139305115,8.440438903356551e-10,2.4803943634033203,-6.465836524963379,4.4516457187171454e-09,6.738567352294922,399.29784297943115,3.6606420672491424e-10,-0.6403884887695312,1.0903468132019043,4.666875774717028e-10,-0.6352362632751465,399.8116705417633,2.443248103833895e-10,-5.095113754272461,-4.142573356628418,4.7435135680506946e-11,4.139026254415512,-1.6685781478881836,2.5685092941429843e-10,4.43508717417717,-6.178549766540527,6.14692810541051e-11,-2.093033790588379,4.208602145314217,3.998549269468299e-10,2.4870764017105103,-1.5714941024780273,4.123360541896659e-10,-2.3905954360961914,385.0415713787079,9.53751078114351e-10,-2.2702488899230957,8.894166946411133,1.130595839171633e-09
962,-1.4315738677978516,189.9326090812683,2.117646509536275e-11,-2.4964513778686523,392.62490820884705,5.2027094438189536e-11,198.16524648666382,2.6877559423446655,7.363180377917278e-12,-0.2635335922241211,393.9805500507355,3.628095393559683e-11,-2.291937828063965,398.77074694633484,9.410496826234294e-10,2.0769636631011963,-6.510845184326172,2.7346451769716396e-09,6.995625019073486,399.5993113517761,5.084441201397283e-10,-0.5946249961853027,1.3477933406829834,2.530125831068375e-10,-0.8609743118286133,399.5127875804901,2.7548935355170556e-10,-5.323647499084473,-3.8160529136657715,1.6612785799785534e-11,-2.1430587768554688,399.2144956588745,7.559178283322865e-11,197.66286838054657,-5.702095031738281,1.9919416810454393e-11,-2.4064431190490723,4.709569692611694,1.5410811515792489e-10,2.1221678256988525,-1.7411699295043945,1.9727164346505788e-10,-1.6428346633911133,384.64691829681396,1.022928963756442e-09,-2.7061548233032227,9.912089824676514,5.221561516499662e-10
963,-5.035286903381348,4.285605996847153,1.625800362392571e-11,-2.934382438659668,392.751451253891,4.6188677882419427e-11,-7.787532806396484,-0.7531576156616211,9.803535587493695e-12,-0.43822145462036133,394.2396935224533,2.5222272187486183e-11,-1.784463882446289,398.7703161239624,7.626843601116207e-10,2.1200122833251953,-6.682464599609375,4.316065727039131e-09,6.831232070922852,399.5056788921356,2.934241738472565e-10,-0.39490175247192383,1.025270700454712,4.526492791701031e-10,-0.770545482635498,400.075879573822,1.9076329405010028e-10,-4.850650787353516,-4.521672248840332,3.71785449648776e-11,4.194334924221039,-1.616269588470459,2.3813620519952394e-10,3.8095490783452988,-5.871061325073242,6.751723485853844e-11,-2.2939014434814453,4.003268731292337,3.4884817257108125e-10,1.886655569076538,-1.5954065322875977,4.494978556035534e-10,-2.2104153633117676,384.51986861228943,9.171085557646563e-10,-2.7075252532958984,9.421977996826172,8.090088599033152e-10
964,-1.7329158782958984,142.38211011886597,1.8839981658080873e-11,-2.85506534576416,392.48011779785156,3.646396379286543e-11,198.44949579238892,1.9545331001281738,1.1325629670211335e-11,-0.3495182991027832,394.14193046092987,2.1344386327837306e-11,-1.9888787269592285,398.796582698822,6.875798264083244e-10,1.7584607601165771,-6.509625434875488,2.5619832921819352e-09,6.93341064453125,399.48756885528564,3.625275357688196e-10,-0.41687631607055664,0.9987578392028809,2.6995539137431024e-10,-0.7140812873840332,399.8628132343292,1.79054188143013e-10,-5.223141670227051,-4.295621871948242,1.8425051415138505e-11,4.248767182230949,-1.8249220848083496,9.53270448689203e-11,228.4206934273243,-3.5355496406555176,3.535604448101637e-11,-2.2719931602478027,4.639255225658417,1.333074206577578e-10,1.8935647010803223,-1.8938140869140625,1.8029337744973617e-10,-2.2343716621398926,384.35967540740967,7.289240322450041e-10,-2.5887317657470703,9.93257761001587,5.086827070677202e-10
965,-1.5159764289855957,142.04505848884583,1.9653433394606346e-11,-2.8321638107299805,392.6681046485901,4.77348265082167e-11,-8.402502059936523,-0.5599336624145508,6.208301234211788e-12,-0.33744049072265625,394.26740980148315,2.5056179353555308e-11,-1.886812686920166,398.9681158065796,8.805122742039373e-10,1.976475715637207,-6.525890350341797,2.9620212949055258e-09,6.584304094314575,399.1906099319458,4.2822062562564156e-10,-0.3876619338989258,1.4420783519744873,2.7084298692692244e-10,-0.8806071281433105,399.74557065963745,2.441827295918131e-10,-4.966127395629883,-3.8917417526245117,1.972294202956526e-11,3.695770174264908,-1.6076512336730957,8.962084546704219e-11,4.160680815577507,-6.520307540893555,2.0970629746597247e-11,-2.1668758392333984,4.663749814033508,1.5025394817236304e-10,1.9303104877471924,-1.714287281036377,2.3989546460434497e-10,4.7386780977249146,391.65199184417725,7.062386786493846e-10,-2.66013765335083,10.034292697906494,5.575906958377175e-10
966,-1.55281400680542,142.0600745677948,3.002220000380973e-11,-2.816969394683838,392.7252199649811,6.002667807258888e-11,103.62330389022827,2.1057809591293335,2.2204725905194955e-11,-0.5290131568908691,394.0583453178406,2.7084490900053382e-11,-1.6322951316833496,101.16350841522217,9.933361910796634e-10,1.6530656814575195,393.9570081233978,2.326846937350524e-09,6.7778754234313965,399.3003206253052,3.3412445032965365e-10,-0.6148710250854492,0.8593916893005371,2.646214081192255e-10,-0.8129897117614746,399.71903347969055,2.45371389873128e-10,-2.058094024658203,90.80389785766602,2.0532254715877052e-11,-1.9261369705200195,398.54496145248413,6.444173666908526e-11,117.23829174041748,-1.7992963790893555,2.2948063588268397e-11,-2.3400793075561523,4.689061224460602,1.186545306453013e-10,2.217432379722595,-2.072875499725342,1.660949988657734e-10,-1.9860420227050781,384.61151456832886,1.0010259288151246e-09,-2.3798232078552246,9.843887329101562,5.2643217562931e-10
967,-1.755080223083496,142.1508605480194,2.049786035351886e-11,-2.7860841751098633,392.39422392845154,4.258542823931677e-11,-8.380245208740234,-1.0620169639587402,6.242569395437103e-12,-0.33657217025756836,394.0664098262787,2.582212742241463e-11,-1.8089046478271484,399.0707263946533,8.586235611396376e-10,1.6632487773895264,393.6629521846771,2.669555243528521e-09,6.762856721878052,399.4343595504761,4.689691968096099e-10,-0.26734352111816406,1.1530239582061768,3.4237956914040524e-10,-0.5298962593078613,399.7485570907593,2.5556373683954803e-10,-4.91341495513916,-4.1140851974487305,1.7673395732997754e-11,3.4487128853797913,-1.6907391548156738,7.359884923729965e-11,4.245640620589256,-6.248476982116699,1.821959944026119e-11,-2.0775747299194336,4.80006331205368,1.296589918764468e-10,2.295146346092224,-2.045764923095703,2.3257053227698776e-10,4.815895915031433,391.58759784698486,7.706229543380516e-10,-2.8216209411621094,9.69665813446045,5.152820392595459e-10
968,-1.673353672027588,142.21028923988342,2.2508975586199576e-11,-2.893587112426758,392.46908020973206,4.599377823044648e-11,-7.75163459777832,-0.375244140625,1.0855850940405531e-11,-0.49157094955444336,394.3063851594925,2.967724330171784e-11,-1.9360599517822266,398.78546929359436,9.153801050487687e-10,2.309504747390747,-6.534215927124023,4.349395066327588e-09,6.57406759262085,399.2929801940918,4.3565495655428776e-10,-0.5958738327026367,1.1699814796447754,4.525638475083582e-10,-0.7551074028015137,399.87299156188965,2.559715772676441e-10,-5.188065528869629,-3.973503589630127,4.1633071989899406e-11,4.23975382745266,-1.7233624458312988,2.2160819013183897e-10,4.629320502281189,-6.307738304138184,6.427994247992785e-11,-2.271216869354248,4.3822572231292725,3.767432477097543e-10,2.5845277309417725,-1.6025261878967285,3.81075893063354e-10,-2.047567844390869,384.62160086631775,7.744421770539134e-10,-2.438535213470459,9.085409164428711,1.0297509511758562e-09
969,-1.3294644355773926,110.07979321479797,3.217485652906582e-11,-2.7812108993530273,392.68029856681824,5.3156857388048095e-11,-8.390348434448242,-1.1043987274169922,8.304789148039227e-12,-0.5191168785095215,394.1654042005539,3.130191938982563e-11,-1.5213508605957031,132.91056060791016,1.2872564125743224e-09,1.5033490657806396,-6.692437171936035,2.5667181713373566e-09,6.604559898376465,399.33317160606384,3.685322880198072e-10,-0.6437053680419922,1.0025084018707275,3.0157140673559013e-10,-0.8721351623535156,399.46704864501953,2.5774313239246283e-10,-1.9588208198547363,107.4801304936409,2.054788630911908e-11,4.41705983877182,-1.629037857055664,9.072813333954599e-11,213.50181591510773,-3.8729286193847656,2.7725193668670656e-11,-2.4346179962158203,4.788113594055176,1.4545373239194248e-10,2.149828791618347,-1.7297077178955078,1.6430119764709872e-10,-2.0986433029174805,384.6091012954712,7.341381391690049e-10,-0.6456375122070312,115.80792061984539,7.68516694726884e-10
970,-1.6103887557983398,126.3756308555603,2.7551811526693726e-11,-2.9038310050964355,392.8164508342743,5.000620750816864e-11,-8.109261512756348,-1.1290283203125,8.900668396760736e-12,-0.5194025039672852,394.2748373746872,2.61873769197285e-11,-1.5505661964416504,132.86358451843262,1.1667939947557215e-09,1.5472965240478516,-6.657260894775391,3.299127637745869e-09,6.767926216125488,399.2552008628845,3.522917235709855e-10,-0.3953251838684082,1.117696762084961,4.832738653703927e-10,-0.7579474449157715,399.8149116039276,2.4764229555884754e-10,-4.945089340209961,-4.317985534667969,2.5641565259970633e-11,3.5648225247859955,-1.6391510963439941,1.0402625288952194e-10,4.520207703113556,-6.157487869262695,3.390178415774159e-11,-2.087590217590332,4.848235249519348,1.918953052015837e-10,1.9513530731201172,-1.9152841567993164,3.2931349314146985e-10,-1.7762970924377441,384.4724817276001,6.986714540246908e-10,-2.62650203704834,9.570934772491455,7.096617737900601e-10
971,-1.891542911529541,126.46592950820923,2.2813518435471636e-11,-2.708829402923584,392.5933585166931,5.509261102876195e-11,182.684504032135,2.9395856857299805,2.089620664003089e-11,-0.7271332740783691,394.40267968177795,2.3001087146035104e-11,-1.9019203186035156,101.05970764160156,8.346816571247473e-10,2.181879758834839,-6.60689640045166,4.576961476487895e-09,6.740752696990967,399.5630781650543,3.2537131322563084e-10,-0.20758962631225586,1.225464105606079,4.160284894361155e-10,-0.753786563873291,399.9138171672821,2.413466371198325e-10,-4.8000335693359375,-4.42240047454834,3.353967797936619e-11,4.120085790753365,-1.6728754043579102,2.1939432215400956e-10,3.8715024143457413,-6.008358955383301,5.702082556124921e-11,-2.298698902130127,3.942409284412861,3.546906379714443e-10,1.9470677375793457,-1.6320581436157227,4.943165321513732e-10,-2.0323781967163086,384.75366020202637,8.741734003336887e-10,-2.811886787414551,9.33383321762085,8.469709933400793e-10
972,-1.6808629035949707,158.1518805027008,1.7678452451930227e-11,-2.7324819564819336,392.2244772911072,4.276017734339277e-11,198.22559261322021,2.3773149251937866,7.950373866194571e-12,-0.5460247993469238,394.22687911987305,3.11822616338997e-11,-2.2385616302490234,398.729633808136,7.850745609161436e-10,1.5099270343780518,393.5445535182953,2.346371541506187e-09,6.730391979217529,399.60062861442566,4.2833830926625183e-10,-0.5876226425170898,1.2720589637756348,2.996392023391081e-10,-0.5501565933227539,399.72994327545166,2.367643858747215e-10,-5.099122047424316,-4.260767936706543,1.5864009758614905e-11,4.148470118641853,-1.7817459106445312,7.675596963574449e-11,4.6094948053359985,-6.2177581787109375,1.564292445577209e-11,-2.402714252471924,4.774450123310089,1.421179146587903e-10,2.008363723754883,-2.047379493713379,1.813902500424902e-10,-1.9986343383789062,384.6228153705597,8.428100439772379e-10,-2.863996982574463,9.647021770477295,4.714237888947537e-10
973,-2.0470099449157715,126.55779194831848,3.314583676972127e-11,-2.514667510986328,392.5530526638031,5.7237672934640216e-11,198.30503606796265,2.299058198928833,1.3321278975741979e-11,-0.5060181617736816,394.0609744787216,2.7918565029261266e-11,-2.106203079223633,132.9173927307129,1.063765076025902e-09,2.3597607612609863,-6.690023422241211,4.804131759073016e-09,6.9845521450042725,399.5963318347931,4.572055511964379e-10,-0.6346259117126465,1.0285429954528809,3.7114228357282286e-10,-0.7672104835510254,399.8624470233917,2.951698885311771e-10,-5.01480770111084,-4.382699012756348,3.3153230161175884e-11,4.209881618618965,-1.5460281372070312,2.438876323118677e-10,4.005593084730208,-5.848236083984375,8.347115360018975e-11,-2.713865280151367,3.8088408857584,3.9533071261033115e-10,2.3190832138061523,-1.3604769706726074,4.4974310386969307e-10,-1.9083800315856934,384.77984952926636,1.2762257917131592e-09,-2.6684627532958984,9.103687763214111,8.184469213468049e-10
974,-1.312558650970459,158.1226725578308,2.228003025128711e-11,-2.3848609924316406,392.56927514076233,4.3072781452657694e-11,86.87867164611816,2.380032181739807,6.788651238376353e-12,-0.41587209701538086,394.17524325847626,3.343945953471206e-11,-2.2542619705200195,398.9872486591339,8.456489397623557e-10,2.3035959005355835,-6.404812812805176,2.566355794542119e-09,7.2092273235321045,399.67318630218506,5.197842156690058e-10,-0.6794075965881348,1.3333308696746826,3.2572772257211113e-10,-0.881047248840332,399.61887979507446,2.537762222587503e-10,-5.464334487915039,-4.291655540466309,1.8050592270890675e-11,4.204258635640144,-1.6785893440246582,7.515474353958496e-11,5.21303915977478,-6.232673645019531,1.5526521041087094e-11,-2.3653125762939453,5.166908860206604,1.4219220245692554e-10,2.6260968446731567,-1.7735662460327148,1.7028016496833942e-10,-1.6699199676513672,384.75275135040283,1.0835795594132946e-09,-2.929917335510254,9.85416841506958,5.611413000927712e-10
975,-5.2995758056640625,3.8872606679797173,2.0577694062606788e-11,-2.6186161041259766,392.69632506370544,6.040384858962966e-11,134.76946592330933,3.2477627992630005,1.7905238056115103e-11,-0.5928435325622559,394.14047610759735,3.408501259016816e-11,-1.7338676452636719,399.01694536209106,1.0659524374290186e-09,2.3675241470336914,-6.7290496826171875,5.413508308294013e-09,6.9103357791900635,399.3732943534851,5.343837039539778e-10,-0.5459179878234863,1.2247405052185059,5.522056700790756e-10,-0.7709140777587891,399.7720446586609,3.467003351076414e-10,-4.837225914001465,-4.919371604919434,4.775495276998498e-11,3.9600482396781445,-1.8366942405700684,2.487154371344502e-10,4.19250226020813,-5.436334609985352,1.1010985179193966e-10,-2.760849952697754,4.042279057204723,4.2900216712382644e-10,2.320797324180603,-1.640500545501709,5.506847755576416e-10,-1.6453614234924316,384.5942542552948,9.476492923710111e-10,-2.6196188926696777,9.089582920074463,9.984441051713588e-10
976,-1.6790595054626465,142.2821774482727,2.1420896306745263e-11,-2.447530746459961,392.3478078842163,6.62546614793591e-11,183.15989923477173,2.88207745552063,1.6609966874137072e-11,-0.4045443534851074,394.17166209220886,4.34843654140149e-11,-2.0961084365844727,398.9147207736969,1.0914098513836734e-09,2.794525146484375,-6.20266056060791,3.3108842334428346e-09,6.905397176742554,399.55468797683716,5.942534242464603e-10,-0.39737606048583984,1.512892723083496,3.5718625279734795e-10,-0.6953549385070801,399.5288152694702,3.4315034147525125e-10,-5.403414726257324,-4.02694034576416,2.5242391510360562e-11,-1.9410271644592285,399.0129144191742,1.0949079143340867e-10,4.486554026603699,-6.407445907592773,2.9526998901463486e-11,-2.254426956176758,5.070185899734497,1.4166891271205628e-10,2.4405723810195923,-2.1263837814331055,2.0754292728852874e-10,-2.0153183937072754,384.73376870155334,1.2869396659453969e-09,-2.0150814056396484,9.9454665184021,1.2239212976439262e-09
977,-5.254920959472656,3.7737805992364883,1.964713634838855e-11,-2.771937370300293,392.4794900417328,4.9249812561491524e-11,182.8572883605957,2.532835841178894,2.162533346838913e-11,-0.5173859596252441,394.3951749801636,3.130807071927144e-11,-1.7974653244018555,398.9278471469879,9.150291635506846e-10,2.2189537286758423,-6.517429351806641,4.5426773453982605e-09,6.795653343200684,399.2442443370819,4.667837227856353e-10,-0.30378150939941406,1.389493465423584,5.430310090481782e-10,-0.5371670722961426,399.58513045310974,2.813599075945916e-10,-5.232387542724609,-4.408315658569336,4.332813621776843e-11,3.9711867347359657,-2.06638240814209,1.7965352816506908e-10,4.73506098985672,-6.203679084777832,7.008065655567108e-11,-2.0333986282348633,4.445598363876343,3.69149266710167e-10,2.582101345062256,-2.004751205444336,3.61475904764319e-10,-1.9973430633544922,384.53724932670593,9.735197092908265e-10,-2.3174304962158203,8.929770946502686,1.2454025588581885e-09
978,-1.584667682647705,141.98156023025513,2.469158558171536e-11,-2.5855231285095215,392.32833766937256,5.5144229460513117e-11,-7.517521858215332,-0.7478833198547363,1.0666530159131327e-11,-0.4293346405029297,394.1555401086807,2.9786634964112935e-11,-1.9980168342590332,398.7936019897461,9.202397732721579e-10,1.9297561645507812,-6.552769660949707,4.54013093786898e-09,6.965376853942871,399.57241654396057,4.881114401555919e-10,-0.3183293342590332,1.169811487197876,4.5201087317536803e-10,-0.5488934516906738,399.67535042762756,2.8335417345815017e-10,-5.019852638244629,-4.349612236022949,3.552043034704688e-11,4.197376847267151,-1.6519556045532227,2.1878043821033089e-10,4.0745759308338165,-6.1611127853393555,6.556000881063895e-11,-2.243621349334717,3.917574815452099,3.273439574957848e-10,1.8704214096069336,-1.5234732627868652,4.3652831349660914e-10,-2.0573153495788574,384.71722531318665,1.225727297438084e-09,-2.6092309951782227,8.991605281829834,7.981102445597799e-10
979,-1.489438533782959,142.27101588249207,2.738400305124511e-11,-2.5508594512939453,392.3762137889862,6.353505915823732e-11,-8.55190372467041,-1.0390005111694336,5.253573617802765e-12,-0.4969367980957031,394.38423204421997,3.49978934721662e-11,-1.890139102935791,398.866304397583,1.0765793811984281e-09,1.699751615524292,393.67512583732605,3.1336837569284626e-09,7.076692581176758,399.3299376964569,5.412039150165526e-10,-0.3804926872253418,0.9619247913360596,2.823270228713426e-10,-0.7786874771118164,399.43536949157715,3.007092908013931e-10,-5.192756652832031,-4.517414093017578,1.71108665431019e-11,4.0253075156360865,-1.8286995887756348,8.994895800418234e-11,212.3871442079544,-3.995168685913086,2.6467578129185654e-11,-2.120820999145508,4.565471410751343,1.255282128242996e-10,1.884232759475708,-1.84614896774292,1.6973152050514528e-10,-2.1611156463623047,384.9598882198334,1.0493643731734892e-09,-0.9693899154663086,99.95751115679741,5.2428478225508e-10
980,-1.6499786376953125,142.09641408920288,2.4885718485911923e-11,-2.6470165252685547,392.65136194229126,4.737256420472846e-11,-8.125102043151855,-1.1272907257080078,6.677197857130057e-12,-0.3480105400085449,393.96766471862793,2.1581738132714356e-11,-1.9735264778137207,116.917649269104,8.286332175977407e-10,1.6959712505340576,-6.711801528930664,3.1405287259644865e-09,6.990544319152832,399.586886882782,3.2688721174345403e-10,-0.502596378326416,0.916682243347168,4.0630279696252103e-10,-1.1071391105651855,399.84645819664,2.290356376777325e-10,-5.044744491577148,-4.708852767944336,2.453408309843752e-11,4.2631707191467285,-1.881216049194336,1.2712836339190403e-10,4.367118686437607,-6.226949691772461,3.9089096542932467e-11,-2.3994665145874023,4.325108617544174,2.1681266504369745e-10,2.0730754137039185,-1.9439287185668945,3.0847105425557686e-10,-2.0034008026123047,384.81283378601074,1.0083652801640142e-09,-2.534152030944824,9.404821872711182,6.477288705397655e-10
981,-1.8298826217651367,110.39431977272034,2.7232747307204264e-11,-4.395073890686035,107.98534671403468,3.420536770493143e-11,119.92083978652954,2.9068379402160645,1.3876929987055586e-11,-0.6677546501159668,394.3250778913498,1.633029128589314e-11,-1.2859101295471191,116.72984886169434,9.515052079578368e-10,1.8394520282745361,-6.555024147033691,2.810993660062877e-09,6.983143329620361,399.53600788116455,3.5330782743869804e-10,-0.29218101501464844,1.0591869354248047,3.4958017036679223e-10,-0.7160816192626953,399.8994789123535,1.7729753776229984e-10,-5.0710859298706055,-4.568093299865723,1.974612660882169e-11,3.833405315876007,-1.920522689819336,7.540054691723697e-11,4.5548900961875916,-6.183156967163086,2.3041219973651828e-11,-2.3610706329345703,4.822080373764038,1.5056347835162853e-10,1.9501473903656006,-1.8688664436340332,2.646123042904236e-10,-2.1040916442871094,384.4509553909302,6.814746544847594e-10,-2.45167875289917,9.879555702209473,6.220183812466473e-10
982,-1.747175693511963,110.21673512458801,2.0759985744356335e-11,-2.9195961952209473,392.3367340564728,3.820312122204683e-11,-8.269062995910645,-0.6966042518615723,8.221510278128008e-12,-0.6696343421936035,394.2052904367447,2.211584040900938e-11,-1.9044842720031738,116.8241720199585,8.478002189171718e-10,1.7858572006225586,-6.8819122314453125,3.1362488162045565e-09,6.912875175476074,399.619482755661,3.626305367099292e-10,-0.4282393455505371,1.2166306972503662,4.879224801968007e-10,-0.5167069435119629,399.59171295166016,2.1368389002685007e-10,-4.780971527099609,-4.68028450012207,2.4483175903311505e-11,3.88670664280653,-1.6633896827697754,1.1475302652552699e-10,3.98498812969774,-6.069418907165527,3.2719146836335256e-11,-2.174510955810547,4.637807786464691,2.0966640923436586e-10,1.921830415725708,-1.9286565780639648,3.7687189480273275e-10,-2.190368175506592,384.9258306026459,8.324732569953142e-10,-2.8189949989318848,9.601759910583496,5.025330152008678e-10
983,-1.7053661346435547,126.26950430870056,2.8759123554822352e-11,-2.678041934967041,392.4005162715912,4.381555188115449e-11,-8.621131896972656,-0.31423521041870117,9.466456264706213e-12,-0.3995180130004883,394.27231097221375,3.238659687654355e-11,-1.9195170402526855,132.55628299713135,1.0113566650815642e-09,2.124866008758545,-6.492130279541016,3.219225996886621e-09,7.221550226211548,399.65455865859985,4.752979676503344e-10,-0.5350785255432129,1.0728154182434082,4.794590835466295e-10,-0.7516789436340332,399.70346665382385,2.3177565422471957e-10,-5.225238800048828,-4.353991508483887,2.6077471779184513e-11,3.781217247247696,-1.704986572265625,9.533412947959619e-11,4.919675171375275,-6.348480224609375,2.7695016419082563e-11,-2.0403342247009277,5.1104360818862915,1.8233060894434772e-10,2.404397130012512,-1.947927474975586,3.0450186816466385e-10,-1.5042362213134766,384.4063391685486,1.5455299262612243e-09,-2.9954309463500977,9.753493309020996,7.082297526217474e-10
984,-2.0026612281799316,190.12208032608032,2.075174754256892e-11,-2.746391773223877,392.2174537181854,5.579350870199562e-11,118.74845933914185,3.1088240146636963,6.22940241057357e-12,-0.5255107879638672,394.29074144363403,2.891119288417343e-11,-1.9498305320739746,398.9034357070923,9.252151267347131e-10,1.6085774898529053,393.6326382160187,3.13188519562857e-09,6.740148067474365,399.33386611938477,5.268932512514368e-10,-0.6684842109680176,1.022026777267456,1.7869596080632988e-10,-0.6439204216003418,399.43624091148376,2.8803986973358064e-10,-2.257018566131592,90.89980828762054,1.2172455751691125e-11,-1.9644579887390137,398.7189574241638,6.996245943691193e-11,100.5276392698288,-3.614933490753174,1.2322589997004751e-11,-2.38624906539917,5.044458508491516,6.736351754188519e-11,2.6619585752487183,-2.246181011199951,1.0174915771044013e-10,-2.2534565925598145,384.68633794784546,1.1391241283575937e-09,-2.9846386909484863,10.247639179229736,4.774304285248832e-10
985,-1.585258960723877,142.1769802570343,3.117869504243309e-11,-2.6492018699645996,392.2673246860504,4.9679461933127556e-11,182.88988828659058,2.849886894226074,9.798525706095074e-12,-0.5695061683654785,394.2919819355011,2.977470700549212e-11,-2.2113685607910156,148.78374671936035,9.826609526086827e-10,2.2608327865600586,-6.783246040344238,3.719375918365131e-09,6.769774675369263,399.40593671798706,5.029808236578504e-10,-0.8038825988769531,0.958521842956543,3.5562952582779417e-10,-0.8837218284606934,399.5867130756378,2.719829084174563e-10,-5.155370712280273,-4.627845764160156,2.60103605320694e-11,3.7812324464321136,-1.7710175514221191,1.4880426058017093e-10,4.223941266536713,-6.046385765075684,5.95925045421275e-11,-2.62595272064209,4.020965967327356,2.9226404629767444e-10,2.359775185585022,-1.8810806274414062,3.3378685926344076e-10,-1.9523072242736816,384.6055510044098,9.53129131175956e-10,-2.683314323425293,8.980253219604492,7.858625972190225e-10
986,-1.6654233932495117,142.20106077194214,2.521736638949612e-11,-3.234532356262207,392.6314117908478,4.379450274649699e-11,197.8394374847412,2.3533830642700195,1.0821492139878597e-11,-0.726130485534668,394.3768969774246,2.2215316392015794e-11,-1.8237123489379883,148.86331844329834,8.268349893647553e-10,1.9563546180725098,-6.65053653717041,4.413609033804278e-09,6.669055700302124,399.3955066204071,3.088231059766855e-10,-0.6697931289672852,0.8895473480224609,3.960567707128604e-10,-0.7124118804931641,399.70488357543945,2.0862764293916314e-10,-5.003314018249512,-4.5755205154418945,3.744748955369914e-11,4.010218510404229,-1.7802696228027344,2.2080444417316158e-10,4.33556604385376,-6.068164825439453,8.278445290388348e-11,-2.4908180236816406,3.815518155694008,3.616973109910049e-10,2.008628010749817,-1.711616039276123,4.670455688859931e-10,-2.440617084503174,384.5836181640625,5.980591577525729e-10,-2.5070066452026367,8.949134826660156,8.163546505457475e-10
987,-1.4057440757751465,158.01104617118835,2.008043384349456e-11,-2.5834789276123047,392.45955634117126,4.3479966155279826e-11,198.3559055328369,2.0135949850082397,1.585015799165923e-11,-0.5018267631530762,394.14884543418884,3.063384615420439e-11,-2.0701494216918945,399.08638858795166,8.602136780666569e-10,2.164138436317444,-6.5508623123168945,4.556665711419328e-09,6.8386030197143555,399.55577635765076,5.066802533093551e-10,-0.40428686141967773,0.879185676574707,4.5390635694531056e-10,-1.0304503440856934,399.4818525314331,2.4750820837304843e-10,-4.970775604248047,-4.573012351989746,3.7290680959811695e-11,4.423421710729599,-1.6656289100646973,2.3055959919027202e-10,4.1931929141283035,-5.9131574630737305,6.14165454604354e-11,-2.4387927055358887,4.03150674700737,3.3923536202351556e-10,1.968639850616455,-1.5232181549072266,4.3668318960854435e-10,-1.9448652267456055,384.5497922897339,8.328607803420596e-10,-2.585127353668213,9.329698085784912,8.400000139907604e-10
988,-1.744074821472168,110.31314134597778,2.05127616281775e-11,-2.791600227355957,392.6603775024414,5.468712982459323e-11,198.4224328994751,2.4980982542037964,7.225599025356688e-12,-0.6229968070983887,394.32947874069214,3.592611277913882e-11,-1.7255992889404297,399.1479535102844,9.973040171473713e-10,1.7760891914367676,393.7168049812317,2.8224154124956158e-09,6.751046419143677,399.25864124298096,4.964841315846513e-10,-0.5335788726806641,1.1684138774871826,2.4395413467104277e-10,-0.8535881042480469,399.8431181907654,2.811442745276338e-10,-5.402739524841309,-4.144518852233887,1.7959243467369213e-11,4.2113039791584015,-1.661252498626709,9.194567329728898e-11,4.233916133642197,-6.4953765869140625,1.9626798450356198e-11,-2.3444676399230957,4.629799127578735,1.541113486824841e-10,1.9615397453308105,-1.5652050971984863,1.888849493481004e-10,-1.9233827590942383,384.3883762359619,8.082932101416418e-10,-2.678792953491211,9.79891586303711,4.663565644769108e-10
989,-1.7078280448913574,189.98323452472687,1.955046541324279e-11,188.15177480876446,49.889599323272705,4.9232909415941606e-11,198.23646783828735,2.2316118478775024,9.865717617851821e-12,-0.8146753311157227,394.60448598861694,1.9583609039974803e-11,-2.031035900115967,133.24352359771729,7.56570139870405e-10,1.8922057151794434,-6.801328659057617,2.5634745437486117e-09,6.670568227767944,399.2747588157654,2.556217737481603e-10,-0.6545257568359375,1.3206572532653809,3.1077956874625556e-10,-0.663724422454834,399.80321502685547,1.740972643826666e-10,-4.9924211502075195,-4.645473480224609,1.7598315166234002e-11,3.82904751598835,-1.7349696159362793,8.386900202106418e-11,196.8653466105461,-4.119780540466309,1.6030144225909204e-11,-2.1908140182495117,4.695686459541321,1.278027822460004e-10,2.1904999017715454,-2.0599007606506348,2.206284738237585e-10,-2.2964529991149902,384.64369225502014,4.769817318894809e-10,-2.5559730529785156,9.780377864837646,4.6543591203374035e-10
990,-1.2879223823547363,173.82690966129303,2.357143820408414e-11,-2.347930908203125,392.57346272468567,5.594482863080508e-11,119.3956618309021,2.437336564064026,1.7603519336661932e-11,-0.38622331619262695,394.1267474889755,3.1071065859089586e-11,-2.108412742614746,398.88164591789246,8.919030514142889e-10,1.2727892398834229,393.6639873981476,2.6380009288118345e-09,7.09210991859436,399.56274008750916,4.4397469034507253e-10,-0.6845293045043945,1.0646255016326904,3.081617183653407e-10,-1.0391812324523926,399.41727018356323,3.03949448943186e-10,-5.070151329040527,-4.183165550231934,1.6032742841676217e-11,-2.0676779747009277,399.29218316078186,7.335414914377836e-11,4.526739656925201,-6.1199445724487305,1.5933331043438415e-11,-2.596261501312256,5.209957838058472,1.1856561565881663e-10,2.2919468879699707,-1.7945003509521484,2.0555032675950713e-10,-1.3731069564819336,384.75274205207825,1.6440160344188826e-09,-2.7611827850341797,10.283506870269775,4.171384904161357e-10
991,-1.917607307434082,110.10616326332092,2.3556200393071158e-11,-2.523141384124756,392.41309547424316,4.749742266163537e-11,-8.421550750732422,0.06664133071899414,5.009219167934065e-12,-0.5844745635986328,394.35054409503937,2.7162402535529928e-11,-1.5663371086120605,116.4773063659668,8.950147845077083e-10,2.6722018718719482,-5.93111515045166,2.7979099037622746e-09,6.9858081340789795,399.46660351753235,4.350546034537217e-10,-0.43584632873535156,1.5148727893829346,2.9067795392911933e-10,-0.8570981025695801,399.61359000205994,2.5178306661821637e-10,-5.269289016723633,-4.108308792114258,1.8272985555234378e-11,3.6889192163944244,-1.636136531829834,6.521529150038674e-11,4.433979839086533,-6.676522254943848,1.998979107242782e-11,-2.249042510986328,4.822545647621155,1.1604724126090815e-10,1.931997537612915,-2.331460952758789,1.9307712373350938e-10,-2.1826586723327637,384.85471415519714,8.204772417030881e-10,-2.2383480072021484,10.065894603729248,7.616390851339361e-10
992,-1.6576695442199707,126.34462022781372,2.035064651517704e-11,-2.8053131103515625,392.6522493362427,4.234083222920404e-11,182.4936966896057,2.696583390235901,8.471866437542719e-12,-0.30397605895996094,394.0693304538727,2.6653195275838648e-11,-1.8212366104125977,398.94853949546814,8.309519738958215e-10,2.063917636871338,-6.603005409240723,2.731767478891811e-09,7.1436333656311035,399.53172421455383,5.412472692256642e-10,-0.6187005043029785,1.1137194633483887,3.4918898328406556e-10,-0.7625927925109863,399.7339527606964,2.331372594976955e-10,-5.44892692565918,-4.421939849853516,2.0113360629792076e-11,4.095126263797283,-1.7988238334655762,1.015540984639074e-10,5.0594295263290405,-6.476280212402344,1.9463219230742013e-11,-2.220269203186035,4.868027448654175,1.5422368937478836e-10,2.397981882095337,-1.8250102996826172,1.9497634062837221e-10,-2.095080852508545,384.44286847114563,1.0544867201645047e-09,-2.976929187774658,9.431421756744385,6.051169565424175e-10
993,-1.8053889274597168,190.01113772392273,1.9426982592052333e-11,-3.036912441253662,392.6859464645386,5.166053348992783e-11,119.8084626197815,3.232344388961792,1.0990521860654301e-11,-0.8668308258056641,394.3967237472534,2.9269347362470555e-11,-1.8484883308410645,398.77476358413696,7.988139039127873e-10,2.1480711698532104,-6.388053894042969,3.368878065401759e-09,6.832530736923218,399.7009160518646,4.036425915732167e-10,-0.30362653732299805,1.2990071773529053,3.7500541560930856e-10,-0.6031441688537598,399.6682062149048,2.6329077806863666e-10,-5.125761032104492,-4.155662536621094,2.446007112133497e-11,4.136161491274834,-1.7824230194091797,1.0537382078013025e-10,197.22685205936432,-3.286257266998291,2.8743767782613006e-11,-2.147383213043213,4.580684661865234,1.8803948675927273e-10,1.792525053024292,-1.6650257110595703,2.7127880497523904e-10,-2.234710693359375,384.5732159614563,7.406316671065838e-10,-2.4529404640197754,9.893766403198242,6.368249816368632e-10
994,-2.221017837524414,110.24661374092102,2.581001211365841e-11,203.31259375810623,65.09593915939331,1.2499376533803286e-10,182.54610061645508,2.879001021385193,1.215825443795504e-11,-0.96832275390625,394.3640546798706,1.9583980270798662e-11,-1.7577190399169922,116.73496532440186,8.329942846607707e-10,2.271636486053467,-6.769962310791016,4.177286516693357e-09,6.717973709106445,399.59127974510193,2.949436528343341e-10,-0.6358709335327148,1.148665428161621,3.923814051454144e-10,-0.6149673461914062,399.7247314453125,2.1810840633573747e-10,-5.05368709564209,-4.631268501281738,3.64021174314999e-11,3.8682492524385452,-1.8441801071166992,2.0380178100687374e-10,4.234177276492119,-5.751262664794922,4.997817437679686e-11,-2.5152931213378906,4.201435744762421,3.4720062935811313e-10,2.4470505714416504,-1.3679566383361816,4.0517372790205286e-10,-2.1610379219055176,384.9680950641632,6.921192508002605e-10,-2.557995319366455,9.337615489959717,1.0358104374219579e-09
995,-1.8426470756530762,142.05178451538086,2.4138566145914808e-11,-2.426386833190918,392.54360604286194,5.857613699644659e-11,-7.3608598709106445,-0.6870474815368652,1.0732140003077983e-11,-0.3533458709716797,394.27465891838074,3.2844012232136066e-11,-1.4877128601074219,100.58891010284424,9.45747924419038e-10,2.343423843383789,-6.653039932250977,5.626753285525865e-09,7.058410882949829,399.5367805957794,4.618094517905291e-10,-0.32463932037353516,0.8486247062683105,5.949497561275052e-10,-0.8023700714111328,399.51187801361084,2.9139851642767667e-10,-4.7528791427612305,-4.685336112976074,5.080948162206056e-11,4.340988397598267,-1.6367015838623047,3.8937464363897334e-10,4.124969206750393,-5.815217018127441,9.78681927166214e-11,-2.418977737426758,3.49725878238678,5.003190084451603e-10,2.3414387702941895,-1.4676594734191895,5.000766467588846e-10,-1.6190719604492188,384.6399657726288,1.4895483735344328e-09,-2.508962631225586,8.659842491149902,1.212179689957793e-09
996,-1.5308122634887695,190.14306020736694,2.084028262461235e-11,-2.4220452308654785,392.431129693985,7.680824726241653e-11,198.37361431121826,2.2593761682510376,2.324369342832089e-11,-0.5123195648193359,394.0323736667633,3.9538702173436135e-11,-1.9819908142089844,398.8668420314789,1.0324257004867832e-09,1.4039266109466553,393.71897888183594,3.3560259016240934e-09,6.786990165710449,399.63298296928406,5.45116896066844e-10,-0.8348078727722168,1.290607213973999,3.648680246826075e-10,-0.9667067527770996,399.6655571460724,3.280608562583609e-10,-5.423656463623047,-4.618879318237305,2.597109680091414e-11,3.8691717982292175,-1.7368483543395996,1.0831244234843496e-10,4.564495921134949,-5.939181327819824,3.647286639374414e-11,-2.638706684112549,4.588886976242065,2.3483182065575647e-10,2.637879729270935,-1.5717582702636719,2.93027629938436e-10,-2.044963836669922,384.78343772888184,1.3176673085979473e-09,-2.6824283599853516,9.684591293334961,7.269399526776965e-10
997,-1.7406892776489258,142.0783040523529,2.7865362794976534e-11,-2.3835554122924805,392.1862118244171,7.428269804821142e-11,-8.623546600341797,-0.10054492950439453,6.722140205583926e-12,-0.5625848770141602,394.0732754468918,4.3089795620510074e-11,-2.2487430572509766,398.6080813407898,1.0550841311740555e-09,2.0697739124298096,-6.4111785888671875,2.964247958203714e-09,6.79271388053894,399.61030197143555,6.036944277809653e-10,-0.4373788833618164,1.3342242240905762,3.2764624346981464e-10,-0.9335432052612305,399.5112383365631,3.2134211958023684e-10,-5.114973068237305,-4.3029375076293945,2.1872569727632296e-11,4.084619164466858,-1.808213710784912,1.0051118964904404e-10,4.306402325630188,-6.328630447387695,2.065429251241202e-11,-2.1231112480163574,4.744216203689575,1.7136939090001135e-10,1.7614421844482422,-1.6412053108215332,2.485589234435537e-10,-1.9468140602111816,384.81307435035706,1.3754515304498227e-09,-2.5905590057373047,9.983346462249756,5.499878330539332e-10
998,-1.2556195259094238,173.83943235874176,2.2061151516705735e-11,-2.4775547981262207,392.2807025909424,6.730431489909705e-11,166.48116397857666,3.062799096107483,1.1395337798369987e-11,-0.8513064384460449,394.17891669273376,2.9478322560727577e-11,-1.9252185821533203,398.8963141441345,9.616201168682892e-10,2.2110363245010376,-6.583515167236328,4.305877876475961e-09,6.988727331161499,399.585839509964,4.781549600707535e-10,-0.7848896980285645,0.6945984363555908,5.372750022658579e-10,-1.1095008850097656,399.8640968799591,2.6731000746238465e-10,-5.090405464172363,-4.544660568237305,3.6740843006866086e-11,4.263149529695511,-1.4414701461791992,2.5447904894448925e-10,4.016012469306588,-5.860302925109863,7.38068980932205e-11,-2.2792553901672363,4.068869419395924,3.7515923700937037e-10,2.0990031957626343,-1.6467866897583008,4.431042199826152e-10,-1.928575038909912,384.69216895103455,1.7274943697742629e-09,-2.511411666870117,9.094772815704346,8.031511011807879e-10
999,-1.8123130798339844,126.28385329246521,2.01773372315861e-11,-2.674595832824707,392.527898311615,5.299912939071838e-11,198.56810998916626,2.199471592903137,1.2934916159001997e-11,-0.6124606132507324,394.28625643253326,2.9008960164556008e-11,-2.1030478477478027,398.9311146736145,7.654709088811273e-10,1.9768028259277344,-6.4297943115234375,2.833862033924106e-09,6.954342365264893,399.52822256088257,3.4021443995335687e-10,-0.45078325271606445,1.0626001358032227,3.405987991644821e-10,-1.1005783081054688,399.4503767490387,2.421166322985613e-10,-5.243912696838379,-4.291801452636719,2.0016613366813374e-11,4.085261419415474,-1.7426252365112305,9.417548685330956e-11,4.4426020085811615,-6.312674522399902,1.9038154733252988e-11,-2.139495849609375,4.692452430725098,1.513515562878709e-10,1.970733404159546,-1.808337688446045,2.136333610014418e-10,-1.8742871284484863,384.7276756763458,1.0398881755691036e-09,-2.431100368499756,9.856256008148193,5.717801232485442e-10
1000,-1.74599027633667,142.14663290977478,1.7282078546010382e-11,-2.867793560028076,392.865305185318,5.120671942027144e-11,-7.777554512023926,-0.804654598236084,1.002563049939953e-11,-0.8147039413452148,394.2421200275421,2.4738867204776582e-11,-1.6887502670288086,399.20621395111084,7.832767212612168e-10,2.0147438049316406,-6.6918487548828125,3.7213701009619626e-09,6.761288404464722,399.5480389595032,3.636348444580051e-10,-0.720123291015625,0.7620716094970703,4.834666000874677e-10,-1.1427597999572754,399.8493411540985,2.358413186964725e-10,-5.059928894042969,-4.5743818283081055,3.4509763102708035e-11,4.31730780005455,-1.720595359802246,1.7740071911465094e-10,4.09937246888876,-6.061731338500977,5.5053957920270236e-11,-2.2826380729675293,4.086453594267368,2.8876709357028574e-10,1.8768360614776611,-1.8343334197998047,4.2828024460206393e-10,-2.092061996459961,384.4268260002136,6.685067499567765e-10,-2.5531721115112305,9.07917070388794,7.317085826130665e-10
1001,-1.5642223358154297,173.7874184846878,2.598269169262757e-11,-3.1191606521606445,392.7315375804901,4.9704768079195105e-11,-7.748252868652344,-1.0851788520812988,8.503434935358545e-12,-0.7764997482299805,394.53584933280945,2.601249424194485e-11,-1.7699337005615234,116.641432762146,9.357159491685252e-10,1.8126237392425537,-6.828343391418457,3.641639434448507e-09,6.663215160369873,399.45527744293213,3.917928204089094e-10,-0.4792037010192871,1.0514559745788574,4.4749867700311086e-10,-0.8033852577209473,399.71837091445923,2.3269787485791227e-10,-5.011423110961914,-4.907881736755371,3.315531876824096e-11,4.187544614076614,-1.93562650680542,1.8309939675553721e-10,4.08577822893858,-5.868386268615723,5.6116677277229243e-11,-2.3821258544921875,4.03193736821413,2.877087734720618e-10,2.0711899995803833,-2.0058817863464355,3.880808174816508e-10,-2.4180283546447754,384.77945613861084,6.391394635762992e-10,-2.715327262878418,9.17620038986206,7.248603384191199e-10
1002,-1.7765283584594727,142.17492985725403,1.9373624232654763e-11,-2.75502347946167,392.59948921203613,6.299903654305439e-11,-8.04800796508789,-0.37036609649658203,7.00929201832845e-12,-0.4174661636352539,394.20600509643555,3.6718284662784484e-11,-1.8636951446533203,398.8351740837097,1.0622788204628364e-09,2.103498697280884,-6.785618782043457,3.5398521891494283e-09,6.884755849838257,399.48580956459045,5.861942042884039e-10,-0.4583616256713867,1.1298496723175049,3.1944527578708914e-10,-0.7143650054931641,399.5747609138489,2.960782730099254e-10,-4.962775230407715,-4.256061553955078,2.636051793514227e-11,4.273928195238113,-1.7928738594055176,1.7751579373115334e-10,3.7973440885543823,-6.045186996459961,4.860283703278512e-11,-2.218935012817383,3.7194817066192627,2.443718838396336e-10,2.180833339691162,-1.6094317436218262,3.113960478362543e-10,-1.928818702697754,384.4330060482025,1.0547964723883752e-09,-2.7705469131469727,9.286949634552002,6.488466985921093e-10
1003,-1.6385102272033691,142.07796931266785,2.6502283007046046e-11,-2.7000207901000977,392.502863407135,5.1605879292093704e-11,182.71803522109985,2.7489548921585083,8.872565009088174e-12,-0.3244047164916992,394.1298452615738,2.8220790287969422e-11,-2.003355026245117,398.7607464790344,9.256705402194143e-10,2.3175019025802612,-6.238725662231445,3.0075990586908574e-09,6.888920545578003,399.5069110393524,5.030489358404111e-10,-0.5390996932983398,1.343515396118164,3.053824415566453e-10,-0.5533885955810547,399.6928288936615,2.470002813392824e-10,-5.433745384216309,-4.2544660568237305,1.9352573363273784e-11,4.154909506440163,-1.800520420074463,8.393732930933595e-11,100.95419436693192,-2.190563201904297,3.4031808621159954e-11,-2.2177395820617676,4.64376437664032,1.625639900471043e-10,2.1564934253692627,-1.735323429107666,2.268539522898294e-10,-2.016247272491455,384.6478955745697,9.461700312130006e-10,-2.617546558380127,9.900675296783447,6.02969452145885e-10
1004,-1.760627269744873,142.19356656074524,2.1296563471051577e-11,-2.4699831008911133,392.53697085380554,7.364266141340892e-11,-7.996194839477539,-0.6128172874450684,8.773429031883051e-12,-0.34203290939331055,394.0589597225189,3.846531773654682e-11,-1.893031120300293,398.6919815540314,1.0471150613255986e-09,1.9303431510925293,-6.738018035888672,4.0916883214947575e-09,6.904646158218384,399.59869956970215,6.255710949254478e-10,-0.43401288986206055,1.3027870655059814,4.494258021292552e-10,-0.4717130661010742,399.5284197330475,3.109657531474852e-10,-4.766681671142578,-4.569735527038574,3.1640828845880264e-11,3.978524051606655,-1.692105770111084,1.696560947284098e-10,4.079944483935833,-6.058669090270996,4.961421898319607e-11,-2.3153324127197266,4.29947292804718,2.907799834250824e-10,1.9048943519592285,-1.8667974472045898,5.039968442588361e-10,-1.7772026062011719,384.4559624195099,1.7864082435536943e-09,-2.7150440216064453,9.293158531188965,6.694560461539822e-10
1005,-1.880274772644043,142.18726444244385,2.996190795467868e-11,-2.5642590522766113,392.6611533164978,5.549199641463609e-11,182.46008157730103,2.880068302154541,8.897578854250021e-12,-0.515904426574707,394.2837896347046,2.604714881282444e-11,-2.048283576965332,148.9958839416504,9.701276448836893e-10,1.536527395248413,393.54676628112793,2.3925355030485207e-09,6.728404521942139,399.36974453926086,4.36264468994807e-10,-0.4425477981567383,1.2054691314697266,2.4604063231237205e-10,-0.7579736709594727,399.6429398059845,2.811700039462295e-10,-1.8363537788391113,138.8529360294342,1.48250908077463e-11,-1.9999761581420898,399.0113537311554,7.43783992729341e-11,197.47969186306,-4.053258895874023,1.9060681852312022e-11,-2.286592960357666,4.802381694316864,1.176866937235843e-10,2.170072555541992,-2.140514850616455,1.5958369348201273e-10,-1.801581859588623,384.4567382335663,8.416726759996607e-10,-2.8918509483337402,9.635183811187744,4.2334233341101424e-10
1006,-1.3696022033691406,205.86929988861084,1.911981510616112e-11,-3.115814208984375,392.6271722316742,5.33272592750933e-11,-8.440699577331543,-0.38792848587036133,8.878964403991052e-12,-0.822324275970459,394.49645018577576,2.468259104049242e-11,-1.5584526062011719,133.04849910736084,7.946091007404732e-10,2.0615381002426147,-6.555159568786621,3.4799834125465168e-09,6.603893041610718,399.22132778167725,3.319038932581009e-10,-0.356658935546875,1.2666168212890625,4.453571678109114e-10,-0.8094453811645508,399.80863094329834,2.3129340109839802e-10,-5.067946434020996,-4.362571716308594,2.6463895311246155e-11,4.057849522680044,-1.7910256385803223,1.0344967937836458e-10,4.499723523855209,-6.312654495239258,2.8622312853165965e-11,-2.2595362663269043,4.781878352165222,1.9738494172472087e-10,1.9844162464141846,-1.700901985168457,3.326840747330806e-10,-2.362281322479248,384.88870310783386,7.441589566781204e-10,-2.326775074005127,9.708459854125977,7.09940661813846e-10
1007,-1.4521608352661133,157.94099271297455,2.2318947037747172e-11,-2.810826301574707,392.4946846961975,4.419644858422167e-11,198.50895023345947,2.6557743549346924,1.0642427911156105e-11,-0.450411319732666,394.26526510715485,2.1684109369202176e-11,-1.8094463348388672,399.115918636322,8.274976814881541e-10,1.8928914070129395,-6.527230262756348,3.824187189138684e-09,6.702393054962158,399.33700251579285,3.6865743791025807e-10,-0.8311080932617188,1.3766775131225586,4.37628738803042e-10,-0.4652099609375,399.86401867866516,2.487979822163311e-10,-5.106500625610352,-4.080802917480469,2.8557585116106843e-11,3.78354611992836,-1.7064518928527832,1.0731469185509823e-10,4.4675741493701935,-6.2946014404296875,3.1508455566875426e-11,-2.2646961212158203,5.234515190124512,2.1111222492375958e-10,2.445564031600952,-1.5661420822143555,4.344749560125649e-10,-1.919853687286377,384.694785118103,8.564841613711849e-10,-2.5219521522521973,10.292997360229492,7.265421042568221e-10
1008,-1.5137758255004883,173.79219210147858,1.900484977723771e-11,-2.4902453422546387,392.27446842193604,5.37519716237167e-11,-8.259394645690918,-0.6060199737548828,7.846127393629221e-12,-0.6643476486206055,394.2460080385208,2.5966048755599047e-11,-2.282855987548828,398.993275642395,8.733101464208914e-10,1.9801876544952393,-6.495136260986328,3.397133907512284e-09,6.731712579727173,399.493017911911,3.960937411395804e-10,-0.457366943359375,1.1402795314788818,4.084753646438344e-10,-0.8703703880310059,399.7679250240326,2.406305432689493e-10,-5.229556083679199,-4.162215232849121,2.683550603954643e-11,3.8895509093999863,-1.8084659576416016,1.011523989569163e-10,4.413906216621399,-6.265753746032715,2.942338386824339e-11,-2.2936363220214844,4.820742547512054,1.8658539990834555e-10,2.031794548034668,-1.5923185348510742,3.0658586780418773e-10,-1.9644556045532227,384.8250606060028,1.1471062988377412e-09,-2.3007564544677734,9.88655138015747,7.847721361642357e-10
1009,-1.9009814262390137,126.21503949165344,3.2305592229109337e-11,-2.461759567260742,392.4978051185608,5.373925957008474e-11,-8.651076316833496,-0.37673473358154297,6.259655120632868e-12,-0.7447800636291504,394.3624304533005,3.5189264696589007e-11,-1.9513545036315918,132.62668323516846,1.0111657067213287e-09,2.0111348628997803,-6.6522111892700195,2.892583728097975e-09,6.564665794372559,399.34934282302856,4.179053492148199e-10,-0.6600809097290039,1.1981418132781982,3.556953342975788e-10,-0.9677062034606934,399.4032735824585,2.747866656438447e-10,-5.056270599365234,-3.8832550048828125,1.9014928520633134e-11,-2.0559258460998535,399.14368057250977,8.171580079263663e-11,4.409384042024612,-6.536454200744629,2.1744368458587182e-11,-2.0711474418640137,4.954843163490295,1.5357408400529238e-10,1.9927418231964111,-1.90470552444458,2.757069850201077e-10,-1.9089484214782715,384.8186538219452,8.565935738502617e-10,-2.6316394805908203,9.84568452835083,5.303070760298567e-10
1010,-1.5459656715393066,173.85421288013458,2.5229252714753514e-11,-2.7046470642089844,392.38321900367737,6.606966362898703e-11,198.2581524848938,2.3322267532348633,1.7093316345695442e-11,-0.6484565734863281,394.4330772161484,2.772588235389062e-11,-1.8578524589538574,398.97973799705505,8.4438855907365e-10,1.7732384204864502,-6.8091936111450195,3.6739549180708764e-09,6.6922972202301025,399.2887432575226,3.7182956713621707e-10,-0.42977237701416016,1.0068795680999756,4.772401918096136e-10,-0.8064498901367188,399.6004059314728,2.799867837577352e-10,-4.943062782287598,-4.864131927490234,3.241663187880661e-11,4.263455718755722,-1.8718137741088867,1.7184005607351338e-10,4.061318296939135,-5.902867317199707,5.374192757479079e-11,-2.3193230628967285,4.098173379898071,2.698508638765418e-10,1.9892399311065674,-1.9468650817871094,4.2655604048924545e-10,-1.9832186698913574,384.8599166870117,1.097270829752972e-09,-2.588275909423828,9.225800514221191,6.885352843433168e-10
1011,-1.7032008171081543,126.06748700141907,2.1919176543261365e-11,-2.3098983764648438,392.3161416053772,6.399808460955114e-11,198.40266180038452,2.2696328163146973,2.1957172191555685e-11,-0.3702692985534668,394.2350986003876,3.258170469533361e-11,-1.9155755043029785,399.0273151397705,9.667086020570537e-10,1.487541675567627,393.5301146507263,3.1605393857603303e-09,6.808802843093872,399.3951323032379,4.66732041903839e-10,-0.6038861274719238,0.8540587425231934,2.543242838548565e-10,-0.6454067230224609,399.62997913360596,2.9747246332867405e-10,-5.218425750732422,-4.286883354187012,1.3138112125998802e-11,-1.8285069465637207,398.730717420578,7.764459908354837e-11,117.91406106948853,-2.312224864959717,1.6985059192453633e-11,-2.427597999572754,4.705204546451569,1.0101242065019278e-10,2.0281907320022583,-1.946286678314209,1.4845528972795563e-10,-1.924856185913086,384.8840160369873,1.2661275361480762e-09,-2.652160167694092,10.030045509338379,4.966044242493695e-10
1012,-2.0857620239257812,142.25251936912537,2.8515021940900276e-11,-2.465761184692383,392.7130365371704,7.933562834461227e-11,182.49505043029785,2.7067114114761353,1.1073447714338158e-11,-0.4028177261352539,394.2910987138748,4.303468345567829e-11,-1.5372285842895508,399.0697646141052,1.1723375603622799e-09,1.6700963973999023,394.01256477832794,3.3117368847257467e-09,6.774592161178589,399.2598729133606,5.686456860942712e-10,-0.3662142753601074,1.2388105392456055,2.703170742801575e-10,-0.6451249122619629,399.58647990226746,3.946458437820155e-10,-5.271302223205566,-4.114306449890137,1.8265075216183924e-11,-1.6071481704711914,398.6779568195343,9.820345925337648e-11,4.566456854343414,-6.727670669555664,1.6336522412618848e-11,-2.323061943054199,4.818455100059509,1.3616943683736338e-10,1.7998006343841553,-1.7814669609069824,2.0567152148043277e-10,4.753742694854736,392.0404968261719,1.3070688975602707e-09,-2.475383758544922,10.052043437957764,4.448647283883389e-10
1013,-1.2964997291564941,173.67422759532928,2.062744246245085e-11,-3.046078681945801,392.59352588653564,4.621758184497615e-11,-8.6505126953125,-0.13407039642333984,7.044487389251675e-12,-0.905820369720459,394.3209321498871,2.540627951075347e-11,-1.7915244102478027,398.9537887573242,7.156479853165365e-10,1.957900047302246,-6.393293380737305,2.983909119791406e-09,6.652733087539673,399.54352736473083,3.6407415970884927e-10,-0.46956539154052734,1.274665355682373,3.6258698821178825e-10,-0.6868329048156738,399.7444999217987,2.355144967935985e-10,-5.080368995666504,-4.466830253601074,2.0524854385528535e-11,4.043247859925032,-1.8194327354431152,8.766942727334026e-11,4.5762563943862915,-6.454514503479004,1.888019948714792e-11,-2.1930060386657715,4.791598856449127,1.6229166621695157e-10,1.7531120777130127,-1.7806367874145508,2.641881990950168e-10,-2.140383720397949,384.8310511112213,6.508211192191027e-10,-2.6609272956848145,9.939817905426025,5.407859715589325e-10
1014,-1.6890110969543457,126.42481589317322,2.634634524434354e-11,-2.004258155822754,392.27105617523193,7.403375829051484e-11,182.9619574546814,2.8225743770599365,7.65753346149145e-12,-0.1525583267211914,394.30690002441406,3.81624835898986e-11,-2.2414698600769043,398.4468672275543,1.1237912822537055e-09,1.120767593383789,393.3761887550354,3.1599847183372276e-09,7.071726560592651,399.3817720413208,5.878444953033579e-10,-0.637230396270752,1.3745341300964355,2.70206773622661e-10,-0.7917013168334961,399.5122013092041,3.1929539567876475e-10,-5.419284820556641,-4.266216278076172,1.599758346626512e-11,-1.7596259117126465,398.5891840457916,8.211500229782231e-11,212.88353168964386,-4.182707786560059,3.8120069600910966e-11,-2.205659866333008,5.022968053817749,9.885802593201376e-11,2.17147159576416,-2.1364569664001465,1.5246706674965083e-10,-1.8326311111450195,384.4739315509796,2.2715802572292887e-09,-2.2123775482177734,10.05002212524414,6.880692127175791e-10
1015,-1.5783195495605469,158.01125311851501,2.4351423655311066e-11,-4.103568077087402,108.25931772589684,4.172950526792896e-11,182.87708520889282,2.6711870431900024,7.605104046515265e-12,-0.4666318893432617,394.24926006793976,2.183822046808448e-11,-1.5701608657836914,116.9712781906128,9.895730901376965e-10,1.9833505153656006,-6.627985954284668,2.6640976091840685e-09,6.736110687255859,399.4912221431732,3.0513033766332853e-10,-0.6222348213195801,1.220165491104126,2.9861849104584337e-10,-1.0680923461914062,399.7388093471527,1.8970959525521636e-10,-5.2748212814331055,-3.9238905906677246,1.676279601237063e-11,3.8565564155578613,-1.6916556358337402,6.8286667986861e-11,4.477024704217911,-6.638581275939941,2.032527618434088e-11,-2.2096242904663086,4.868127703666687,1.4110233814701445e-10,2.1343393325805664,-1.8322420120239258,2.3446258823334176e-10,-1.9299488067626953,384.28145813941956,7.697298354258919e-10,-2.5942835807800293,9.863850593566895,5.280814119323907e-10
1016,-2.299126148223877,190.09711146354675,2.252636792376972e-11,-2.4998698234558105,392.2689073085785,5.7701555339351174e-11,-8.134325981140137,-0.7754158973693848,6.697657619486597e-12,-0.680842399597168,394.23341929912567,2.21930824412242e-11,-2.090592384338379,100.57762718200684,8.615995139571453e-10,1.9225385189056396,-6.722689628601074,3.3553022582566427e-09,6.921470403671265,399.5300703048706,3.300850703880087e-10,-0.705106258392334,1.2169783115386963,3.808179049880067e-10,-1.0408682823181152,399.53977370262146,2.4151150523898934e-10,-5.010524749755859,-4.5017242431640625,2.5299557587787902e-11,4.089272208511829,-1.6682829856872559,1.3603755621982572e-10,4.2332311272621155,-6.229770660400391,4.125742456007053e-11,-2.2704391479492188,4.325334906578064,2.4804175380310767e-10,2.0792226791381836,-1.7350764274597168,3.9292510911614897e-10,-2.0153021812438965,384.78883934020996,1.391802895156502e-09,-2.755558967590332,9.245194911956787,5.622394771975792e-10
1017,-1.4924297332763672,173.37798821926117,2.5896406546932482e-11,-2.9237823486328125,392.49286913871765,5.031753486095525e-11,-7.756375312805176,-0.8849196434020996,8.292838638013222e-12,-0.6269187927246094,394.08327746391296,2.7564216534270436e-11,-1.7564163208007812,398.9793267250061,8.232895476467661e-10,1.9402573108673096,-6.666150093078613,4.155084720736113e-09,6.856633901596069,399.51531410217285,3.590229502581366e-10,-0.4880695343017578,1.1764466762542725,3.755329380794592e-10,-0.764035701751709,399.9177792072296,2.362442741432602e-10,-5.027395248413086,-4.412283897399902,3.264272185887762e-11,4.278294861316681,-1.7000675201416016,2.1535037642017585e-10,3.975077921524644,-6.031569480895996,5.911240247291616e-11,-2.4696578979492188,3.8709623962640762,3.414925842104566e-10,2.282297372817993,-1.4717941284179688,4.0821993008144375e-10,-2.0734729766845703,384.5802628993988,8.071870394310565e-10,-2.760146141052246,9.035172939300537,8.434082876540572e-10
1018,-1.9898591041564941,110.46530771255493,2.6807930875172303e-11,-2.430915355682373,392.2674102783203,5.980189954346571e-11,-7.68404483795166,-0.21399879455566406,1.7056840315166077e-11,-0.31522512435913086,394.1511387825012,3.1311415266133125e-11,-1.5699529647827148,116.8915205001831,1.1315945958045859e-09,2.205139636993408,-6.622576713562012,5.85959725185603e-09,6.783644676208496,399.48210096359253,3.955644978237416e-10,-0.29077863693237305,1.3174724578857422,7.09407310672816e-10,-0.9800896644592285,399.6422402858734,2.52693810320892e-10,-4.785024642944336,-4.788603782653809,5.754713025551972e-11,4.03849558904767,-1.8400964736938477,2.8468680191018336e-10,4.009143637493253,-5.7167158126831055,9.959062741149438e-11,-2.3191404342651367,4.061124622821808,4.706969258805316e-10,1.9559357166290283,-1.6809725761413574,7.359776121873551e-10,-1.7620625495910645,384.61015129089355,1.4875183307339057e-09,-2.4402966499328613,9.12171220779419,1.175808561626468e-09
1019,-2.068678379058838,189.89489245414734,3.1806803718614773e-11,-2.4737071990966797,392.34174156188965,7.074935776119062e-11,135.28982257843018,2.8231236934661865,1.7338437977021393e-11,-0.4129204750061035,394.229354262352,3.0586026766865615e-11,-1.9854226112365723,398.96141266822815,1.0346730139332294e-09,1.739295244216919,-6.486798286437988,3.0967322039998635e-09,6.78216028213501,399.38378524780273,4.394932751061731e-10,-0.2599983215332031,1.1081163883209229,3.371248002981275e-10,-1.032979965209961,399.4846725463867,2.9583327454396624e-10,-5.1644697189331055,-4.081478118896484,2.5292752267591645e-11,4.074869215488434,-1.664741039276123,1.2007654592860462e-10,4.376517653465271,-6.427910804748535,2.3410363925169264e-11,-2.2081475257873535,4.691056072711945,1.7458010037607608e-10,1.9669222831726074,-1.8725247383117676,2.1861651378074498e-10,-1.8498950004577637,384.54874444007874,1.4682853821668118e-09,-2.675011157989502,9.716271877288818,6.385570405775809e-10
1020,-2.02589750289917,190.05683827400208,1.734376357809264e-11,-2.7867350578308105,392.715265750885,5.4074449779006883e-11,-8.527998924255371,-1.0852227210998535,7.1065796476699195e-12,-0.7981009483337402,394.5981351137161,3.217970681590465e-11,-1.7599210739135742,399.0510001182556,8.204036894277067e-10,1.4837491512298584,-6.648322105407715,2.7326689799878068e-09,6.5234034061431885,399.340119600296,3.685477756310007e-10,-0.33459043502807617,1.0771229267120361,3.1083707829893115e-10,-0.682640552520752,399.5248146057129,2.5215651788812465e-10,-5.098745346069336,-4.004857063293457,2.0790258403735606e-11,4.026298714801669,-1.8619437217712402,1.0606181904959655e-10,4.367633104324341,-6.457155227661133,2.1393295121518996e-11,-2.25657320022583,4.862291932106018,1.6044895967404216e-10,1.858708381652832,-1.981924057006836,2.0368828845818143e-10,-1.7746610641479492,384.96619629859924,8.999740397364064e-10,-2.7476887702941895,9.708800792694092,5.90943904921204e-10
1021,-1.4789080619812012,142.425110578537,2.1152446114114376e-11,-2.5450172424316406,392.4626750946045,7.094367454607564e-11,198.28762865066528,2.170592188835144,9.403059060553165e-12,-0.42345476150512695,394.2913051843643,3.51227449901792e-11,-1.8143339157104492,398.89326524734497,9.88544912594591e-10,1.5383496284484863,393.8793499469757,2.7346034325859137e-09,6.7867960929870605,399.45960450172424,4.295130640041833e-10,-0.46733999252319336,0.9969387054443359,1.707944202733458e-10,-0.7036995887756348,399.76886010169983,3.0448557564177747e-10,-1.938194751739502,139.04194301366806,1.2534226261073922e-11,-1.7893710136413574,398.8594386577606,7.415416891642934e-11,100.76345562934875,-2.4637560844421387,3.196980527531146e-11,-2.583950996398926,4.864088416099548,7.988758959909248e-11,2.0549272298812866,-1.9703245162963867,1.0745274808821037e-10,-1.7350225448608398,385.01169061660767,1.3741823234880712e-09,-2.925534248352051,10.098782062530518,3.0085325897211135e-10
1022,-1.8331999778747559,126.43319272994995,2.267643191278257e-11,-2.961886405944824,392.64531445503235,4.310426321429972e-11,198.53303337097168,2.360725522041321,9.671373944752926e-12,-0.6081271171569824,394.4606500864029,2.2962076684507338e-11,-2.0727462768554688,148.88134956359863,7.426035897317718e-10,1.2366352081298828,-6.9278154373168945,2.8240363381115685e-09,6.710123062133789,399.55628967285156,3.052321728702623e-10,-0.6916351318359375,0.6751663684844971,2.916787922302433e-10,-0.6731534004211426,399.72856163978577,1.939049198984577e-10,-5.142829895019531,-4.539953231811523,2.3823693018343306e-11,4.2443845719099045,-2.125804901123047,1.8317765360098548e-10,4.0206898134201765,-5.830628395080566,3.380576721334627e-11,-2.540018081665039,3.869114324450493,2.248324165732285e-10,2.6014442443847656,-1.4920010566711426,1.7951205799615622e-10,-1.8945155143737793,384.5893406867981,5.457712615175581e-10,-3.0531630516052246,8.744076251983643,5.475750963768178e-10
1023,-1.7910418510437012,126.32301449775696,2.3712488569915813e-11,-2.8914132118225098,392.5194230079651,5.3654043014050856e-11,182.63950443267822,2.018054485321045,1.0026912460048276e-11,-0.7178592681884766,394.38353979587555,2.6449458942479076e-11,-2.08060884475708,116.75590801239014,8.374914650666199e-10,2.3355281352996826,-6.788018226623535,4.004260478751576e-09,6.682849407196045,399.5474736690521,3.053632346983193e-10,-0.777857780456543,0.9434337615966797,4.594513658418009e-10,-0.6743230819702148,399.7312033176422,2.5329022212972063e-10,-5.222384452819824,-4.690917015075684,3.517859614721175e-11,3.9854937782511115,-1.7381691932678223,2.097163831482618e-10,4.326021641492844,-5.633062362670898,5.315503592839832e-11,-2.211031913757324,3.9230600595474243,2.841562540822906e-10,2.6986403465270996,-1.6917767524719238,3.277062510242956e-10,-2.3144330978393555,384.92816948890686,8.496731651597145e-10,-2.7867417335510254,9.032074928283691,9.037841586234663e-10
1024,-2.4143500328063965,94.40145492553711,1.996281612237638e-11,-2.563598155975342,392.4461395740509,5.181407733423349e-11,182.8997826576233,2.599032998085022,5.71113599120987e-12,-0.6731119155883789,394.411256313324,3.377528465242641e-11,-2.0811967849731445,399.02657437324524,8.883631608114229e-10,1.4142959117889404,393.7239007949829,2.6703446120990293e-09,6.609494209289551,399.20411562919617,4.951176690859427e-10,-0.5422005653381348,1.180300235748291,2.647920493981104e-10,-0.9425735473632812,399.45309352874756,2.921364261609938e-10,-5.272091865539551,-4.150539398193359,1.6852366724329215e-11,-1.9963569641113281,398.8914668560028,8.77783609687377e-11,4.569964408874512,-6.404414176940918,1.7319102749158155e-11,-2.26967716217041,4.7603970766067505,1.4048467944505205e-10,1.8122634887695312,-1.8810319900512695,1.760372958514722e-10,-1.5239248275756836,384.8910391330719,9.001628886728952e-10,-2.737542152404785,9.783108711242676,4.906353656686235e-10
1025,-1.6959047317504883,189.94060242176056,2.596431403212307e-11,-2.750955104827881,392.86524415016174,5.722828114174128e-11,182.11737155914307,2.4482356309890747,1.2447647947111395e-11,-0.7672157287597656,394.24737095832825,3.164118966836327e-11,-1.7585406303405762,398.9830105304718,8.377104010470759e-10,1.7215287685394287,-6.496888160705566,3.2300819796660107e-09,6.733339786529541,399.56031584739685,3.905505918666563e-10,-0.49230527877807617,1.4187300205230713,3.1528310517892066e-10,-0.9552092552185059,399.74805760383606,2.563678436207084e-10,-4.9701032638549805,-4.250723838806152,2.3420411443542122e-11,3.9838000759482384,-2.0459251403808594,1.0613587786423295e-10,4.536443293094635,-6.281893730163574,2.4835930187427913e-11,-2.3159775733947754,4.82797110080719,1.9776744131227986e-10,2.1017415523529053,-1.9123053550720215,2.593641135195668e-10,-1.9374737739562988,385.0223665237427,8.040983989765493e-10,-2.694943428039551,9.89492416381836,6.766333604524277e-10
1026,-1.6095142364501953,158.02450346946716,1.758593271006248e-11,125.49975395202637,64.34882879257202,1.061682824987642e-10,198.54753971099854,2.4904297590255737,7.2121059124796716e-12,-0.5886688232421875,394.1951882839203,2.8840417901077053e-11,-1.9481205940246582,398.98992013931274,9.988955218531714e-10,1.5439276695251465,393.7235903739929,2.7895012966183685e-09,6.843871593475342,399.4948697090149,5.483830611829887e-10,-0.4597320556640625,1.1389079093933105,2.6059085445062635e-10,-0.9651651382446289,399.54347681999207,3.06679431849588e-10,-5.303689002990723,-4.180219650268555,1.472069688368549e-11,-2.0146241188049316,398.95815873146057,8.072374019230111e-11,197.87724924087524,-4.108085632324219,2.1514500250785495e-11,-2.1007728576660156,4.557401180267334,1.297376650555293e-10,1.8626408576965332,-1.9787631034851074,2.0695474500787014e-10,-1.4564847946166992,384.58878326416016,1.1243164177443532e-09,-2.6967310905456543,9.590278148651123,4.1070191691972013e-10
1027,-2.1143527030944824,110.19659352302551,3.658678915385849e-11,203.21670228242874,48.796388149261475,8.643050164458543e-11,198.18015480041504,2.6748026609420776,1.4474598603042566e-11,-0.47936344146728516,394.41571271419525,3.7361735233387705e-11,-1.6127653121948242,116.5932674407959,1.1349320372389116e-09,1.9720635414123535,-6.717123985290527,3.968925188502226e-09,6.629604339599609,399.22998309135437,5.132045899358673e-10,-0.5606465339660645,0.8712878227233887,3.6141456494220847e-10,-0.6825408935546875,399.6676924228668,3.3516295294688803e-10,-5.001242637634277,-4.513443946838379,3.2101911406900996e-11,4.321822702884674,-1.926342487335205,2.2081075856661414e-10,4.0558349303901196,-5.955655097961426,5.640071049084483e-11,-2.3967204093933105,3.7501734644174576,3.1904218156242337e-10,2.075209856033325,-1.6099324226379395,3.6622063714908393e-10,-2.025824546813965,384.84795236587524,9.781468968128593e-10,-2.631955146789551,9.08872365951538,6.688588016778851e-10
1028,-1.7104520797729492,142.25112390518188,2.4324407071896204e-11,-2.812002658843994,392.514417886734,4.998236893816177e-11,-8.560616493225098,-0.7789592742919922,5.804592483754645e-12,-0.6644811630249023,394.47329437732697,2.8015969752437364e-11,-1.0812993049621582,100.83459091186523,8.214919300364443e-10,2.265291929244995,-6.383347511291504,2.6402662278712796e-09,6.8168625831604,399.44036078453064,3.970770934280665e-10,-0.6938400268554688,1.3967299461364746,3.412601312646757e-10,-0.8202452659606934,399.59041595458984,2.2349287698286702e-10,-5.620680809020996,-4.360027313232422,2.0448930743155458e-11,4.030291840434074,-1.6447324752807617,8.735979994956011e-11,5.024793267250061,-6.198085784912109,2.027122740499987e-11,-2.389286994934082,5.087489724159241,1.5980390621894713e-10,2.708905339241028,-1.746842384338379,1.7589800449524517e-10,-1.9260478019714355,384.55103850364685,8.719387989408744e-10,-2.824364185333252,9.495265007019043,6.574311095519647e-10
1029,-1.8172850608825684,94.24098110198975,1.9904569312223508e-11,126.35935378074646,49.17405033111572,7.26978408027712e-11,-7.840948104858398,-0.7231664657592773,8.085298923432571e-12,-0.6414904594421387,394.18954944610596,3.9582993133224775e-11,-1.9954352378845215,398.93911504745483,1.1146226164271411e-09,1.8978478908538818,-6.738607406616211,3.7947023301398985e-09,6.753459215164185,399.5511939525604,6.541214792044059e-10,-0.47228336334228516,1.1143007278442383,3.938067094644282e-10,-0.7913260459899902,399.4932737350464,3.4777855595358176e-10,-5.050187110900879,-4.442699432373047,2.761099335280015e-11,4.180256575345993,-1.8303847312927246,1.5593303037686468e-10,4.086385190486908,-6.049692153930664,5.3076213563096886e-11,-2.4158215522766113,4.159786477684975,2.7865645901847813e-10,2.035017728805542,-1.8110337257385254,3.7620542792105027e-10,4.8788023591041565,391.50313663482666,1.0289834539989329e-09,-2.7623839378356934,9.154512405395508,6.68374133816485e-10
1030,-2.0568037033081055,110.26879811286926,2.9508138987832666e-11,-2.839660167694092,392.4426305294037,4.2412445083739314e-11,166.67931985855103,3.0701125264167786,9.767028331941763e-12,-0.46063947677612305,394.3119685649872,2.6513404319250533e-11,-1.9062232971191406,116.74922275543213,9.50402534449779e-10,2.3995580673217773,-6.577150344848633,3.87028409321033e-09,6.979284286499023,399.4092514514923,4.5510351043276387e-10,-0.5920486450195312,1.0485408306121826,3.5620384419843276e-10,-0.9526262283325195,399.9965817928314,1.9043829013742908e-10,-5.174870491027832,-4.155368804931641,2.498254554617052e-11,3.778400495648384,-1.5841765403747559,1.5739991254815067e-10,4.149116113781929,-6.036362648010254,5.706434630381452e-11,-2.234166145324707,4.11998775601387,2.863302928091116e-10,2.2861251831054688,-1.6143689155578613,3.036660645161504e-10,-2.1176633834838867,384.320330619812,5.916815370987649e-10,-2.6766185760498047,9.223218441009521,8.604170709247683e-10
1031,-1.6074094772338867,190.0776104927063,2.0735883496381113e-11,-2.9015555381774902,392.6603624820709,5.794440968709402e-11,103.60046768188477,2.8023300170898438,7.333481044646817e-12,-0.560814380645752,394.2672972679138,3.296318773493567e-11,-1.929349422454834,398.77371168136597,8.658581074350025e-10,1.4497020244598389,393.8482015132904,2.15393214375581e-09,6.671534538269043,399.4329352378845,3.976819429318823e-10,-0.49677515029907227,1.1299793720245361,2.995494963187184e-10,-1.019033432006836,399.6946659088135,2.7734198271289756e-10,-5.266132354736328,-4.444981575012207,1.8008776761502254e-11,-1.9913067817687988,398.944194316864,7.078755637213163e-11,4.265347450971603,-6.5116682052612305,1.586379638762736e-11,-2.409994602203369,4.802232503890991,1.2590420372937672e-10,1.86283278465271,-1.9922194480895996,1.655490883267774e-10,-1.6459827423095703,384.7453525066376,1.083178768901405e-09,-2.2970662117004395,10.221186637878418,4.851218871060325e-10
1032,-2.117399215698242,189.90259993076324,1.7599826110381578e-11,-2.9484920501708984,392.5665681362152,4.9408633434611104e-11,118.95733976364136,2.7785125970840454,8.76038651342892e-12,-0.49472713470458984,394.24322760105133,3.6527586511070353e-11,-1.806297779083252,398.79467248916626,9.533472900002948e-10,2.081044912338257,-6.497845649719238,3.1488123219958197e-09,6.757129669189453,399.1724820137024,4.938820463706861e-10,-0.4139866828918457,1.0333125591278076,4.3329315135842705e-10,-0.8902029991149902,399.77587842941284,2.4705398837809867e-10,-5.041857719421387,-4.522306442260742,2.324679684861941e-11,3.9468942061066628,-1.782360553741455,8.532845957587298e-11,117.11767625808716,-2.0425825119018555,2.7683079786844367e-11,-2.307511329650879,4.821261644363403,1.7001468288757593e-10,2.054864287376404,-1.8937678337097168,2.887880212742999e-10,-1.9683794975280762,384.6844804286957,8.35610303173695e-10,-2.381981372833252,10.08025312423706,6.770179972193091e-10
1033,-1.591376781463623,126.51064324378967,2.057530014420994e-11,-3.187833309173584,392.37391901016235,4.321349875158198e-11,-8.506058692932129,-0.24271535873413086,6.518951611161894e-12,-0.6157817840576172,394.2834311723709,2.5412628598675546e-11,-1.6132659912109375,133.03718090057373,9.543370538267482e-10,2.1879762411117554,-6.456350326538086,3.1894316077085705e-09,6.651376008987427,399.29940009117126,3.789059066505729e-10,-0.6585760116577148,1.339308738708496,3.4202318754950056e-10,-0.562004566192627,399.73834681510925,2.1037503683540848e-10,-5.260584831237793,-3.966587543487549,1.9890183250437232e-11,3.943794369697571,-1.5576696395874023,8.594965017483247e-11,4.501431107521057,-6.502053260803223,2.344767609241405e-11,-2.2722816467285156,4.798942387104034,1.7133081064990563e-10,2.27596116065979,-1.6220250129699707,2.563957102186265e-10,4.7044177651405334,391.5153946876526,6.242028560698998e-10,-2.6062350273132324,9.930970191955566,6.006129482649669e-10
1034,-1.7839722633361816,126.20894193649292,2.5103868636633386e-11,-2.721907138824463,392.29421615600586,4.491102628678689e-11,-8.472155570983887,-0.8348078727722168,4.863545330358043e-12,-0.44924068450927734,394.0745904445648,2.7509172023654216e-11,-2.0400161743164062,116.90599250793457,1.046875364174582e-09,1.9201712608337402,-6.502378463745117,2.5442965512212368e-09,6.835960626602173,399.49218821525574,4.370081241322765e-10,-0.7875447273254395,1.1864728927612305,2.552743572081795e-10,-0.828676700592041,399.62942266464233,2.4339225079828e-10,-1.9363722801208496,107.1666362285614,1.6017489418151953e-11,3.829183951020241,-1.5367097854614258,7.009054447948415e-11,4.319645583629608,-6.746455192565918,1.7548641359499406e-11,-2.29495906829834,4.926468551158905,1.4112952473332996e-10,2.1119956970214844,-1.9673776626586914,1.7675932939553718e-10,-1.8995904922485352,384.72268509864807,9.339561346521918e-10,-2.595637321472168,9.922654151916504,5.18495968382382e-10
1035,-1.640852451324463,110.19197154045105,1.789516625161358e-11,-2.907461166381836,392.5059463977814,5.820448983895332e-11,-7.771523475646973,-0.7698626518249512,1.151656287695646e-11,-0.7180814743041992,394.43476378917694,2.9814713198295095e-11,-1.9725379943847656,399.0567932128906,8.248613458938792e-10,1.6853418350219727,-6.7276763916015625,4.416101706539166e-09,6.703659534454346,399.5624215602875,3.140503412879525e-10,-0.4214668273925781,0.9618606567382812,5.085857290865192e-10,-0.7753109931945801,399.6387550830841,2.6880034309506584e-10,-4.924348831176758,-4.540143966674805,3.851949662014853e-11,4.384830564260483,-1.8672986030578613,1.9761246805583e-10,4.201627671718597,-6.116052627563477,6.063552437929332e-11,-2.4031543731689453,3.992448111064732,3.241924229069326e-10,1.9226553440093994,-1.8002901077270508,4.947561249579735e-10,-2.140657901763916,384.5883312225342,7.937760448939457e-10,-2.4201760292053223,9.178882122039795,7.621754338771325e-10
1036,-2.1764631271362305,94.30089926719666,2.4968017237059215e-11,-2.735869884490967,392.5370457172394,6.045318412528644e-11,198.30016422271729,2.261610746383667,8.169130302770888e-12,-0.3562631607055664,394.45851945877075,4.082960358697818e-11,-1.7371678352355957,398.93114137649536,1.0325065247229759e-09,1.8992528915405273,-6.520686149597168,3.5632088390968875e-09,6.664582967758179,399.31951665878296,5.102481770435929e-10,-0.6086702346801758,1.3333849906921387,3.900570422210592e-10,-0.5623335838317871,399.67882013320923,3.0798838479562107e-10,-5.106123924255371,-4.219891548156738,2.35621765154459e-11,4.07419365644455,-1.638965129852295,1.082319026068923e-10,4.273496329784393,-6.252636909484863,2.6890944332391697e-11,-2.2257447242736816,4.63384872674942,1.9910348370011377e-10,1.9201939105987549,-1.6727070808410645,3.149723537543281e-10,-1.8917508125305176,384.6962003707886,9.734381078985166e-10,-2.627784252166748,9.583214282989502,6.055499990331725e-10
1037,-2.157717704772949,222.07076501846313,2.0945125842053436e-11,125.35979449748993,64.85053968429565,5.353117601969437e-11,-8.605859756469727,-0.3557114601135254,4.809093227808869e-12,-0.6397237777709961,394.36613500118256,3.452339109033531e-11,-1.609581470489502,398.78140568733215,8.230792158947509e-10,1.832991600036621,-6.682355880737305,2.489134454108921e-09,6.403740882873535,399.2348871231079,4.479290549586068e-10,-0.566124439239502,1.4726288318634033,2.1554596996153919e-10,-0.5031862258911133,399.67467999458313,2.1982449194268838e-10,-5.101903915405273,-3.89300537109375,1.5454840532336256e-11,3.860090523958206,-1.9414710998535156,7.655420047880668e-11,197.72010016441345,-3.922089099884033,1.7660926540652433e-11,-2.17637300491333,4.526146590709686,1.3104706209077222e-10,1.8738625049591064,-1.779965877532959,1.6194316720952173e-10,-2.169642925262451,384.66037487983704,8.510728788380106e-10,-2.887131690979004,9.852883338928223,4.694578614738987e-10
1038,-2.1492271423339844,126.20253419876099,1.961979884113063e-11,-2.629887580871582,392.7737970352173,3.803538733970768e-11,119.48041915893555,2.984805464744568,1.8899656145654475e-11,-0.5080223083496094,394.19669365882874,2.4343204535481888e-11,-1.8352971076965332,132.73299980163574,8.069068746507924e-10,2.07866895198822,-6.2523345947265625,2.809664279013191e-09,6.87856388092041,399.50111961364746,3.8862082996082847e-10,-0.6883478164672852,1.2117366790771484,3.020284855548283e-10,-1.0214385986328125,399.5605685710907,2.1288572293887142e-10,-5.12052059173584,-4.458805084228516,1.862745374614505e-11,4.090357601642609,-1.912707805633545,8.711669580163672e-11,117.059574842453,-2.2953834533691406,2.6893251514614747e-11,-2.3878302574157715,4.601963698863983,1.625714285413693e-10,1.8049967288970947,-2.0201711654663086,2.268596005494672e-10,-1.8345565795898438,384.43552255630493,5.993610052712484e-10,-2.5265846252441406,9.785112857818604,5.20170018170063e-10
1039,-1.4351320266723633,110.04923605918884,4.2327186894342006e-11,-2.6481733322143555,392.1607563495636,5.754153750703317e-11,-7.612827301025391,-0.6738748550415039,7.750044529741817e-12,-0.5010890960693359,394.25464141368866,3.543949508855171e-11,-0.9260754585266113,116.02654933929443,1.546665240326206e-09,2.0679978132247925,-6.54691219329834,3.923464220179085e-09,7.011693954467773,399.3952589035034,4.613243953510704e-10,-0.44326066970825195,1.024118185043335,3.6900918432003493e-10,-0.8798394203186035,399.6196265220642,2.5272658965569406e-10,-2.223271369934082,106.56347107887268,3.027954623147089e-11,4.190930038690567,-1.7471370697021484,1.9933148187600835e-10,4.06318461894989,-5.936894416809082,5.440851241766964e-11,-2.3738341331481934,3.897566720843315,3.1350094742421675e-10,2.053186535835266,-1.5633268356323242,3.785894930885547e-10,-2.324049949645996,384.8573272228241,1.3471329607384064e-09,-2.7202048301696777,9.261282920837402,7.391612877327702e-10
1040,-1.711164951324463,110.23107099533081,2.3100538842912854e-11,-2.764139175415039,392.3517904281616,4.7960056065443624e-11,198.15297412872314,2.1633028984069824,1.3380995096679005e-11,-0.542485237121582,393.95902609825134,2.5134533343518228e-11,-1.7012147903442383,116.5256462097168,7.979794047763278e-10,2.5207022428512573,-6.170502662658691,2.45500242357366e-09,7.0305633544921875,399.34496235847473,3.7554084841850965e-10,-0.758000373840332,1.7479517459869385,2.2877803818044384e-10,-1.392167568206787,399.5170011520386,2.0634262354324306e-10,-5.401460647583008,-3.7225794792175293,1.691326072250643e-11,3.6336480379104614,-1.9181280136108398,5.401929945025863e-11,197.75671780109406,-4.439806938171387,1.8279468216864103e-11,-2.067770481109619,5.184145450592041,9.03516636507895e-11,2.3495402336120605,-2.091442584991455,1.4399295644729193e-10,-2.1255807876586914,384.7565414905548,1.097095081448174e-09,-2.4003562927246094,9.998444080352783,7.975928251191533e-10
1041,-1.9022445678710938,110.4193708896637,2.5283299759371047e-11,-3.0708160400390625,392.780398607254,4.0500429399070725e-11,181.92252922058105,2.612164855003357,1.1576619871056515e-11,-0.7197341918945312,394.4872370958328,2.6553386225924847e-11,-2.129128932952881,117.0311803817749,9.366641906538575e-10,2.14914333820343,-6.724984169006348,3.190855135670745e-09,6.641052484512329,399.4062864780426,3.938134818248784e-10,-1.0105586051940918,0.7058565616607666,3.2682984096865653e-10,-0.6313858032226562,399.78539180755615,2.254305631055331e-10,-5.196504592895508,-4.222917556762695,2.7052323922638344e-11,4.203008934855461,-1.7001161575317383,1.8081684760584693e-10,4.057406738400459,-5.963953971862793,4.392810420972282e-11,-2.357257843017578,4.0104833375662565,2.4562704648012357e-10,2.4950705766677856,-1.398848533630371,2.2028030788323605e-10,4.973971903324127,391.73198223114014,4.831882116640429e-10,-2.8102807998657227,9.146069526672363,7.052170514221245e-10
1042,-1.7784709930419922,126.19040369987488,2.616001859578887e-11,-3.1534972190856934,392.62976574897766,4.074332884962395e-11,198.40792036056519,2.362651824951172,1.6044643044721418e-11,-0.7037038803100586,394.23226857185364,2.028306342327646e-11,-2.2586164474487305,132.69028282165527,8.516752858511722e-10,1.8301923274993896,-6.964550971984863,3.242897061994654e-09,6.554339647293091,399.24802112579346,2.9559693581759916e-10,-0.5478568077087402,1.1170272827148438,5.892646370853072e-10,-0.8604860305786133,399.86942982673645,1.867673515842938e-10,-4.780391693115234,-4.353057861328125,2.844115047639928e-11,3.740802675485611,-1.8032402992248535,1.1239664060580523e-10,4.0593735836446285,-5.939441680908203,3.087445923921628e-11,-2.0652260780334473,4.6922003626823425,1.800016663500159e-10,1.9667696952819824,-1.802567958831787,3.5042396762108297e-10,4.777210295200348,391.5497431755066,4.4298251178354064e-10,-2.7536568641662598,9.798583030700684,7.318202155381925e-10
1043,-2.043130397796631,142.21116018295288,2.98180126423464e-11,-2.460052490234375,392.3365526199341,6.783374556507127e-11,-8.399965286254883,-0.8064718246459961,7.298665144483962e-12,-0.4927535057067871,394.43567061424255,3.777583801323203e-11,-1.9487719535827637,398.7977693080902,9.948247781110808e-10,1.4829082489013672,393.66172790527344,2.8906095295155865e-09,6.915716886520386,399.379597902298,4.5361381317832183e-10,-0.4669632911682129,1.091540813446045,3.530100933790692e-10,-0.8098444938659668,399.5483856201172,3.0350044699645196e-10,-5.120220184326172,-4.28398323059082,2.012855854216511e-11,3.823674350976944,-1.6242141723632812,8.624178454708087e-11,4.383658766746521,-6.49921989440918,2.4708074128354518e-11,-2.319751739501953,4.739082932472229,1.63860550128625e-10,2.080888032913208,-1.9437141418457031,2.8577490374104286e-10,4.723688542842865,391.9805717468262,1.012130490529728e-09,-2.6652283668518066,9.519439220428467,5.741186970276146e-10
1044,-1.24989652633667,205.88853323459625,2.4689418912093863e-11,171.54195484519005,66.71216106414795,7.89332418871247e-11,-8.469326972961426,-0.6187162399291992,7.51633043999389e-12,-0.5451869964599609,394.4049597978592,3.740801071683286e-11,-2.111003875732422,100.97278308868408,9.538747569592942e-10,2.127463936805725,-6.742819786071777,2.864058545881676e-09,6.86267876625061,399.18684911727905,5.443480111111398e-10,-0.5751824378967285,1.2618944644927979,3.961821704034918e-10,-0.9465084075927734,399.41685700416565,2.8162405740772556e-10,-5.198909759521484,-4.1911420822143555,2.1054153212518578e-11,4.043746888637543,-1.7057580947875977,8.906209103543006e-11,4.841666102409363,-6.328137397766113,2.2979907907116903e-11,-2.5591936111450195,4.93377959728241,1.9066945244894384e-10,2.8002618551254272,-1.8656907081604004,2.4029112033474576e-10,-2.115020751953125,384.7002832889557,8.911769655561841e-10,-2.964895248413086,9.639002323150635,6.96129487387509e-10
1045,-1.358677864074707,173.5124156475067,2.8554700270966293e-11,-2.9953885078430176,392.25271701812744,5.019235374548181e-11,-7.703939437866211,-0.7077736854553223,1.0734227742781322e-11,-0.7207694053649902,394.30449509620667,2.6416839202236808e-11,-2.1469836235046387,180.4627561569214,9.43848443846207e-10,2.047282099723816,-6.684101104736328,4.421048860336896e-09,6.910924196243286,399.45297861099243,3.3025951418075294e-10,-0.3884453773498535,1.1893203258514404,5.390528023951902e-10,-0.9430594444274902,399.6808247566223,2.2213041128704702e-10,-4.975494384765625,-4.671971321105957,4.003262998875101e-11,4.122495748102665,-1.787266731262207,2.1106029424178274e-10,4.123455420136452,-5.7618255615234375,8.272826174104964e-11,-2.337677001953125,4.0571413561701775,3.3287578249385774e-10,2.2172114849090576,-1.682323932647705,4.716063650711533e-10,-2.410482883453369,384.62075328826904,8.747538249309628e-10,-2.517813205718994,9.225708961486816,9.755681817935624e-10
1046,-2.2022032737731934,94.3532280921936,3.061421602335024e-11,-2.5963268280029297,392.4030566215515,6.374639011097472e-11,198.48467826843262,2.2903419733047485,1.0468943420494092e-11,-0.4819755554199219,394.3312212228775,3.5722286240158496e-11,-1.6920647621154785,101.03507995605469,1.1066596528053196e-09,1.6064708232879639,393.4883632659912,2.4960375988314354e-09,6.866911888122559,399.3607802391052,4.5323417241505126e-10,-0.7741594314575195,1.2613697052001953,2.638845253422062e-10,-1.2647104263305664,399.46753573417664,2.808837606949055e-10,-5.6260986328125,-4.168959617614746,2.1786341827811917e-11,-1.9946203231811523,398.7804825305939,6.198566659953997e-11,243.6957828104496,-2.463900089263916,1.487329703842022e-11,-2.3222475051879883,5.341615676879883,9.861884919803998e-11,2.1182626485824585,-1.669713020324707,1.3212327065748042e-10,-1.8381037712097168,384.58260130882263,1.3163358181245144e-09,-2.276656150817871,10.912936210632324,8.987354749301346e-10
1047,-1.586965560913086,142.16045212745667,1.6892884660557606e-11,-2.7032675743103027,392.8234784603119,4.344572965275795e-11,151.1205358505249,2.8430954217910767,9.948274842797034e-12,-0.7517843246459961,394.50483644008636,2.1424492388510963e-11,-2.0815811157226562,399.1239719390869,7.626552722683755e-10,2.3646726608276367,-6.478137016296387,4.002450815221437e-09,6.9304845333099365,399.43667435646057,3.3211478012162843e-10,-0.5905704498291016,1.1930513381958008,3.814489002440524e-10,-0.9228434562683105,399.87708473205566,2.0508468534519153e-10,-5.322994232177734,-4.121723175048828,2.7728789750436356e-11,3.8615607768297195,-1.694427490234375,1.5683893073159538e-10,4.260407567024231,-5.944269180297852,5.510848721801409e-11,-2.410470485687256,4.0784128829836845,2.9516819544106454e-10,2.35194194316864,-1.3833937644958496,3.1061719862890413e-10,-1.833010196685791,384.64084815979004,5.937300096015008e-10,-2.6145148277282715,9.17536449432373,8.266741735596383e-10
1048,-1.7987446784973145,189.7727667093277,3.0945915968638715e-11,-2.8337388038635254,392.6780307292938,4.7499049832255835e-11,198.38516759872437,2.528768539428711,1.0578013291684396e-11,-0.4909520149230957,394.34149956703186,2.6236322142603186e-11,-2.052530288696289,398.7901339530945,8.210705448874478e-10,2.126391649246216,-6.359027862548828,3.406197546240719e-09,6.973245620727539,399.5658149719238,4.3545642092190917e-10,-0.40485048294067383,1.0893669128417969,4.269556930225349e-10,-0.8061742782592773,399.819384098053,2.229019885335859e-10,-5.140763282775879,-4.447835922241211,2.4232671425039598e-11,3.9932593051344156,-1.9041023254394531,9.188115546177045e-11,4.469436943531036,-6.214874267578125,2.779386616691415e-11,-2.114588737487793,4.722223281860352,1.8256898770552255e-10,1.961583137512207,-1.7871580123901367,3.2135868965887937e-10,-1.7685365676879883,384.669486284256,9.916911736240763e-10,-2.3992552757263184,9.840633392333984,7.10242642476544e-10
1049,-1.556856632232666,173.87275803089142,2.4934703607426556e-11,-2.9965548515319824,392.82970452308655,3.8682803488176987e-11,-8.059823036193848,-0.21502971649169922,8.559247928474623e-12,-0.5085840225219727,394.20078897476196,2.0148917256879173e-11,-2.1538333892822266,117.06398105621338,8.381259020140419e-10,2.276659607887268,-6.707791328430176,3.6334455444375635e-09,6.818371772766113,399.51164412498474,2.8733146417714295e-10,-0.542811393737793,0.9893851280212402,3.754871136241178e-10,-0.9672956466674805,400.0854892730713,1.6467077701420862e-10,-5.078291893005371,-4.226589202880859,3.301566658953092e-11,4.259029388427734,-1.9566583633422852,1.9032354858783407e-10,4.590507805347443,-6.351319313049316,4.909262232843936e-11,-2.335665225982666,4.4441035985946655,3.355403177529581e-10,2.5957809686660767,-1.4513359069824219,3.431647743745714e-10,-1.93098783493042,384.4890377521515,6.468707791640327e-10,-2.4946556091308594,9.154255867004395,8.666528050760292e-10
1050,-1.9805221557617188,142.1685552597046,3.0869869160898844e-11,125.58723258972168,64.01919031143188,3.992260688701066e-11,198.6537036895752,2.647472381591797,1.06990701020937e-11,-0.5795845985412598,394.33296036720276,2.2427551135684176e-11,-2.0240402221679688,148.7770175933838,9.457226113340766e-10,2.200570821762085,-6.326784133911133,2.7415232306537973e-09,7.071883201599121,399.53621459007263,4.844422640815083e-10,-0.46889686584472656,1.2578282356262207,2.90561574800563e-10,-0.511871337890625,399.94790387153625,2.1345737677425092e-10,-5.19907283782959,-4.178149223327637,1.8285990777133776e-11,4.182885587215424,-1.768089771270752,8.288446318172049e-11,4.4178080558776855,-6.412938117980957,1.9713239721164122e-11,-2.223456859588623,4.6021387577056885,1.5420692500711652e-10,1.807950496673584,-1.8419995307922363,2.0146428969525232e-10,-1.793745994567871,384.37270069122314,7.546720470763546e-10,-2.6547389030456543,9.881981372833252,5.348231857382757e-10
1051,-1.6693401336669922,189.9979008436203,2.0494418662142522e-11,-2.5794734954833984,392.25519371032715,6.525448237315601e-11,197.7474799156189,1.9304933547973633,1.544991912183491e-11,-0.7698173522949219,394.42817878723145,3.153683564294241e-11,-1.918245792388916,398.84533882141113,9.131862488409581e-10,1.7404468059539795,-6.558586120605469,4.960537314246949e-09,6.839456081390381,399.536016702652,4.618350146756711e-10,-0.46061086654663086,1.0764002799987793,5.662688651320025e-10,-0.6770896911621094,399.63276767730713,3.062965436839704e-10,-4.965151786804199,-4.798666954040527,4.278954968128801e-11,4.210725247859955,-1.9115281105041504,2.359965556308907e-10,4.156511649489403,-5.762787818908691,8.157315795065401e-11,-2.3748955726623535,4.127389624714851,3.711783935766988e-10,1.9549283981323242,-1.8308601379394531,5.773791444951826e-10,-2.435037136077881,384.8566782474518,1.156586160178108e-09,-2.748356342315674,8.93915605545044,8.876586132799957e-10
1052,-2.2135844230651855,94.17253732681274,2.7429848323268224e-11,-3.1814846992492676,392.6143937110901,5.041331241351088e-11,-7.7391357421875,-0.9237546920776367,8.28817396658632e-12,-0.7342991828918457,394.52345860004425,2.718800531931187e-11,-1.7541823387145996,100.64344024658203,9.5846330872007e-10,1.9231979846954346,-6.606239318847656,3.8810545888168235e-09,6.7339019775390625,399.1612980365753,4.3942532945706603e-10,-0.30930614471435547,0.8799052238464355,3.6926547930526965e-10,-0.49872398376464844,399.92181491851807,2.1446047715478755e-10,-4.98751163482666,-4.491276741027832,2.9007633101096886e-11,4.398079127073288,-1.6337833404541016,2.0811137535492463e-10,3.97796524874866,-6.1038713455200195,5.299033434269518e-11,-2.490581512451172,3.7835447639226913,2.9964264403048446e-10,1.80472731590271,-1.562293529510498,3.642589285757225e-10,-2.2272138595581055,384.80730867385864,7.28532012495009e-10,-2.7505555152893066,9.228760242462158,6.354345383208226e-10
1053,-1.7304649353027344,142.27818870544434,2.5412677170932874e-11,-2.8535776138305664,392.62094712257385,4.364747799301405e-11,-8.479296684265137,-0.6119828224182129,1.020503560128505e-11,-0.6565203666687012,394.25670778751373,2.700840072422661e-11,-1.977182388305664,148.9718017578125,8.874452284146628e-10,1.7555131912231445,-6.606879234313965,3.6286598170676143e-09,6.795015573501587,399.48384618759155,3.524940339616478e-10,-0.34938573837280273,1.0669364929199219,4.70270711261378e-10,-0.8941836357116699,399.6620423793793,2.1112189774186163e-10,-4.994128227233887,-4.445276260375977,2.871614925015198e-11,3.998373225098476,-1.9072394371032715,1.179473740897663e-10,4.406269282102585,-6.167092323303223,2.92543315960625e-11,-2.199568748474121,4.789964318275452,1.9441560861199747e-10,1.9011244773864746,-1.7410521507263184,3.584536556466844e-10,-1.8565239906311035,384.4507188796997,8.269060436383313e-10,-2.315356731414795,9.845071792602539,7.179708494398085e-10
1054,-1.8190431594848633,190.2524378299713,2.238959712075328e-11,189.13126742839813,50.09477710723877,7.361709852826692e-11,182.90940952301025,2.7981510162353516,1.9033580267446837e-11,-0.6759762763977051,394.2854813337326,2.6242376327534345e-11,-1.6738018989562988,399.0976572036743,8.359928860279808e-10,2.5113080739974976,-6.516066551208496,3.4507949830953066e-09,6.697946548461914,399.2252206802368,4.2415784773375265e-10,-0.7993326187133789,0.6249179840087891,4.053082314214862e-10,-0.8401408195495605,399.6853642463684,2.3037848018159224e-10,-5.38654899597168,-4.518671035766602,3.245356761105711e-11,4.297735333442688,-1.9300298690795898,2.1642468372995438e-10,4.72566694021225,-6.259450912475586,4.8521048290339763e-11,-2.1269402503967285,3.9926594933494925,2.8647781369350866e-10,2.5971513986587524,-1.2906279563903809,2.666546150553728e-10,-2.2524986267089844,384.6449599266052,6.380067585354254e-10,-2.5673251152038574,8.85699987411499,8.506282345166483e-10
1055,-2.1170921325683594,142.12866759300232,3.1161635771770335e-11,-2.9834280014038086,392.59955525398254,4.613567514133443e-11,198.30454349517822,2.144729256629944,1.0363132227353411e-11,-0.7091264724731445,394.4216504096985,2.6862288435292037e-11,-2.058903217315674,148.7869062423706,9.782550325354578e-10,1.6259896755218506,-6.7807207107543945,3.248741275996281e-09,6.783796548843384,399.41675305366516,3.867861864126354e-10,-0.5814695358276367,1.3352599143981934,3.7806993646860576e-10,-0.6434078216552734,399.98247241973877,2.0577665960086478e-10,-4.976818084716797,-4.446599006652832,2.4199739434571654e-11,3.914011411368847,-1.8527541160583496,1.3717880997798915e-10,4.122566111385822,-6.039299964904785,3.758373473550236e-11,-2.3218064308166504,4.421267211437225,2.522233533142071e-10,2.0578672885894775,-1.833303451538086,3.567457163011767e-10,4.963731229305267,391.61108446121216,4.725842495112431e-10,-3.067599296569824,9.428616046905518,5.172977601830553e-10
1056,-1.7189812660217285,142.32842540740967,2.825132315587009e-11,-2.6578688621520996,392.82858967781067,5.688091664346473e-11,182.77139043807983,2.7247674465179443,9.729711827888288e-12,-0.6418895721435547,394.35700285434723,2.545430012601546e-11,-1.719172477722168,398.9794566631317,9.377671972288226e-10,1.802034616470337,-6.2794294357299805,2.7124997803440465e-09,6.684696674346924,399.3489365577698,4.5999415387854015e-10,-0.7460193634033203,1.1160852909088135,3.0268068607064436e-10,-0.7434792518615723,399.532883644104,2.857045988680085e-10,-5.157034873962402,-4.288073539733887,1.8737346743624705e-11,4.203260362148285,-1.9663000106811523,8.889661923250358e-11,4.573896884918213,-6.454010963439941,1.867647529685268e-11,-2.258025646209717,4.612227737903595,1.5663592645154267e-10,1.630690574645996,-1.9194045066833496,2.068706733693304e-10,4.580825507640839,391.68408012390137,8.042670973651411e-10,-2.5175156593322754,9.857139587402344,5.09788045111037e-10
1057,-1.3470945358276367,173.98814141750336,1.811536684548365e-11,-2.758800983428955,392.4538383483887,5.075359577055849e-11,165.99831819534302,2.3741453886032104,9.865661239338852e-12,-0.6823759078979492,394.38541209697723,2.5721556828894876e-11,-1.7468481063842773,399.0940978527069,8.270242823904539e-10,2.2353742122650146,-6.397916793823242,2.864309456285241e-09,6.637253046035767,399.2401864528656,4.277374288097491e-10,-0.6433835029602051,1.3920676708221436,2.777130747588785e-10,-0.9527931213378906,399.4189865589142,2.64169047747842e-10,-5.307878494262695,-4.174982070922852,1.765870262515623e-11,3.7816698402166367,-1.6973967552185059,7.50846745889433e-11,4.561202168464661,-6.561352729797363,1.7738168572867252e-11,-2.1966748237609863,4.806339800357819,1.433954621710143e-10,2.068312644958496,-1.8418521881103516,2.1507125247399728e-10,-2.172776699066162,384.8517735004425,7.823167114118235e-10,-2.5862784385681152,10.116973876953125,5.429854343930174e-10
1058,-1.3352551460266113,173.8811526298523,2.0457123842132496e-11,-2.7960662841796875,392.7621157169342,4.734384412286019e-11,182.51908254623413,2.634955883026123,1.044066742783567e-11,-0.6812143325805664,394.3388648033142,2.477957596058733e-11,-1.6916155815124512,398.9990482330322,8.02194310978166e-10,2.069028854370117,-6.6260271072387695,4.19122914152581e-09,6.779501914978027,399.50250244140625,4.687545906989499e-10,-0.44109296798706055,1.0681352615356445,4.2115089193828226e-10,-0.9054865837097168,399.63608860969543,2.579093327792492e-10,-4.973062515258789,-4.640642166137695,3.480670265898489e-11,4.364887893199921,-1.5741372108459473,2.3681495653349316e-10,4.045623701065779,-5.870810508728027,5.882255793565605e-11,-2.5036563873291016,3.917449474334717,3.4155575590055776e-10,2.0369298458099365,-1.6099591255187988,3.9037109655915003e-10,-1.6874775886535645,384.5279505252838,7.328972428943814e-10,-2.6759486198425293,9.364590644836426,7.663298884352798e-10
1059,-2.1701154708862305,94.35440564155579,2.434849891153057e-11,-2.716643810272217,392.6594703197479,5.242744779976327e-11,198.44860219955444,2.239665389060974,7.882788172208777e-12,-0.6262478828430176,394.5006031990051,2.3167299675885822e-11,-2.0031166076660156,101.03355312347412,9.442374659940356e-10,2.047686457633972,-6.900042533874512,2.319327618849343e-09,6.745084524154663,399.31777358055115,3.93793941899645e-10,-0.4553394317626953,0.8176140785217285,3.087971822690605e-10,-0.76141357421875,399.62716484069824,2.409800414771013e-10,-5.239152908325195,-4.482691764831543,1.7983821029576852e-11,4.3152147233486176,-1.6723480224609375,1.0504251635179429e-10,4.806879818439484,-6.403453826904297,3.357008421245311e-11,-2.661526679992676,4.4116315841674805,1.7022235010433207e-10,2.5661261081695557,-1.847485065460205,2.0224508179289558e-10,-1.8029494285583496,384.61295652389526,8.297181275374044e-10,-3.1048126220703125,9.36287260055542,4.832932387621725e-10
1060,-1.9531598091125488,110.38534116744995,1.8120619588168907e-11,-2.2414660453796387,392.7402858734131,6.873919489169822e-11,-8.439702987670898,-0.20484685897827148,5.930355598954273e-12,-0.3444042205810547,394.0882737636566,2.785925483361762e-11,-1.7971124649047852,399.24697160720825,1.250384240591984e-09,1.5254852771759033,393.8029878139496,3.338978427080974e-09,6.759011745452881,399.2844007015228,5.797085589342998e-10,-0.6610722541809082,1.3203203678131104,2.7906441046887664e-10,-0.7501845359802246,399.76824426651,3.5079916749225504e-10,-5.499914169311523,-3.7568769454956055,1.800170255916722e-11,-1.7773289680480957,398.9290089607239,9.373267439993782e-11,4.358034610748291,-6.790075302124023,1.7565584403689272e-11,-2.0967326164245605,4.709833264350891,1.0898969921013801e-10,2.025451421737671,-2.0503225326538086,1.599487625680851e-10,5.136044859886169,391.4803705215454,1.0988688847746175e-09,-2.322819709777832,9.896790504455566,6.321078105386846e-10
1061,-1.6338801383972168,173.73953914642334,2.6384259360634488e-11,-2.5656557083129883,392.66670989990234,4.8398670488003503e-11,-8.860929489135742,-0.6378536224365234,5.866510402463554e-12,-0.5670151710510254,394.24055552482605,2.3211705127423876e-11,-2.1111063957214355,399.09536695480347,8.132882700628841e-10,2.0232397317886353,-6.747669219970703,2.2701034385619323e-09,6.688612699508667,399.273907661438,3.837461459710312e-10,-0.6472578048706055,1.0472564697265625,2.945568788881303e-10,-1.3066606521606445,399.411821603775,2.261980880380321e-10,-5.239184379577637,-4.066722869873047,1.7264550900009112e-11,4.011717398650944,-1.7733149528503418,6.76656231046735e-11,4.134784519672394,-6.528769493103027,1.7302692265075414e-11,-2.3094301223754883,4.734965026378632,1.1158451940218583e-10,2.1994895935058594,-1.7725682258605957,1.930881843303922e-10,-1.946894645690918,384.72112464904785,8.294871456371311e-10,-2.5115790367126465,9.931531429290771,4.520530894058794e-10
1062,-1.8766975402832031,206.06932377815247,3.1081259094234426e-11,-2.4581284523010254,392.69856905937195,5.284730986154784e-11,198.5905623435974,2.4401016235351562,1.1835339999710648e-11,-0.4206528663635254,394.084884762764,2.7481218689562326e-11,-1.9335765838623047,398.8566269874573,8.885427948968072e-10,2.2672301530838013,-6.558165550231934,4.11958156476544e-09,6.945557594299316,399.5151264667511,4.1912512349639997e-10,-0.8407731056213379,0.8439211845397949,4.1282952056853617e-10,-0.9077916145324707,399.61990213394165,2.7739649466340666e-10,-4.980808258056641,-4.486478805541992,3.554795000026978e-11,4.2199519872665405,-1.7280688285827637,2.259523124159557e-10,3.960047870874405,-5.68123722076416,5.947747155898853e-11,-2.1822686195373535,3.974388251081109,3.186413910505337e-10,2.301409959793091,-1.6758594512939453,3.4574937357589874e-10,-1.8068346977233887,384.5582785606384,1.0645018200250433e-09,-2.8014440536499023,9.130091667175293,9.857903382481936e-10
1063,-1.8473243713378906,142.16016125679016,3.2266980753981045e-11,-2.826577663421631,392.73153614997864,4.407909107162489e-11,182.4354591369629,3.0770986676216125,8.701601938998493e-12,-0.8323655128479004,394.36713314056396,2.209517811768702e-11,-2.113740921020508,148.82817459106445,8.947092511313315e-10,1.8750154972076416,-6.578985214233398,2.4961519518029718e-09,6.662338972091675,399.4581935405731,2.912762531170898e-10,-0.45760440826416016,1.2910122871398926,2.6722335455531265e-10,-1.0027952194213867,399.6645390987396,2.3058643883189234e-10,-5.257676124572754,-4.243987083435059,1.5922879334495654e-11,3.922992281615734,-1.6341452598571777,7.278997543602728e-11,100.93927776813507,-2.3220438957214355,2.5102867701187748e-11,-2.4158453941345215,4.799318075180054,1.3581201441237312e-10,2.198310971260071,-1.879129409790039,1.871292842903216e-10,-2.0095314979553223,385.02401757240295,6.623195325516917e-10,-2.526400089263916,10.043951034545898,4.711155354719665e-10
1064,-1.9856266975402832,126.31547927856445,3.507186902007575e-11,-2.4746360778808594,392.3783745765686,7.039695909538679e-11,-8.271294593811035,-0.5378408432006836,1.2577356690857133e-11,-0.6875896453857422,394.1129583120346,4.1031410907832466e-11,-2.021022319793701,398.9463632106781,1.1341897421246472e-09,1.9315359592437744,-6.5300750732421875,4.042769674583724e-09,6.81813645362854,399.3643412590027,5.557146409707059e-10,-0.5245628356933594,1.1521835327148438,5.842609174244728e-10,-1.1407570838928223,399.65425539016724,3.097185563571969e-10,-5.267500877380371,-4.330130577087402,3.3583018310689994e-11,3.9245361164212227,-1.7139654159545898,1.2072552679764925e-10,4.418478608131409,-6.157077789306641,3.983855259570568e-11,-2.0571160316467285,4.865490198135376,2.177426294824869e-10,2.0696901082992554,-1.764225959777832,4.150670640523657e-10,-2.4136881828308105,384.7382972240448,1.1541599898023946e-09,-2.2522215843200684,9.535676002502441,8.984098465170121e-10
1065,-2.00833797454834,142.1939845085144,2.531399048710803e-11,-2.925234794616699,392.7492060661316,5.177140660617141e-11,183.03904962539673,2.736981153488159,9.584495523629055e-12,-0.9020605087280273,394.396720290184,2.7503032837272734e-11,-2.059792995452881,101.01626873016357,1.0491781887722595e-09,1.9311344623565674,-6.531410217285156,3.4232356949104314e-09,6.541292428970337,399.399010181427,4.135916054082145e-10,-0.7324199676513672,0.8391823768615723,4.790586816127984e-10,-0.7974200248718262,399.7902479171753,2.6580052048252867e-10,-5.306242942810059,-4.21079158782959,2.6319172535815838e-11,4.091532446444035,-1.6419916152954102,1.046314007657756e-10,4.366849571466446,-6.307477951049805,3.363468878414544e-11,-2.0590572357177734,4.716177761554718,1.9044300858528374e-10,2.0613147020339966,-1.8295249938964844,3.095130263197632e-10,5.080515384674072,391.42974519729614,5.907951350359042e-10,-2.5351758003234863,9.601946353912354,7.222905606951713e-10
1066,-1.9585132598876953,94.25879955291748,2.85742037670067e-11,-2.8354310989379883,392.4387571811676,5.604618505405945e-11,119.47400999069214,3.4637245535850525,2.1452298271107395e-11,-0.7371602058410645,394.2749671936035,2.972794579947369e-11,-1.2444558143615723,100.73188591003418,1.3290736289306437e-09,2.2139161825180054,-6.5351715087890625,3.915532342801953e-09,6.684962749481201,399.33757305145264,3.816403026934978e-10,-0.6310253143310547,1.0171313285827637,4.357713079272685e-10,-0.9517660140991211,399.7012801170349,2.453096059618076e-10,-5.032529830932617,-4.3268232345581055,3.3205570237893056e-11,4.36357918381691,-1.4494600296020508,2.1020538087945795e-10,4.123441345989704,-5.86602783203125,6.099289823202625e-11,-2.423369884490967,3.9623447842895985,3.148942773201213e-10,2.14090633392334,-1.529271125793457,3.22664422958141e-10,-2.196934223175049,384.83715415000916,8.343076229877511e-10,-2.5957045555114746,9.086090564727783,7.920368250147192e-10
1067,-1.1418581008911133,205.723451256752,2.8829693840548565e-11,-2.5872154235839844,392.453173160553,5.369756028716921e-11,182.51502895355225,2.9005026817321777,8.521570601938144e-12,-0.2797517776489258,394.0876210927963,4.12214012923684e-11,-1.7979207038879395,398.82918977737427,1.04731079364484e-09,2.1682865619659424,-6.42534065246582,3.0728211086739066e-09,6.786637306213379,399.350790977478,6.246816397492694e-10,-0.4238595962524414,1.283543348312378,3.5380351426361756e-10,-0.5920982360839844,399.58371472358704,3.037147200402046e-10,-5.14457893371582,-4.374519348144531,2.348997905909922e-11,3.9013686776161194,-1.868715763092041,1.089761683670254e-10,4.155640557408333,-6.171059608459473,2.4202001513984328e-11,-1.9733595848083496,4.49264732003212,1.7857874901050508e-10,1.9012656211853027,-1.669142723083496,2.560301970433443e-10,4.832362532615662,391.62413215637207,1.0338266909215577e-09,-2.5282440185546875,9.724685192108154,6.619721992784378e-10
1068,-1.4390559196472168,158.01885867118835,1.9729714390015474e-11,-2.9939374923706055,392.60006833076477,4.4294595769045486e-11,119.17516040802002,2.7713154554367065,5.225631125732599e-12,-0.7752261161804199,394.3068686723709,2.644446814303869e-11,-1.7963519096374512,399.0515968799591,7.262331847002201e-10,2.3057931661605835,-6.08461856842041,2.3460764442262416e-09,6.66607141494751,399.49511885643005,3.489446509519212e-10,-0.47853612899780273,1.5432322025299072,2.411138233515686e-10,-0.7065634727478027,399.6371660232544,2.2775749342063278e-10,-5.452239990234375,-3.9777889251708984,1.5725429639013022e-11,-2.1842236518859863,398.9284427165985,6.325152207553586e-11,387.6688869893551,-1.034916877746582,1.8286651706778123e-11,-2.3272643089294434,4.912235140800476,1.0133990174798768e-10,2.1798723936080933,-2.095700740814209,1.4222584221457168e-10,-1.9349017143249512,384.9300410747528,7.14912629096176e-10,-2.3096466064453125,10.214744567871094,6.347791736693864e-10
1069,-1.7886133193969727,126.58631443977356,2.582823364905007e-11,-2.8022890090942383,392.6230447292328,4.530273725600331e-11,-7.921909332275391,-0.6023745536804199,6.626360050943081e-12,-0.7043490409851074,394.4535449743271,2.6824044721540652e-11,-1.57448148727417,100.50490188598633,1.0861785915139421e-09,2.1029813289642334,-6.536189079284668,3.8994714124385155e-09,6.790316581726074,399.4798774719238,3.8609185293303483e-10,-0.6761388778686523,1.0894367694854736,3.6507133427399197e-10,-0.7790188789367676,399.68934631347656,2.3893376166483904e-10,-5.288236618041992,-4.240644454956055,2.5612480886172406e-11,3.9161603823304176,-1.6468873023986816,1.577238895045241e-10,4.1132447719573975,-5.9909467697143555,5.061023822250377e-11,-2.2950797080993652,4.126937180757523,2.8309432575923665e-10,2.316255211830139,-1.2807302474975586,3.1092781127561864e-10,-2.0747323036193848,384.8444776535034,6.66955490835619e-10,-2.7475156784057617,9.323555946350098,7.21747994703037e-10
1070,-1.3559560775756836,189.80791807174683,2.166261267588787e-11,-2.6984081268310547,392.5938608646393,3.863450531715884e-11,-7.655378341674805,-0.8924450874328613,1.0663845674552253e-11,-0.5304131507873535,394.26209628582,2.6144706191666423e-11,-1.0594611167907715,100.75577354431152,8.161164521958142e-10,1.972165822982788,-6.785810470581055,3.6634519862133175e-09,6.642944574356079,399.353556394577,4.0505240828103695e-10,-0.6128954887390137,0.7626800537109375,5.07562381013571e-10,-0.8988971710205078,399.42772603034973,2.0978721537723288e-10,-5.194705009460449,-4.889651298522949,3.547784288571165e-11,4.255858659744263,-1.8831443786621094,1.8704292281679358e-10,4.613707959651947,-6.138294219970703,5.5067506110617614e-11,-2.426509380340576,4.332631349563599,3.1330188443590146e-10,2.448176622390747,-1.7995667457580566,3.6095851307926807e-10,-1.8542795181274414,384.6995384693146,7.566235415978895e-10,-2.775297164916992,9.019176483154297,7.471356866517453e-10
1071,-1.457087516784668,158.05151677131653,1.947658700984789e-11,-3.0176029205322266,392.3504145145416,4.345459755916714e-11,151.0674786567688,3.504730135202408,1.0590065283033745e-11,-0.6330356597900391,394.4387971162796,2.8066137955362613e-11,-2.024421215057373,398.8886466026306,7.438212268340294e-10,1.9078381061553955,-6.720444679260254,4.579092216516756e-09,6.648409366607666,399.2712228298187,4.1309497489372404e-10,-0.5931997299194336,1.2795696258544922,5.025848071049666e-10,-0.8666138648986816,399.68838262557983,2.2482855854821793e-10,-4.796995162963867,-4.636144638061523,3.6390595398172465e-11,3.990419654175639,-1.789689540863037,1.8805670909394223e-10,3.9778251592069864,-5.9643707275390625,5.7395425218098595e-11,-2.218667507171631,4.363257855176926,3.3524222287084626e-10,2.0418885946273804,-1.6973023414611816,5.838509120614788e-10,-2.4304308891296387,384.50086879730225,5.917673018274172e-10,-2.842690944671631,9.13765287399292,7.274198465800907e-10
1072,-1.8574175834655762,126.47871446609497,1.9856486246916383e-11,-2.778435707092285,392.432288646698,4.432518588282086e-11,-8.590577125549316,-0.26334476470947266,6.245690162970385e-12,-0.558539867401123,394.3788492679596,2.4918679966678958e-11,-2.0077972412109375,398.99781346321106,8.957354857841437e-10,2.156893491744995,-6.7137346267700195,2.7630724375171667e-09,6.683739423751831,399.28284454345703,4.922138252538844e-10,-0.5013313293457031,1.1391780376434326,3.058160946700639e-10,-0.7380390167236328,399.5272114276886,2.578714464185339e-10,-5.200600624084473,-4.216473579406738,2.0172873788082413e-11,4.011903377249837,-2.029735565185547,8.54458864774088e-11,4.729415535926819,-6.589746475219727,2.1109803141627914e-11,-2.1646671295166016,5.022356748580933,1.645995006960277e-10,2.3845118284225464,-2.0680365562438965,2.425844247699871e-10,-2.1221089363098145,384.62412452697754,7.70376040737375e-10,-2.475559711456299,9.566896438598633,5.990375417930238e-10
1073,-1.33543062210083,173.93478298187256,2.1502480351820452e-11,-3.1350555419921875,392.51474261283875,4.8178086520245245e-11,151.01533699035645,3.0224536061286926,9.080858461019137e-12,-0.4523959159851074,394.27042055130005,2.8563469298137356e-11,-1.7032065391540527,399.0069463253021,7.988900652122766e-10,2.22057569026947,-6.375593185424805,2.988596925490583e-09,6.718832969665527,399.3671929836273,3.8640196597938825e-10,-0.6964397430419922,1.251173973083496,3.7083730530795833e-10,-0.8782587051391602,399.62264108657837,2.1745709399834112e-10,-5.15013313293457,-3.9262919425964355,2.077963322244525e-11,4.166871398687363,-1.5345072746276855,9.075201007346934e-11,4.395908892154694,-6.281903266906738,2.1214020123894173e-11,-2.1247401237487793,4.868213653564453,1.5874793146686272e-10,2.051827311515808,-1.682023048400879,2.462664516755808e-10,-2.275941848754883,384.55095863342285,1.062574694898899e-09,-2.6866073608398438,9.88399887084961,5.389911295061722e-10
1074,-2.4046692848205566,110.53372240066528,2.2719767039935945e-11,-2.826045513153076,392.48560070991516,5.4845284563898034e-11,198.08348894119263,1.979355812072754,1.1927005390266476e-11,-0.3425278663635254,394.0143495798111,2.414409297490927e-11,-1.471888542175293,399.1824858188629,8.911021365243244e-10,1.9659943580627441,-6.663926124572754,3.248995295024315e-09,6.930082321166992,399.21019887924194,3.551699490067506e-10,-0.39614105224609375,1.1803765296936035,4.1049202925691475e-10,-0.8576884269714355,399.59169149398804,2.8007063335167004e-10,-5.037220001220703,-4.38521671295166,2.580105573635194e-11,3.8916030526161194,-1.7079730033874512,9.616728940953223e-11,4.50922554731369,-6.2379913330078125,2.6927488017136625e-11,-2.3095078468322754,4.937387704849243,1.8298698667429392e-10,2.1355382204055786,-1.7900547981262207,3.1143645995435065e-10,-2.1094770431518555,384.85284996032715,1.0184532106549682e-09,-2.4557018280029297,9.947269916534424,7.013698510860422e-10
1075,-1.762901782989502,142.1560287475586,1.587569312122561e-11,-3.0580902099609375,392.3419575691223,5.1743959811334506e-11,198.59449672698975,2.2727421522140503,8.54044526071851e-12,-0.36894941329956055,394.32965528964996,3.020162245293001e-11,-1.7344980239868164,398.89393162727356,9.077733564843982e-10,1.7368085384368896,393.6891040802002,2.5666346825659048e-09,6.787877798080444,399.29583835601807,4.657014773812307e-10,-0.47405433654785156,0.981165885925293,2.708455681954547e-10,-0.7048163414001465,399.71944999694824,2.5294841221601416e-10,-5.173953056335449,-4.38083553314209,1.7585464334723966e-11,4.067000217735767,-1.9535174369812012,9.708417403331282e-11,4.3414124846458435,-6.399270057678223,1.6292647786464443e-11,-2.234090805053711,4.752642750740051,1.4056429631370548e-10,1.9230477809906006,-2.0507140159606934,1.817306582996281e-10,-2.2890233993530273,384.7044804096222,8.760094316606626e-10,-2.8815412521362305,9.92423391342163,4.409627107904157e-10
1076,-1.3979105949401855,173.9506094455719,2.31989583793224e-11,-2.7186431884765625,392.3767580986023,6.096905619257242e-11,150.73726844787598,3.3158743381500244,7.155844927025923e-12,-0.2053813934326172,394.0143972635269,4.069672723816531e-11,-1.987480640411377,398.7243709564209,1.1093732599221084e-09,1.5151703357696533,393.52811098098755,2.9904385634438313e-09,7.024255752563477,399.36176443099976,6.198876412177867e-10,-0.6202502250671387,1.358165979385376,1.973416707823361e-10,-1.0990357398986816,399.89257168769836,2.4840773882317535e-10,-5.5666913986206055,-4.107131004333496,1.4178615746762713e-11,-2.208961009979248,398.4528486728668,6.748929887168131e-11,4.415843188762665,-6.625923156738281,1.4287312652405681e-11,-2.3898587226867676,4.577393114566803,1.0034856973151207e-10,2.262063980102539,-2.0706820487976074,1.3447498670160485e-10,-1.5661396980285645,384.0904471874237,1.3096742579321585e-09,-2.4706625938415527,9.83696699142456,5.359986343655976e-10
1077,-1.8571596145629883,126.07925319671631,2.1101712391335958e-11,-2.8195724487304688,392.4718737602234,4.792092417327254e-11,-8.806353569030762,-0.4272918701171875,1.0526548382960854e-11,-0.47749948501586914,394.33966648578644,2.5258862709764962e-11,-1.7212810516357422,132.4794454574585,8.857576339060813e-10,1.9674668312072754,-6.8577375411987305,2.8886253389259764e-09,6.671916723251343,399.45882987976074,3.4967553852460753e-10,-0.5675907135009766,1.4165318012237549,4.1281922324998277e-10,-0.9062280654907227,399.7644679546356,2.2262791610216937e-10,-5.519070625305176,-4.210842132568359,2.8687080488865035e-11,4.025455070659518,-1.740349292755127,9.24413809388902e-11,4.495317369699478,-6.649064064025879,2.442916008371654e-11,-2.5786185264587402,5.044135332107544,1.810183669626042e-10,2.201786160469055,-1.4601073265075684,2.4399229858751426e-10,-1.6718297004699707,384.5052692890167,1.0123351046331663e-09,-2.1729679107666016,10.292439937591553,9.175090687207899e-10
1078,-1.600081443786621,126.42002487182617,2.3392955975087837e-11,-3.067070484161377,392.6807792186737,3.66465711942876e-11,198.3248167037964,2.2326316833496094,8.433398077101195e-12,-0.7259922027587891,394.3170975446701,1.930229066859912e-11,-1.7321829795837402,132.6176586151123,9.722245231102988e-10,2.398003578186035,-6.244494438171387,3.122961222956633e-09,6.991617918014526,399.53004145622253,3.132516745996128e-10,-0.5626482963562012,1.3170325756072998,3.647184776411905e-10,-0.9034671783447266,399.96287083625793,1.8390512723787111e-10,-5.182659149169922,-4.235444068908691,2.1299040656175272e-11,4.087033957242966,-1.7389788627624512,8.990641564565749e-11,4.640930414199829,-6.220661163330078,2.1574618827568948e-11,-2.2077155113220215,4.929544985294342,1.6891152365694495e-10,2.087378144264221,-1.78971529006958,2.2998336568491595e-10,-2.354127883911133,384.41213750839233,5.805572689254745e-10,-2.7066397666931152,10.077905178070068,7.024623105422734e-10
1079,-1.7175922393798828,126.29252529144287,2.5772136161283932e-11,-2.986241340637207,392.5130281448364,5.017550264163617e-11,-8.414669036865234,-0.5221962928771973,1.334210433107108e-11,-0.6919012069702148,394.46184396743774,3.6259995006560075e-11,-1.8281707763671875,399.141619682312,9.258276367773988e-10,1.8622066974639893,-6.736809730529785,3.5543441523344654e-09,6.631453990936279,399.26551699638367,4.86988060988125e-10,-0.4957270622253418,1.4838354587554932,6.498288018796927e-10,-0.7682065963745117,399.98594856262207,2.3686239081222027e-10,-5.1775665283203125,-4.57346248626709,3.963059047595863e-11,4.235166743397713,-1.8876209259033203,1.3816456312376602e-10,4.7473878264427185,-6.062498092651367,3.50153898931449e-11,-2.2565689086914062,5.135394096374512,2.7879842878775207e-10,2.541060209274292,-1.5920281410217285,3.627170508391231e-10,-1.8802103996276855,384.45735263824463,6.668867680303947e-10,-2.5853304862976074,9.60359811782837,9.672250778081093e-10
1080,-1.8086700439453125,110.44032049179077,1.6166566349506972e-11,-2.386678695678711,392.3497483730316,5.176054029831789e-11,103.26358556747437,3.107419490814209,6.314841878574118e-12,-0.49620532989501953,394.138645529747,2.7472836505726406e-11,-2.211765766143799,398.7931046485901,9.228851016729323e-10,1.369692087173462,393.7296679019928,2.789591668772573e-09,7.182133913040161,399.6624457836151,4.615241522287761e-10,-0.734682559967041,0.9784934520721436,2.947749544457423e-10,-0.512143611907959,399.7328870296478,2.952954825108378e-10,-5.33903694152832,-3.7032532691955566,2.113135534609345e-11,4.090129025280476,-1.6086134910583496,1.2350549749573503e-10,4.646065294742584,-6.427826881408691,2.977822849414835e-11,-2.648449420928955,4.5125914216041565,2.2621964024249763e-10,2.877538323402405,-1.4370489120483398,1.9028724429492883e-10,-1.9289798736572266,384.75683856010437,1.1506956498763543e-09,-2.704895496368408,9.180368423461914,6.09949091234796e-10
1081,-2.1449222564697266,94.29459691047668,1.6819002787715753e-11,-2.856706142425537,392.36254239082336,6.12543973876889e-11,118.95781087875366,2.9269304275512695,7.517534338086218e-12,-0.5948057174682617,394.3953102827072,3.1733421446134e-11,-1.811136245727539,398.5735607147217,8.484488667193091e-10,1.6302013397216797,393.73117113113403,2.7114599454591826e-09,6.711270570755005,399.4159278869629,4.008652298992388e-10,-0.742408275604248,1.0934727191925049,2.6135144048922143e-10,-0.7860984802246094,399.7186481952667,2.675114851857785e-10,-5.188333511352539,-3.868441581726074,1.411536686146686e-11,-2.085865020751953,398.85622096061707,6.370968336222305e-11,4.600874841213226,-6.793033599853516,1.5597578784110055e-11,-2.341747760772705,5.006657004356384,1.1861538140589545e-10,2.1231647729873657,-1.965390682220459,1.8223535180883488e-10,-2.3712854385375977,384.87834215164185,1.1004546163206896e-09,-2.803438186645508,9.967645645141602,4.205970294268724e-10
1082,-1.5944509506225586,110.06448340415955,2.4340881740747555e-11,-2.542752265930176,392.56207752227783,7.495045556416002e-11,182.65862941741943,2.341807007789612,1.1526451668131266e-11,-0.3929781913757324,394.2662570476532,5.0881732854834993e-11,-1.9027156829833984,398.8179380893707,1.1389004184181317e-09,2.066805362701416,-6.540469169616699,3.0189961641724494e-09,6.793079853057861,399.49018716812134,5.655424462069902e-10,-0.5030517578125,1.060535192489624,4.1207742773607947e-10,-0.6608753204345703,399.3437521457672,3.532633352509862e-10,-5.216213226318359,-4.424325942993164,2.1157449056619093e-11,-1.8986306190490723,398.9043972492218,9.361832142840143e-11,4.585304319858551,-6.131182670593262,2.456349013080228e-11,-2.1359434127807617,4.891368091106415,1.5275872233821985e-10,2.01003897190094,-1.9790496826171875,2.8273064445194507e-10,-1.8226566314697266,384.8611922264099,1.221516998661798e-09,-2.517566204071045,10.067145347595215,6.548830366881475e-10
1083,-4.9076433181762695,4.046765454113483,3.1330469468793254e-11,-2.9080214500427246,392.5604600906372,4.119491206489023e-11,-7.509279251098633,0.03233504295349121,1.619242587236336e-11,-0.3115367889404297,394.32290029525757,3.3567711110737974e-11,-2.0030055046081543,398.92927289009094,8.863592637631257e-10,2.4462838172912598,-6.760842323303223,7.972586146820504e-09,6.936646223068237,399.5999219417572,5.797418101138874e-10,-0.23350763320922852,1.5508460998535156,7.169705384946212e-10,-4.829191207885742,7.859181642532349,2.605028970315004e-10,-4.828904151916504,-4.530102729797363,6.448649253476546e-11,3.6718152463436127,-1.912947654724121,3.1092481367345215e-10,4.314746588468552,-5.833874702453613,1.1058615134729166e-10,-2.1182947158813477,4.404967695474625,5.829474125640388e-10,2.494839310646057,-1.4538798332214355,9.57673829127259e-10,-2.0801634788513184,384.5827126502991,8.905534087944034e-10,-2.5250368118286133,9.25551700592041,1.5460251967525096e-09
1084,-1.478691577911377,190.09115648269653,2.2856201306598045e-11,203.47006219625473,65.1921591758728,1.1349012007944026e-10,-8.011270523071289,-1.1315245628356934,7.695044254574235e-12,-0.3856172561645508,394.31759083271027,2.6902230443326403e-11,-1.9824228286743164,399.07263350486755,7.098431842322839e-10,1.7170498371124268,-6.890908241271973,3.130786296878796e-09,6.8337507247924805,399.40606808662415,4.0555797609087563e-10,-0.4316706657409668,0.9373910427093506,3.8368905275198983e-10,-0.7652478218078613,399.4073877334595,1.9711633714170063e-10,-5.000036239624023,-4.926324844360352,2.6560932273045346e-11,4.366579443216324,-1.9030747413635254,1.4555780192271328e-10,4.246666431427002,-6.059761047363281,4.1996916361197734e-11,-2.634334087371826,4.192664086818695,2.445141034090881e-10,1.9774248600006104,-2.056784152984619,3.273220861021997e-10,-1.9277353286743164,384.37856101989746,6.847699629553006e-10,-2.7612385749816895,9.134922504425049,5.539695369094488e-10
1085,-1.4252052307128906,126.43165683746338,2.4417143654198448e-11,-2.7907700538635254,392.79669737815857,4.7575575423675076e-11,103.52484655380249,3.2011117935180664,1.0097597237523903e-11,-0.4989805221557617,394.3635563850403,2.745057306463572e-11,-1.7785654067993164,132.7777338027954,1.0142233719534488e-09,2.332241177558899,-6.310563087463379,3.2172371433603075e-09,6.744647026062012,399.4688677787781,3.853223018435159e-10,-0.29059696197509766,1.4905459880828857,2.929130826778703e-10,-0.8121929168701172,399.8288333415985,2.1171063513403254e-10,-5.484258651733398,-4.629402160644531,2.4710995402688063e-11,4.026103276759386,-2.241133213043213,1.0426602636837146e-10,4.892133891582489,-6.548990249633789,2.4013934937783254e-11,-2.1239147186279297,4.734474062919617,1.815324973675203e-10,2.4861804246902466,-2.0588974952697754,2.0044282900144594e-10,-1.7276372909545898,384.9714698791504,6.674251151750354e-10,-2.193429946899414,9.673937797546387,8.790757566323748e-10
1086,-1.565497875213623,142.11800169944763,2.2788337189494356e-11,-2.7157669067382812,392.6546940803528,4.981182480379154e-11,-7.566586494445801,-0.8332972526550293,1.2124051762540944e-11,-0.581820011138916,394.3959883451462,3.268203416229021e-11,-1.7822051048278809,116.73883152008057,9.575698012298517e-10,2.2243067026138306,-6.572430610656738,4.375213080720641e-09,6.775283575057983,399.42894077301025,4.9505533006311e-10,-0.6914558410644531,0.8509476184844971,6.572594135612064e-10,-0.5938625335693359,399.64748311042786,2.6123980756409537e-10,-5.117571830749512,-4.881568908691406,4.488019678117183e-11,4.299817144870758,-1.8168492317199707,2.41533626432755e-10,4.655931174755096,-6.025032997131348,7.617884101307482e-11,-2.30873441696167,4.22168841958046,3.976698137453383e-10,2.547291874885559,-1.6585478782653809,4.617125848316306e-10,-2.043825149536133,384.6656391620636,7.22847393053172e-10,-2.675304412841797,8.78122854232788,1.0058183175232216e-09
1087,-1.6132078170776367,142.08269596099854,2.4366477585635593e-11,-2.8034000396728516,392.5393908023834,4.7745845471736104e-11,198.2764253616333,2.716550350189209,5.0966791551032564e-12,-0.6345386505126953,394.350359082222,2.6130798913559516e-11,-2.149888038635254,101.10807037353516,8.84165851644525e-10,1.560070276260376,393.6547884941101,2.3671347104681217e-09,6.851738452911377,399.35003113746643,3.8399361468322013e-10,-0.6913132667541504,1.007295846939087,3.0872887579747044e-10,-0.8363556861877441,399.75681591033936,2.1616354539677474e-10,-5.196466445922852,-4.02639102935791,1.4172316098459703e-11,3.676701694726944,-1.5089564323425293,6.025840243450986e-11,197.51705038547516,-4.403303146362305,1.78547992363276e-11,-2.3160171508789062,4.919546544551849,1.1815226574896087e-10,2.348260760307312,-1.951364517211914,1.8200990714589693e-10,-2.1984362602233887,384.67456817626953,8.343871704674655e-10,-2.7359461784362793,9.938261985778809,4.579299439644302e-10
1088,-1.6405038833618164,126.56232619285583,2.2911591027185985e-11,-2.326356887817383,392.2735459804535,5.0934850087669403e-11,135.43292045593262,2.726792812347412,1.1993045445635175e-11,-0.4701075553894043,394.2029950618744,3.4883269883767554e-11,-1.2180757522583008,100.94346714019775,9.603444706129949e-10,1.2144839763641357,393.5697908401489,2.5774669065725675e-09,7.104615688323975,399.79174852371216,5.119063506420218e-10,-0.4473228454589844,1.1262707710266113,2.9954833058454255e-10,-0.6594786643981934,399.6087510585785,2.772594653865923e-10,-5.411355972290039,-4.222960472106934,1.8476607396844535e-11,4.341746419668198,-1.6545977592468262,9.533012573781363e-11,100.98603892326355,-2.226954936981201,2.966303938589654e-11,-2.319206714630127,4.468810796737671,1.4725815011829013e-10,1.966963529586792,-1.7450175285339355,1.9580220778081525e-10,-1.727677822113037,384.709436416626,1.3386139974258526e-09,-0.5914807319641113,100.14447939395905,7.381637523451445e-10
1089,-1.7208023071289062,189.97985923290253,1.820247425010635e-11,-2.601428508758545,392.51707673072815,6.833317245380499e-11,198.53723192214966,2.442339301109314,8.49155381427158e-12,-0.372011661529541,394.2071452140808,4.646533505181516e-11,-2.0240674018859863,398.8094630241394,1.1037148972548039e-09,1.5730259418487549,393.69648790359497,3.16356096874415e-09,6.716969966888428,399.3613431453705,5.328204544241544e-10,-0.5914416313171387,1.338167428970337,3.6887126686480087e-10,-0.6836795806884766,399.3518810272217,3.4569661022665343e-10,-5.509673118591309,-4.305702209472656,2.5930115693517664e-11,-2.028778553009033,399.00040006637573,1.0239141479129188e-10,4.379621267318726,-6.319881439208984,2.10512197951207e-11,-2.333651542663574,4.876237690448761,1.8693699366245653e-10,2.0002191066741943,-1.532580852508545,2.3263574400189668e-10,-1.8407683372497559,384.427282333374,1.1427540025366056e-09,-2.4233875274658203,10.050957202911377,7.95815024989821e-10
1090,-1.6801447868347168,94.13054537773132,2.8263343054835133e-11,-4.005215644836426,92.0091350171715,6.207546976444434e-11,-8.308692932128906,-0.397918701171875,1.1458236269523692e-11,-0.6583666801452637,394.32415771484375,3.681464161298109e-11,-1.0907015800476074,100.50686836242676,1.3891694461420911e-09,2.3021010160446167,-6.454580307006836,4.084943050486345e-09,6.521147727966309,399.51052927970886,3.773214518609791e-10,-0.5563888549804688,1.1895158290863037,5.314025885994056e-10,-1.039079189300537,399.6177349090576,2.2317594994269996e-10,-5.283933639526367,-4.183337211608887,3.298752937475058e-11,4.072360090911388,-1.6792840957641602,1.1688984502544741e-10,4.575989067554474,-6.191438674926758,3.621727917568762e-11,-2.0185580253601074,4.750488042831421,2.0739017447812813e-10,2.15959370136261,-1.5996451377868652,3.783974522608702e-10,-1.605226993560791,384.69119787216187,6.54910514708007e-10,-0.5176324844360352,100.12065853923559,9.977834114494044e-10
1091,-1.6329841613769531,126.22045803070068,2.2179626191221047e-11,-2.7668309211730957,392.14416003227234,4.822442445373554e-11,-8.936802864074707,-0.34199953079223633,8.700771873815238e-12,-0.4599795341491699,394.12110364437103,3.251453273289684e-11,-2.0794677734375,398.90939259529114,8.758824221466455e-10,1.3749115467071533,393.63916301727295,2.7356257259469885e-09,6.774094343185425,399.47486305236816,5.070485697977745e-10,-0.5925827026367188,1.5634746551513672,3.9258052364488094e-10,-0.49703216552734375,399.76851415634155,2.610411053982631e-10,-5.0654754638671875,-4.26513671875,2.4086963326674926e-11,-2.19389009475708,399.0051655769348,7.591079848046078e-11,197.67173540592194,-4.237771987915039,1.7291607382063923e-11,-2.3124876022338867,5.429078936576843,1.5946290121693352e-10,2.0831425189971924,-1.59763765335083,2.549284117137063e-10,-1.5146026611328125,384.7581558227539,1.0181017140453719e-09,-2.3176183700561523,10.314465045928955,6.441449040828218e-10
1092,-1.8621416091918945,94.18805003166199,2.2185085365999946e-11,-2.8057451248168945,392.7173082828522,6.058534923747416e-11,-8.694161415100098,-0.5096197128295898,7.64794391011625e-12,-0.47954273223876953,394.2750527858734,4.07582509409643e-11,-1.8345427513122559,398.934850692749,9.812712864487594e-10,2.0763975381851196,-6.475343704223633,3.1654019405635836e-09,6.953962564468384,399.50116205215454,4.830748023820775e-10,-0.5360398292541504,1.0511541366577148,4.1818443152763507e-10,-0.7207074165344238,399.6157639026642,2.995986236875581e-10,-4.98406982421875,-4.277810096740723,2.2815171626944242e-11,3.9966579391621053,-1.7723817825317383,8.26315890711804e-11,4.591611087322235,-6.215581893920898,2.4434333029121902e-11,-2.484218120574951,4.8907482624053955,1.6384398004998246e-10,2.2170894145965576,-1.815683364868164,2.7857197104630416e-10,173.29391968250275,219.46961456537247,2.062577220129924e-09,-2.423191547393799,10.148779392242432,6.837923005598157e-10
1093,-1.8326897621154785,142.33106398582458,2.292409317927735e-11,-2.6725330352783203,392.6798470020294,5.0330104667262177e-11,198.60988521575928,2.565519094467163,1.2396494421251791e-11,-0.659031867980957,394.490562081337,3.024676342722188e-11,-1.945857048034668,399.003201007843,9.03711827593412e-10,2.1083651781082153,-6.723336219787598,3.598032316531885e-09,6.860838413238525,399.45850372314453,4.1765282898786893e-10,-0.5805859565734863,0.7744524478912354,3.546372084883842e-10,-0.5827803611755371,399.79877853393555,2.5131863257144005e-10,-4.966710090637207,-4.521280288696289,2.9006916660301307e-11,4.294209033250809,-1.615687370300293,2.0748278095616968e-10,4.068908639252186,-6.082508087158203,4.788638582886584e-11,-2.361807346343994,3.8081337213516235,2.8414054442649217e-10,2.1332342624664307,-1.5397520065307617,2.991908942817645e-10,-1.8721909523010254,384.66697430610657,8.563894593471844e-10,-2.738276958465576,8.97767448425293,6.604613522753766e-10
1094,-1.5419116020202637,142.34755110740662,2.8424663664483596e-11,-2.526589870452881,392.44439148902893,6.127098828301314e-11,198.50978231430054,2.3006502389907837,9.582722636236607e-12,-0.3243551254272461,394.1461338996887,4.2560822921533514e-11,-1.9110288619995117,399.1727478504181,1.0596642452398441e-09,1.4990015029907227,393.76020526885986,3.3001532617760176e-09,6.77026104927063,399.2974286079407,5.299632399591303e-10,-0.5945353507995605,1.4005653858184814,2.6149157839050474e-10,-0.5828690528869629,399.6068027019501,3.252013103249851e-10,-5.297370910644531,-4.03592586517334,1.74676939579399e-11,-1.9433574676513672,398.97510957717896,9.711731419059788e-11,4.609913229942322,-6.567322731018066,2.1499772448474452e-11,-2.4179911613464355,4.691151797771454,1.5809765996355196e-10,2.230145812034607,-1.802657127380371,2.1602629407535545e-10,-1.914628505706787,384.71079325675964,1.201524324478953e-09,-2.7796010971069336,9.76785659790039,5.261079349949682e-10
1095,-1.5196237564086914,126.63452076911926,3.2033837388256714e-11,-3.0376529693603516,392.5982942581177,5.4426366191684394e-11,-8.160385131835938,-0.19445276260375977,7.895186240891583e-12,-0.4832139015197754,394.332683801651,2.960634168380771e-11,-1.5255122184753418,133.08616256713867,1.3399577003525565e-09,1.9741356372833252,-6.513005256652832,3.0816835749902793e-09,6.669471740722656,399.3326346874237,4.6207201953585297e-10,-0.3215169906616211,1.3730800151824951,2.8537619489732435e-10,-0.7158150672912598,399.6299076080322,2.95659552396188e-10,-5.486623764038086,-3.9503488540649414,2.6179435355655478e-11,4.1952126026153564,-2.096525192260742,1.172108937685934e-10,4.829153954982758,-6.686439514160156,2.7075709729817987e-11,-2.124539852142334,4.694691777229309,2.0753658513950057e-10,2.278750777244568,-1.845794677734375,1.796720272562169e-10,4.808523416519165,391.7235617637634,8.633202486230118e-10,-2.2564334869384766,9.58440637588501,8.530735007283852e-10
1096,-1.601180076599121,142.14295887947083,3.601166240208009e-11,204.0406976863742,48.99930191040039,7.274611468766068e-11,197.8816957473755,2.0929397344589233,1.608834246380475e-11,-0.49614524841308594,394.19915091991425,2.6417193085825907e-11,-2.0877394676208496,101.22531223297119,1.0634443325940879e-09,2.0510724782943726,-6.653136253356934,2.851934910452769e-09,6.855213642120361,399.4444646835327,3.9983510946584033e-10,-0.610191822052002,0.9946544170379639,3.422535588271103e-10,-1.0578937530517578,399.7240536212921,2.1649944337287508e-10,-5.090468406677246,-4.608284950256348,2.1026260593748347e-11,4.157629027962685,-1.9171438217163086,1.0436730646379289e-10,4.3098384141922,-6.141587257385254,3.681990823345416e-11,-2.5804386138916016,4.273189961910248,1.8536730483909025e-10,2.1605485677719116,-1.9636998176574707,2.502381080127236e-10,-2.0691514015197754,384.54534888267517,6.977724509305006e-10,-2.5221776962280273,9.37044620513916,5.851832352021802e-10
1097,-1.504073143005371,142.15361952781677,2.1172667785673838e-11,-3.3115406036376953,392.51100158691406,5.230080257767611e-11,135.75628328323364,2.950420379638672,1.1840848614108612e-11,-0.4046144485473633,394.2539098262787,2.963120027121846e-11,-1.0947327613830566,100.57168483734131,1.0753029577870166e-09,2.23554790019989,-6.688825607299805,4.276348608556191e-09,6.702343702316284,399.29047536849976,4.2072859085529046e-10,-0.5138530731201172,1.154052734375,5.283443682557731e-10,-0.5398826599121094,400.0174283981323,2.3764573642282016e-10,-5.09764289855957,-4.733675003051758,3.9152295988609254e-11,4.013412707485259,-1.8118844032287598,1.820053968648594e-10,4.204283684492111,-5.82247257232666,6.213303482827115e-11,-2.3332977294921875,4.196797713637352,3.1950742052089254e-10,2.0874239206314087,-1.7312021255493164,4.6418588417473927e-10,-2.527341365814209,384.42591404914856,7.195858908737307e-10,-2.437201976776123,9.204288482666016,9.30212018523946e-10
1098,-1.6623539924621582,110.21246933937073,2.805516582937706e-11,-3.9918742179870605,108.42295813560486,4.3959783729841106e-11,198.24533033370972,2.3381810188293457,8.878964403991052e-12,-0.6718869209289551,394.2960798740387,2.2655981257724278e-11,-1.6752924919128418,116.68915843963623,1.2736360854859186e-09,1.8983559608459473,-6.49221134185791,2.6763919969141625e-09,6.8151562213897705,399.5145790576935,3.24451632227607e-10,-0.6563458442687988,1.0738940238952637,3.55226820181187e-10,-0.721287727355957,399.78460001945496,2.2325301329839675e-10,-1.9448976516723633,107.1587216258049,2.231915867401124e-11,4.094954654574394,-1.8538422584533691,7.600366169757677e-11,4.560249984264374,-6.613650321960449,2.3743628591033072e-11,-2.1112918853759766,4.813010156154633,1.5467972735994096e-10,2.1074036359786987,-1.8509907722473145,2.435441015524731e-10,-2.0273985862731934,384.77016854286194,7.873615093245689e-10,-0.5584869384765625,99.82141584157944,7.58468621242514e-10
1099,-1.636601448059082,126.33892726898193,3.073521298579962e-11,-2.5597448348999023,392.2979643344879,4.6138579068433216e-11,198.3364291191101,2.2173725366592407,1.5771658284924328e-11,-0.6833162307739258,394.2756530046463,2.2090289666931717e-11,-2.314152717590332,132.9774990081787,9.579624871136616e-10,2.339155435562134,-6.143369674682617,2.9762359243790115e-09,7.013120412826538,399.6631410121918,3.3310315616930097e-10,-0.6773538589477539,0.9098868370056152,2.990790670676091e-10,-0.8158650398254395,399.78732800483704,2.253415926078972e-10,-5.520727157592773,-4.118579864501953,2.1996236429511207e-11,4.204156830906868,-1.6599068641662598,1.0425051100160232e-10,4.372695207595825,-6.418455123901367,2.3210201122170204e-11,-2.2539620399475098,4.4794700145721436,1.7891012282778007e-10,2.1116068363189697,-1.6245131492614746,2.1134911876163898e-10,-2.2605443000793457,384.71029901504517,9.745787510340165e-10,-2.4129152297973633,9.725048542022705,6.570713417808349e-10
1100,-1.6165728569030762,158.04774498939514,1.6669061964069698e-11,171.01356554031372,66.39932870864868,6.013187170417211e-11,119.35038661956787,3.250038206577301,9.911210741009313e-12,-0.580263614654541,394.2871640920639,3.600197917563719e-11,-2.0572524070739746,398.9215338230133,9.57926071798454e-10,1.5591027736663818,-6.623935699462891,3.4124401082635814e-09,6.856429576873779,399.59041595458984,5.716546680467616e-10,-0.4863862991333008,1.1903514862060547,5.225187504898088e-10,-0.616849422454834,399.705091714859,2.6385532647665855e-10,-4.967229843139648,-4.654784202575684,2.7824258522213263e-11,3.761560946702957,-1.8933525085449219,1.1917461462118695e-10,4.4972051084041595,-6.056239128112793,3.683564217538127e-11,-2.168765068054199,4.688880622386932,2.306018154207834e-10,2.0715720653533936,-1.9469513893127441,3.600852116480979e-10,-1.849402904510498,384.56651401519775,9.370663134333768e-10,-2.5320334434509277,9.391371726989746,7.583312311432167e-10
1101,-1.640604019165039,110.30460739135742,2.3225877818222607e-11,-2.7449355125427246,392.81348395347595,4.9391764983530706e-11,197.82009172439575,1.774764060974121,9.933447293886122e-12,-0.4598226547241211,394.2165039777756,2.7809296532232963e-11,-2.050593376159668,399.0158987045288,9.088595986916914e-10,1.5783190727233887,-6.595232963562012,2.2724426784748175e-09,6.9317193031311035,399.4538297653198,3.8793579459905914e-10,-0.5445089340209961,1.0684568881988525,3.187210217969749e-10,-0.7920413017272949,399.5055558681488,2.617385752579082e-10,-5.349132537841797,-3.9039769172668457,1.8099202692134497e-11,4.160913050174713,-1.9135527610778809,7.212467428852065e-11,5.2088463306427,-6.719202041625977,1.602726978910951e-11,-2.1409597396850586,5.436640620231628,1.3422180034083908e-10,2.2534217834472656,-1.963362693786621,1.749120709382268e-10,-1.8992486000061035,384.49746012687683,8.259066208715637e-10,-2.420368194580078,9.706128597259521,4.677462306368341e-10
1102,-1.5278892517089844,142.21345686912537,1.540331230620584e-11,-2.8325114250183105,392.528653383255,5.161542374065853e-11,151.25372648239136,3.190083384513855,6.841007794966547e-12,-0.4231877326965332,394.208980679512,3.399548004212605e-11,-2.0936031341552734,398.8255076408386,9.358338548537404e-10,1.4101996421813965,393.6274461746216,2.659025666318371e-09,6.736846446990967,399.34616255760193,4.798323405275084e-10,-0.8192753791809082,1.0217902660369873,2.1088646107170206e-10,-0.7709746360778809,399.6468782424927,2.4876381510274825e-10,-5.373160362243652,-3.9284729957580566,1.1282938992829283e-11,-2.1985268592834473,398.8465361595154,6.796661844443719e-11,228.34732428193092,-3.157027244567871,1.722051494457144e-11,-2.2622337341308594,5.108457565307617,8.677457363770458e-11,2.0189543962478638,-2.084230422973633,1.0889161100591238e-10,-1.8607754707336426,384.3848819732666,8.592297429110829e-10,-3.0350046157836914,9.906097888946533,3.316842633882544e-10
1103,-1.7147908210754395,126.29308342933655,2.0748900861344843e-11,203.48826563358307,49.81524991989136,6.346227016118533e-11,198.22579908370972,2.391519546508789,1.9070826515199535e-11,-0.5448565483093262,394.3382076025009,2.8653560427138736e-11,-1.9379067420959473,399.1769139766693,7.864383588795931e-10,2.1964882612228394,-6.645940780639648,4.163017486291665e-09,6.84729790687561,399.2887110710144,4.060758118651364e-10,-0.699765682220459,1.0841984748840332,3.6419223192751815e-10,-0.809359073638916,399.82887268066406,2.2216005424180452e-10,-5.078215599060059,-4.359694480895996,2.986411465344396e-11,3.960030920803547,-1.793900966644287,1.9020778008194128e-10,4.091151587665081,-5.994146347045898,5.984993750596246e-11,-2.2423839569091797,3.953866731375456,3.173640239495512e-10,2.1001447439193726,-1.651545524597168,3.86180948330761e-10,-1.9686613082885742,384.4981966018677,6.725224821479969e-10,-2.7688145637512207,9.053767204284668,7.653044309385848e-10
1104,-1.5955309867858887,126.5166130065918,3.159397049534718e-11,-2.5914411544799805,392.6816735267639,6.79833411787456e-11,-8.467766761779785,-0.5521855354309082,9.789446163421811e-12,-0.46296215057373047,394.27802312374115,3.508210735803097e-11,-1.582322120666504,132.69291877746582,1.2567418217201975e-09,1.8581790924072266,-6.819993019104004,3.1775364561781316e-09,6.9099109172821045,399.46081709861755,5.972806138565545e-10,-0.37578630447387695,1.3786768913269043,5.989062024092107e-10,-0.7173733711242676,399.710337638855,3.3355013195901506e-10,-5.014890670776367,-4.220024108886719,2.6738838573847623e-11,3.7574311196804047,-1.4621682167053223,1.0739803490977806e-10,197.41409814357758,-4.900032043457031,3.1330649880034755e-11,-1.8193397521972656,5.0834420919418335,1.8765287934652264e-10,2.121669888496399,-1.9289398193359375,3.488887512226313e-10,-1.6806492805480957,384.52555418014526,1.1848000358583022e-09,-2.6690478324890137,9.497701644897461,5.921059753610791e-10
1105,-1.5071334838867188,189.9391860961914,2.2340199135051364e-11,203.3180301785469,65.79800081253052,6.925190282336402e-11,182.84827327728271,2.491797924041748,5.873922875876403e-12,-0.666985034942627,394.4267235994339,2.5862938526910462e-11,-1.8054876327514648,100.73587989807129,8.220907288247759e-10,1.9931347370147705,-6.604736328125,2.3344930433211175e-09,6.800405740737915,399.55606174468994,4.0241113219430247e-10,-0.4394807815551758,1.3621466159820557,2.395607601179961e-10,-0.7828893661499023,399.75998616218567,2.2736336424689085e-10,-5.0887041091918945,-3.9368391036987305,1.579652728067593e-11,3.935486428439617,-1.5905170440673828,7.804146218148844e-11,197.5139366388321,-4.027099609375,3.3627631929045165e-11,-2.2090063095092773,4.816995859146118,1.3554055100506446e-10,2.0010712146759033,-1.8873777389526367,1.8067858320591768e-10,-2.0251574516296387,384.5409791469574,8.229991133035242e-10,-2.8792662620544434,9.973811626434326,4.622535965115304e-10
1106,-1.5868821144104004,158.0101387500763,2.374883449618448e-11,-2.7284960746765137,392.3930983543396,4.149979665468706e-11,119.2648549079895,2.81771981716156,1.1438868949276149e-11,-0.4808988571166992,394.27970266342163,2.641245729073649e-11,-1.5132837295532227,116.57465648651123,9.073769513534558e-10,2.0045204162597656,-6.548333168029785,2.699869439126701e-09,6.953977346420288,399.3590817451477,4.571506506678702e-10,-0.661374568939209,1.0743653774261475,3.3879565819461277e-10,-0.8333039283752441,399.85457611083984,2.1601477551147497e-10,-5.298653602600098,-4.2614545822143555,2.1211756309758023e-11,3.9168707504868507,-1.916165828704834,8.172141435780489e-11,4.521792948246002,-6.263840675354004,2.2892326922985262e-11,-2.2745327949523926,4.767056465148926,1.554276568560553e-10,2.031964659690857,-1.9184684753417969,2.398895249111632e-10,-1.789663314819336,384.6858777999878,1.0432197328213988e-09,-2.5335636138916016,9.905210971832275,5.914298495390824e-10
1107,-1.8570990562438965,94.4378662109375,1.9066826242863932e-11,-2.7405948638916016,392.4526193141937,5.0698445441810236e-11,-8.740025520324707,-0.3999662399291992,5.716835858871061e-12,-0.4221768379211426,394.16044867038727,2.8654979430942085e-11,-2.0186119079589844,398.87159848213196,8.873031198675108e-10,2.0162599086761475,-6.684593200683594,2.7771480670679694e-09,6.992115020751953,399.5576295852661,4.5738002274475775e-10,-0.3939180374145508,1.23984956741333,2.882162841721936e-10,-0.8570489883422852,399.861097574234,2.4347210358932614e-10,-5.000807762145996,-4.06209659576416,1.778729420698344e-11,3.9347479790449142,-1.6930723190307617,7.577771049538384e-11,4.367352217435837,-6.604406356811523,2.0345716431058314e-11,-2.3539881706237793,4.948056221008301,1.4639391088255849e-10,1.9875853061676025,-2.0165085792541504,2.626752981793601e-10,-1.643104076385498,384.5806837081909,1.3158639733390487e-09,-2.5663580894470215,10.118683815002441,4.8962756071802e-10
1108,-2.081502914428711,190.0792007446289,2.3950305280684425e-11,-2.6339683532714844,392.3681423664093,4.606822909258845e-11,182.61220169067383,2.4684858322143555,9.71209744571322e-12,-0.5542387962341309,394.3055508136749,2.4561569791914373e-11,-1.9490108489990234,398.9251298904419,7.598123241692178e-10,2.0913381576538086,-6.434088706970215,2.892980965896186e-09,6.8015265464782715,399.44015979766846,4.0105949117297257e-10,-0.47759246826171875,1.2913472652435303,3.249743529831761e-10,-0.9706788063049316,399.94657349586487,1.8826198933119542e-10,-5.139830589294434,-4.260149002075195,2.010166512411704e-11,4.006858556997031,-1.8141322135925293,8.648740057459747e-11,4.49838387966156,-6.36844539642334,2.008671701192455e-11,-2.06320858001709,4.883271515369415,1.5324286284368327e-10,1.981795310974121,-1.7390060424804688,2.1755540424717168e-10,-1.8728837966918945,384.47518944740295,1.0188592192150736e-09,-2.5377259254455566,10.004952907562256,5.880542719438608e-10
1109,-1.4937691688537598,173.85709655284882,2.1714321313259788e-11,-2.677727222442627,392.43431401252747,5.788564072517488e-11,-7.708184242248535,-0.9113588333129883,7.73285688954184e-12,-0.6386728286743164,394.44498205184937,3.7953931664169716e-11,-2.0891366004943848,398.86833143234253,9.996502514653116e-10,1.9641268253326416,-6.640316963195801,3.716263075048687e-09,6.766805648803711,399.36335849761963,5.340770048434251e-10,-0.5457663536071777,0.849041223526001,3.9122161066273975e-10,-1.0592799186706543,399.6566832065582,2.69904931737841e-10,-4.97150993347168,-4.708622932434082,3.135946710641768e-11,4.424840420484543,-1.8026604652404785,2.1631699209656574e-10,4.0567926205694675,-5.917377471923828,5.430866867328632e-11,-2.2948145866394043,3.8465127497911453,3.0744137791138826e-10,2.112394094467163,-1.660691738128662,3.4761674094774264e-10,-2.259105682373047,384.67026233673096,8.601151457732215e-10,-2.651904582977295,9.045890808105469,7.568674575963996e-10
1110,-1.4855303764343262,173.7288819551468,2.494260180341268e-11,-2.8640642166137695,392.50466227531433,6.112076816888745e-11,118.82927751541138,3.2380298376083374,1.1827802626207529e-11,-0.5498919486999512,394.43161368370056,3.768487258359876e-11,-1.8036994934082031,398.65326380729675,1.0114955539819448e-09,1.5669653415679932,393.55445742607117,3.266674042379236e-09,6.605232238769531,399.1806609630585,6.137078623069669e-10,-0.4737067222595215,1.537041187286377,4.3148207229393165e-10,-0.7604379653930664,399.65383315086365,2.767100437672809e-10,-5.03550910949707,-4.477564811706543,2.7633595064968652e-11,-2.1755943298339844,398.6108717918396,9.26125703903935e-11,4.308117210865021,-6.252732276916504,2.284334527091758e-11,-2.3993053436279297,5.073733806610107,1.9661616779131919e-10,2.020766019821167,-1.563589096069336,3.566688333567214e-10,-1.9074115753173828,384.62661051750183,9.46642986221491e-10,-2.342346668243408,10.522644996643066,8.326399569824616e-10
1111,-1.7424840927124023,142.21348357200623,2.693873943360181e-11,-2.524956703186035,392.2166624069214,6.615465120152209e-11,198.02611446380615,2.1871131658554077,8.408727707187591e-12,-0.4687328338623047,394.21769177913666,3.3739160770762666e-11,-2.1092586517333984,398.7391674518585,9.869850492449928e-10,1.3529109954833984,393.5406684875488,2.794123599159093e-09,6.746692657470703,399.50422859191895,4.67008098858912e-10,-0.461334228515625,1.0679371356964111,4.9401116530845e-10,-0.7951827049255371,399.6963086128235,2.9622004849017003e-10,-4.9593963623046875,-4.757659912109375,2.2554442688504928e-11,4.148482292890549,-1.905024528503418,8.357756847710007e-11,5.2795257568359375,-6.303434371948242,2.0725128210830057e-11,-2.6902365684509277,5.325350403785706,1.8674065072055157e-10,2.5209827423095703,-2.0876526832580566,2.3150743821975794e-10,-1.8284530639648438,384.87300658226013,1.4381269508589867e-09,-3.059636116027832,9.884958267211914,5.666015989724826e-10
1112,-1.9330034255981445,157.7649118900299,2.6255246241002617e-11,188.7681167125702,50.17311382293701,4.916477641669914e-11,182.74085474014282,2.9604557752609253,1.1615923500851721e-11,-0.4877305030822754,394.23890936374664,3.181997026979744e-11,-2.020374298095703,398.972620010376,8.678703311559843e-10,2.412035346031189,-6.694680213928223,4.761820715515341e-09,6.768629789352417,399.42325615882874,5.148880766192576e-10,-0.44115257263183594,1.0159316062927246,5.158080629286133e-10,-0.5872840881347656,399.9200999736786,2.42977110653797e-10,-4.935096740722656,-4.689277648925781,4.051943502947353e-11,4.345499575138092,-1.497854232788086,2.576910074214567e-10,4.175373703241348,-5.8126420974731445,7.263435686244435e-11,-2.4959464073181152,4.004173404537141,3.659552938461985e-10,2.1975284814834595,-1.5771431922912598,4.65039284858193e-10,-2.009622097015381,384.4636528491974,6.079315939544472e-10,-2.6360116004943848,9.3545560836792,9.682863399973485e-10
1113,-1.8000874519348145,141.86906945705414,2.5553779578468827e-11,-2.9338784217834473,392.3182361125946,3.3641679719753625e-11,-7.812790870666504,-0.4709134101867676,8.13285896961169e-12,-0.47080469131469727,394.22149324417114,2.4953162799934425e-11,-1.6724324226379395,148.4080057144165,8.510241955583808e-10,2.2729660272598267,-6.616420745849609,3.869302656056561e-09,6.557140827178955,399.4519531726837,4.6038736711828676e-10,-0.6348395347595215,1.0421979427337646,4.329783753753702e-10,-0.4928398132324219,399.6620683670044,2.0727471128356711e-10,-5.000563621520996,-4.710060119628906,3.0672547834953434e-11,4.241704225540161,-1.5820741653442383,2.04391142899496e-10,4.099659159779549,-5.948543548583984,5.977053574302005e-11,-2.4001927375793457,4.022814454510808,3.184366659247928e-10,2.1947686672210693,-1.5480523109436035,3.72478381471808e-10,4.909952282905579,391.47071170806885,4.738786585356536e-10,-2.60087251663208,9.193345069885254,7.650460265296033e-10
1114,-2.14125919342041,110.28076410293579,2.0923126078931098e-11,-2.52909517288208,392.72404980659485,4.6932957520340324e-11,-8.196919441223145,-0.44744205474853516,1.8151924408016384e-11,-0.7346529960632324,394.1636691093445,2.315356240067956e-11,-1.5279793739318848,116.65747165679932,8.218869473886059e-10,1.9965133666992188,-6.765693664550781,3.510329138478596e-09,6.710070610046387,399.50050139427185,3.6409636416934177e-10,-0.5023684501647949,1.1931631565093994,7.308605387557066e-10,-0.8181004524230957,399.47162342071533,2.689870548522322e-10,-5.371738433837891,-4.363851547241211,3.442213181159559e-11,3.782420665025711,-1.9556212425231934,1.1524544513141777e-10,5.550996422767639,-6.449568748474121,3.151680999513573e-11,-2.040327548980713,5.496887922286987,2.4235133344596704e-10,2.76585590839386,-1.9222311973571777,3.495441991407944e-10,4.864322304725647,391.5476584434509,7.280667180253886e-10,-2.925717830657959,9.277742385864258,8.915713167745309e-10
1115,-1.5701699256896973,142.27997636795044,2.673170018674398e-11,-2.601508617401123,392.4709300994873,6.672414704089746e-11,-7.605960845947266,-0.43369579315185547,1.0954463031120909e-11,-0.77960205078125,394.2967640161514,3.555642238972645e-11,-2.1044106483459473,398.7107985019684,9.420157986994582e-10,2.1982122659683228,-6.5337018966674805,4.7700927652272185e-09,6.928826808929443,399.5312411785126,4.458892144398874e-10,-0.4920225143432617,0.9800615310668945,4.92323681822171e-10,-0.9068059921264648,399.48040652275085,3.067648357557573e-10,-4.876728057861328,-4.632152557373047,3.90911088221646e-11,4.329095661640167,-1.7047042846679688,2.641780960654927e-10,3.9376436918973923,-5.765346527099609,7.518312361565194e-11,-2.4240798950195312,3.76075442135334,3.8039543737156123e-10,2.1320759057998657,-1.3535170555114746,4.483769466823162e-10,-2.0344371795654297,384.8736500740051,1.4357589561697637e-09,-2.453662395477295,9.321794509887695,9.280570201219973e-10
1116,-1.6001973152160645,142.21378803253174,2.3162836232382134e-11,-2.66876220703125,392.6223940849304,4.006830631175795e-11,-9.037275314331055,-0.061324119567871094,9.528191603769276e-12,-0.525841236114502,394.2933872938156,1.8874259793966175e-11,-1.7551507949829102,116.71324443817139,1.1063367999497586e-09,2.0879476070404053,-6.714330673217773,3.1189373306261814e-09,6.7687623500823975,399.4375374317169,4.0421349600805456e-10,-0.6632452011108398,1.345041275024414,4.874462500303878e-10,-0.7648038864135742,399.75556921958923,2.0593449168160305e-10,-5.27134895324707,-4.5418195724487305,3.255629793530446e-11,4.117098338901997,-2.084658145904541,9.802418599047513e-11,4.684678256511688,-6.03948974609375,2.123867574865823e-11,-2.294290542602539,5.101338863372803,1.8057626227641066e-10,2.220857858657837,-1.5980920791625977,2.928756404063648e-10,-1.9086341857910156,384.33115339279175,7.422722436700724e-10,-2.096029281616211,10.392157077789307,9.125611377669429e-10
1117,-1.7641968727111816,110.03377342224121,1.8025924503062285e-11,-2.767057418823242,392.66149163246155,5.370513755931228e-11,198.18549299240112,1.958709955215454,1.2375375030293512e-11,-0.7284317016601562,394.26686239242554,3.233493334198201e-11,-2.0507993698120117,398.83677887916565,8.003878115836471e-10,2.078817129135132,-6.4795637130737305,3.6224983013255496e-09,6.799955129623413,399.6025643348694,4.068223813380456e-10,-0.3998260498046875,1.228489875793457,3.98958283076567e-10,-1.0481185913085938,399.3787593841553,2.5683963289502287e-10,-5.089995384216309,-4.250898361206055,2.7350960038474703e-11,3.991231160238385,-1.7368512153625488,1.0545203599221509e-10,196.98421674966812,-4.317573547363281,3.59148058515224e-11,-2.1854329109191895,4.803497791290283,2.061675691278353e-10,2.034136414527893,-1.6563844680786133,3.2386426873642904e-10,-2.1862993240356445,384.63130235671997,1.056701393054027e-09,-2.349663257598877,9.838061332702637,7.440283944504245e-10
1118,-1.753469467163086,142.26258206367493,2.0706755754495987e-11,-2.507232666015625,392.5047483444214,4.8886124315306034e-11,134.64290857315063,2.8799877166748047,5.264075200045459e-12,-0.4833707809448242,394.18834376335144,2.2357846476972476e-11,-2.3311691284179688,399.026029586792,7.8286749305434e-10,1.7497262954711914,-6.487011909484863,2.5223743094215934e-09,6.887176036834717,399.65142583847046,3.7950767528549534e-10,-0.5502486228942871,1.163583517074585,2.8433244647629863e-10,-0.8999161720275879,399.6471402645111,2.2098689544947092e-10,-5.171871185302734,-4.375703811645508,1.7248522055091087e-11,4.263334631919861,-1.8522062301635742,8.740746321178605e-11,4.664441823959351,-6.496148109436035,1.7239805069624303e-11,-2.324432373046875,4.66727614402771,1.3799099363165368e-10,1.944101095199585,-1.9579362869262695,1.9286697239273565e-10,-1.8790168762207031,384.36434960365295,7.980235916527079e-10,-2.5827579498291016,9.817794799804688,4.976066225736986e-10
1119,-1.7782578468322754,142.24839186668396,2.202659062089385e-11,172.53155899047852,49.92056369781494,1.5040275969102623e-10,183.011549949646,2.6960147619247437,1.0032039435281526e-11,-0.39607906341552734,394.2895452976227,3.5986737895177257e-11,-1.9759612083435059,398.78816318511963,9.649033794190132e-10,1.7211110591888428,393.50698614120483,2.6946731512822453e-09,6.634373188018799,399.19769978523254,5.236890920912174e-10,-0.6254076957702637,1.2521395683288574,3.2493654988918763e-10,-0.7922482490539551,399.5518000125885,2.793456022054386e-10,-5.023988723754883,-4.37946891784668,1.7527699777697414e-11,3.9388884007930756,-1.8230772018432617,8.906005100062231e-11,4.482705324888229,-6.310502052307129,1.9159278330516116e-11,-2.191993236541748,4.704323351383209,1.4816137205997393e-10,1.9878478050231934,-1.9851255416870117,1.952681211170315e-10,4.906535744667053,391.6223020553589,7.684257674611672e-10,-2.7437663078308105,9.454710483551025,4.860870039813392e-10
1120,-1.7351183891296387,142.27899432182312,2.6065934133345792e-11,-4.229874610900879,92.20367594063282,4.023602631630929e-11,198.5753321647644,2.321562647819519,1.6730087801231086e-11,-0.639307975769043,394.55257391929626,1.5072776360369744e-11,-1.8661742210388184,100.9070053100586,1.0048594178968528e-09,2.1413131952285767,-6.215513229370117,1.874412181024354e-09,6.736181974411011,399.42538142204285,3.1551589119160894e-10,-0.6517143249511719,1.3266119956970215,1.8857969352747972e-10,-0.6101651191711426,400.09538650512695,1.7504390992240104e-10,-2.170912742614746,91.26090043783188,1.6337455693848923e-11,3.6870906054973602,-1.8050427436828613,5.103413525109346e-11,197.20540833473206,-4.045526504516602,2.4327468858831303e-11,-2.4287710189819336,4.969986617565155,7.730177609133193e-11,2.5995514392852783,-2.266073226928711,1.0203932143681982e-10,-2.472085952758789,384.56726717948914,4.898564887056978e-10,-2.364511489868164,10.17521858215332,6.070846048089606e-10
1121,-1.8240957260131836,142.14482641220093,2.5076210205532412e-11,-2.9276418685913086,392.41174840927124,4.979738496557751e-11,198.40179014205933,2.0858110189437866,9.913289807095271e-12,-0.5080909729003906,394.34182941913605,2.4859008948552308e-11,-1.7315220832824707,116.96013927459717,9.624293584309385e-10,2.1865384578704834,-6.709742546081543,3.322409902750678e-09,6.918254137039185,399.48532485961914,3.639179235737089e-10,-0.6015114784240723,1.1544239521026611,3.252726421543173e-10,-0.6224808692932129,399.74610710144043,2.373770624508609e-10,-5.073428153991699,-4.578495979309082,2.2363220650301052e-11,3.9304520040750504,-1.422563076019287,1.5380771656303693e-10,3.9642414897680283,-6.083104133605957,4.195816263874441e-11,-2.290328025817871,4.03345051407814,2.591549475017274e-10,2.077561378479004,-1.4959611892700195,3.064157261256639e-10,-2.4321117401123047,384.8956775665283,8.592690448061546e-10,-2.9514684677124023,9.13069772720337,5.694304472392275e-10
1122,-2.2987399101257324,126.48309063911438,2.79889965371094e-11,-3.0100317001342773,392.4524300098419,5.1216000190867916e-11,-7.556992530822754,-0.9525141716003418,9.545817261646938e-12,-0.784398078918457,394.55749702453613,2.714106717149889e-11,-1.9383201599121094,132.99944400787354,8.545342766730357e-10,1.7978718280792236,-6.685948371887207,3.985546115359284e-09,6.626200199127197,399.3572289943695,3.997451536452701e-10,-0.5054917335510254,1.0175964832305908,4.508321493901235e-10,-0.6196532249450684,399.72462344169617,2.53841087038964e-10,-4.995326042175293,-4.232121467590332,3.754389507615308e-11,4.16048626601696,-1.8031978607177734,2.0027965397240166e-10,4.120980553328991,-5.96341609954834,7.21787560276077e-11,-2.135181427001953,4.07693649828434,3.191894804022155e-10,1.865445613861084,-1.740203857421875,3.92296806150938e-10,-2.3663840293884277,384.72384905815125,7.377893296300897e-10,-2.572397232055664,9.097830772399902,8.71943739433334e-10
1123,-1.5176949501037598,142.14336347579956,1.9341354906554642e-11,-2.9960670471191406,392.57714438438416,4.805015760278586e-11,197.89335870742798,2.124603033065796,9.408423692902623e-12,-0.943699836730957,394.4592833518982,2.3621259462314192e-11,-1.8758134841918945,398.8967628479004,7.18127002308222e-10,2.0357404947280884,-6.660717010498047,3.998749775746546e-09,6.681274175643921,399.6598744392395,3.9254008377120897e-10,-0.5358786582946777,0.8854625225067139,3.986220797891349e-10,-0.617098331451416,399.74345111846924,2.270695437234238e-10,-4.808805465698242,-4.518232345581055,3.27195839866512e-11,4.368989139795303,-1.7466259002685547,2.2870864924140477e-10,3.980029344558716,-5.9185380935668945,6.32363189589924e-11,-2.502762794494629,3.863770544528961,3.2407806993539623e-10,2.0548990964889526,-1.561765193939209,3.799639769486163e-10,-2.492143154144287,384.7743170261383,6.675218156004803e-10,-2.5973377227783203,9.158318519592285,7.708816918139405e-10
1124,-1.6615920066833496,142.09396076202393,2.9898711978448844e-11,-3.076240062713623,392.38909006118774,4.733201677820098e-11,-8.410029411315918,-0.584317684173584,8.8923018254361e-12,-0.880094051361084,394.4629942178726,2.255676548323926e-11,-2.115128993988037,148.8361873626709,9.292048797071573e-10,1.8018290996551514,-6.479918479919434,3.547124594049933e-09,6.644955396652222,399.50640749931335,3.279588822735491e-10,-0.39176225662231445,1.146117925643921,4.976322687255674e-10,-0.6494712829589844,399.76937556266785,2.3259714987400315e-10,-4.937244415283203,-4.462738990783691,2.8737463797501306e-11,3.9071350693702698,-1.7370009422302246,1.0997490418329647e-10,4.389932483434677,-6.064006805419922,3.0428222441702957e-11,-2.122860908508301,4.903631687164307,2.0716681148336136e-10,1.9307012557983398,-1.858283519744873,3.3583039127371705e-10,-2.0977783203125,384.738805770874,6.871236357675059e-10,-2.3857874870300293,9.934247970581055,7.05538572010056e-10
1125,-2.002408981323242,142.48730397224426,2.5610282991528344e-11,-4.115435600280762,140.56935155391693,3.4386566510891114e-11,183.38456058502197,2.496272921562195,1.5431159822165696e-11,-0.6998720169067383,394.5265648365021,2.164935418436098e-11,-1.9761033058166504,149.2231731414795,8.177977184331553e-10,2.6895419359207153,-5.984274864196777,2.596270531896039e-09,6.607108116149902,399.36404490470886,3.144003668520412e-10,-0.5976424217224121,1.5640711784362793,2.947777577588795e-10,-0.879908561706543,399.60143756866455,1.778835412302726e-10,-5.417255401611328,-4.078464508056641,1.8170215332347084e-11,3.6142947673797607,-1.8829269409179688,5.901754085435584e-11,197.9785887002945,-4.277480125427246,3.310906063203056e-11,-2.137082576751709,5.106253147125244,1.11845331607352e-10,2.2892794609069824,-2.1560516357421875,1.7109895444900047e-10,-2.075413227081299,384.7230944633484,5.073620412687774e-10,-2.320283889770508,9.984018325805664,8.555454122927131e-10
1126,-1.7485551834106445,142.11673164367676,1.9185533370325025e-11,-3.204561233520508,392.5381591320038,3.820137262078305e-11,-7.961507797241211,-0.8801732063293457,7.947371059857655e-12,-0.7216634750366211,394.62151980400085,2.2128748486394123e-11,-1.734999179840088,398.99366641044617,6.931325513548359e-10,1.7221813201904297,-6.977412223815918,3.3147133926547667e-09,6.465453147888184,399.21457290649414,3.424207029034676e-10,-0.2935042381286621,1.2682256698608398,4.0837336290344695e-10,-0.6622223854064941,399.8088219165802,1.9383021576668824e-10,-4.832053184509277,-4.835314750671387,3.048532606908516e-11,4.108771786093712,-1.8948493003845215,1.7210376179743747e-10,3.946565069258213,-5.948719024658203,5.106315023595265e-11,-2.286940574645996,4.0766081511974335,2.7319485562671275e-10,2.004713296890259,-1.836306095123291,4.0553169156076763e-10,-2.3146204948425293,384.5046591758728,4.276582421525177e-10,-2.7776083946228027,9.281173706054688,6.087148562983202e-10
1127,-5.257336616516113,3.886578433215618,1.80051702713957e-11,-2.8422975540161133,392.3289337158203,4.95673016520648e-11,-7.774538040161133,-0.2669963836669922,1.1129793267561361e-11,-0.47568750381469727,394.25840532779694,3.645061683044126e-11,-1.8258614540100098,398.9112505912781,9.196799433119907e-10,2.1848593950271606,-6.554697036743164,4.512874962614433e-09,6.724816083908081,399.2387647628784,5.294611415962436e-10,-0.7505712509155273,1.1989758014678955,5.070669994999832e-10,-0.5705647468566895,399.57432985305786,2.8174387822765823e-10,-5.175420761108398,-4.339354515075684,4.227917668742087e-11,3.956642247736454,-1.7152647972106934,1.7742912694629354e-10,4.244328394532204,-5.785158157348633,6.892431764216056e-11,-2.2628488540649414,4.370406270027161,3.3264474508243325e-10,2.2535605430603027,-1.8130073547363281,4.256003327540725e-10,4.80975466966629,391.6565132141113,7.209128849439139e-10,-2.5770301818847656,9.304893493652344,1.0375346137792008e-09
1128,-1.8330497741699219,142.38309907913208,2.1763498989080254e-11,-2.9231467247009277,392.4038827419281,4.4184898795318617e-11,-7.90254020690918,-0.7901105880737305,8.085067337848528e-12,-0.8539214134216309,394.3721911907196,3.0456671906708976e-11,-1.621877670288086,149.0551996231079,8.520977257120421e-10,2.111947774887085,-6.869333267211914,3.8255736356518355e-09,6.702897787094116,399.3974995613098,4.578068202309993e-10,-0.15812301635742188,1.0528850555419922,3.966584838366316e-10,-0.7695889472961426,399.64252495765686,2.415870559158151e-10,-4.8041276931762695,-4.5980072021484375,3.2740685163012984e-11,4.449230134487152,-1.724435806274414,2.37706909711477e-10,3.978070992976427,-5.985969543457031,4.853215745947992e-11,-2.436530113220215,3.8752465918660164,3.043288121507004e-10,1.9861023426055908,-1.694580078125,3.782170687749442e-10,-2.2667484283447266,384.6148853302002,5.606994868401216e-10,-2.7969908714294434,9.372030258178711,7.06947611561759e-10
1129,-1.8318595886230469,142.2324435710907,2.516345985748014e-11,-2.6541218757629395,392.4941301345825,5.170627814798934e-11,182.46599054336548,2.2918412685394287,1.561302649666363e-11,-0.7104458808898926,394.4032469987869,2.785941442817741e-11,-2.1334166526794434,132.9560203552246,7.544906921452821e-10,2.0487717390060425,-6.566001892089844,2.6697080102167092e-09,6.883492469787598,399.46219062805176,4.1588010812887433e-10,-0.4323558807373047,0.7835838794708252,3.598359665790696e-10,-1.0503082275390625,399.7044937610626,2.2688426137840167e-10,-5.398773193359375,-4.668600082397461,2.2704779029103506e-11,4.280318081378937,-1.6792182922363281,1.1794534793274636e-10,4.20729561150074,-6.588269233703613,1.8696898196335354e-11,-1.9910006523132324,4.361028015613556,1.501430646477786e-10,1.950155258178711,-1.7320947647094727,2.058033465868192e-10,-1.9546542167663574,384.56650400161743,9.251479582417232e-10,-2.448103427886963,9.427448272705078,5.662170177167525e-10
1130,-1.7594795227050781,189.92663192749023,2.410980963485354e-11,-2.7841601371765137,392.5704884529114,7.89876011819679e-11,-7.878352165222168,-0.621427059173584,9.433544223558243e-12,-0.5013332366943359,394.51953959465027,4.6064364128683977e-11,-1.7009668350219727,399.12350940704346,1.2651691916332197e-09,2.246906280517578,-6.509319305419922,4.18708223648423e-09,6.53806734085083,399.3683168888092,7.001094703973365e-10,-0.5538654327392578,0.9599044322967529,4.503542816447492e-10,-0.5178298950195312,400.00537061691284,3.607740495237266e-10,-5.030269622802734,-4.451043128967285,3.499202316792349e-11,4.320941060781479,-1.4742484092712402,2.1634380398261044e-10,4.069340221583843,-5.946730613708496,5.604062700004242e-11,-2.333709239959717,3.978371687233448,3.1369415398607714e-10,1.8664815425872803,-1.5585131645202637,4.278369325483311e-10,5.092418551445007,391.79938650131226,8.318589705957891e-10,-2.6191816329956055,9.331712245941162,7.777372634798496e-10
1131,-1.6770644187927246,126.2773585319519,2.239049397279036e-11,-2.486042022705078,392.249210357666,7.186692907446002e-11,-7.505555152893066,-0.7070398330688477,1.1026722070150985e-11,-0.39632320404052734,394.3021903038025,3.6547657261687405e-11,-1.8836255073547363,398.8052728176117,1.072394506529406e-09,2.2235684394836426,-6.697934150695801,4.644217010962848e-09,6.812462568283081,399.34847807884216,5.123722557343058e-10,-0.28467321395874023,1.1485822200775146,4.722175428462094e-10,-0.8730359077453613,399.7297501564026,2.919325892136726e-10,-5.126865386962891,-4.342787742614746,4.052740087967521e-11,4.195686802268028,-1.5146150588989258,2.7346802600192177e-10,3.7837072759866714,-5.784600257873535,7.633577797649949e-11,-2.1994800567626953,3.856897324323654,3.8305439375996286e-10,2.0916601419448853,-1.4767327308654785,4.409029807916909e-10,-1.7463278770446777,384.7135148048401,1.5106667028419452e-09,-2.701709747314453,9.163290977478027,8.80273853809399e-10
1132,-1.8967866897583008,110.42741894721985,2.516547387143575e-11,-2.5930728912353516,392.42410588264465,5.66016955527715e-11,182.42705631256104,2.5670160055160522,1.752241927943654e-11,-0.597196102142334,394.4123339653015,4.039111753395552e-11,-2.10874605178833,399.1535265445709,9.835122716239653e-10,2.007205009460449,-6.7444658279418945,3.950248572692772e-09,6.597039461135864,399.385751247406,5.790013468676136e-10,-0.6670918464660645,1.102982997894287,4.2327774618655667e-10,-0.9026174545288086,399.43984842300415,3.0359598168772095e-10,-5.074337005615234,-4.265530586242676,2.8239204377666915e-11,3.909928560256958,-1.8071699142456055,1.4227874434169507e-10,4.246107995510101,-6.040099143981934,5.811840592118145e-11,-2.336794376373291,4.194404944777489,2.9294994208228786e-10,2.159188389778137,-1.643202304840088,3.716317531488045e-10,-1.8608746528625488,385.0188229084015,7.755953101984403e-10,-2.7151622772216797,9.028480052947998,7.294608805885616e-10
1133,-1.8470969200134277,110.23128819465637,1.7450842854094262e-11,-2.746854782104492,392.5344798564911,4.139220910470698e-11,119.35152435302734,3.602687746286392,8.933732226212854e-12,-0.5861554145812988,394.3809096813202,2.6782328091390362e-11,-2.0194592475891113,399.10853028297424,7.444755922847435e-10,2.2106302976608276,-6.583157539367676,3.076398247259249e-09,6.893157720565796,399.51785588264465,4.2105532949143765e-10,-0.3704490661621094,0.9949586391448975,4.4501241580618967e-10,-0.8192987442016602,399.86919808387756,1.9083752633708428e-10,-5.166452407836914,-4.3573198318481445,2.4082371513634016e-11,3.825057864189148,-1.7463841438293457,9.163036995829543e-11,4.515121281147003,-6.188891410827637,2.878134709727309e-11,-2.2205519676208496,4.722931087017059,1.7480067393549348e-10,2.024844765663147,-1.8773179054260254,2.828379752628507e-10,-1.9834842681884766,384.5532088279724,5.578832396047062e-10,-2.397942543029785,9.735512256622314,7.585844175039824e-10
1134,-1.7979025840759277,109.97647178173065,1.898499413233168e-11,-2.2122011184692383,392.02180790901184,7.479051405967496e-11,-7.958484649658203,-0.5759005546569824,8.20330955941806e-12,-0.08851861953735352,393.9578764438629,5.355364415815522e-11,-2.064100742340088,398.6751232147217,1.4610360699052194e-09,1.3091413974761963,393.40707087516785,4.287079136133798e-09,7.281039237976074,399.44292426109314,8.298907117065824e-10,-0.5584688186645508,1.0141024589538574,4.4631889850599293e-10,-0.4646000862121582,399.5903868675232,3.76997016937608e-10,-5.127729415893555,-4.896907806396484,2.9369617848828966e-11,4.005008238367736,-1.7909431457519531,1.4605533449341124e-10,4.220638453960419,-5.833613395690918,5.409735159833673e-11,-2.4533543586730957,4.185590103268623,2.7045529704672333e-10,2.0886573791503906,-1.9351935386657715,3.9673869745016077e-10,177.6557159423828,219.980355668813,3.947778104418376e-09,-2.6881847381591797,9.173344135284424,6.921549444705022e-10
1135,-1.6744279861450195,110.35914349555969,2.625709892567496e-11,-2.7086172103881836,392.465922832489,5.555500851017747e-11,182.79670238494873,2.3331339359283447,1.548422848274278e-11,-0.5384197235107422,394.31383085250854,4.026404903934022e-11,-1.409317970275879,116.71736907958984,1.219759182546909e-09,2.463682532310486,-6.691555023193359,3.6662830549261116e-09,6.823057651519775,399.5317814350128,5.370823785710854e-10,-0.701683521270752,1.0047507286071777,3.6121883262296706e-10,-0.5611166954040527,399.4992117881775,3.045802499102024e-10,-5.223846435546875,-4.325590133666992,2.4088986014247915e-11,4.017189506441355,-1.3214287757873535,1.5861020830065797e-10,4.069840930402279,-6.089244842529297,4.580546358878834e-11,-2.5075063705444336,4.140449360013008,2.598691817290444e-10,2.3761802911758423,-1.4450998306274414,3.1372524023076664e-10,4.915897846221924,391.6698970794678,8.516671812230925e-10,-0.7422494888305664,99.918986171484,7.439872606873621e-10
1136,-2.2377357482910156,126.3568274974823,4.432315972580092e-11,-2.550811290740967,392.22025752067566,4.996444577520798e-11,197.88772869110107,1.9843649864196777,8.741342719109646e-12,-0.6419992446899414,394.1723265647888,2.525067481495835e-11,-1.8993430137634277,132.64509773254395,1.2115788372568659e-09,1.8453443050384521,-6.59535026550293,2.7057409646147335e-09,6.9213478565216064,399.53941893577576,3.554227190338821e-10,-0.7352361679077148,1.07735276222229,3.398246684049866e-10,-0.9434943199157715,399.4688527584076,2.2923404841002082e-10,-2.1056933403015137,122.71892178058624,2.2898004672922134e-11,4.103143334388733,-1.8746013641357422,8.433612141978131e-11,196.84068661928177,-4.002939224243164,2.4437875334459846e-11,-2.251142978668213,4.81567907333374,1.3611854698947212e-10,2.262024164199829,-1.9712629318237305,1.736273763652818e-10,-2.017360210418701,385.0319700241089,1.1035169444895132e-09,-2.6452388763427734,9.769081592559814,6.314896938697245e-10
1137,-1.5618720054626465,110.09429883956909,2.6933346178315e-11,-2.5119309425354004,392.6544964313507,5.4520599840346406e-11,-7.879858016967773,-0.5968594551086426,9.110402536538498e-12,-0.6904606819152832,394.3137836456299,3.108819798813833e-11,-1.966808795928955,116.61625957489014,9.998084582463207e-10,1.8992750644683838,-6.75759220123291,3.789161873157809e-09,6.947238922119141,399.5635869503021,4.886563931272292e-10,-0.4503045082092285,1.0639331340789795,4.6387080288035065e-10,-0.5781278610229492,399.7246744632721,2.96049490478012e-10,-5.0054216384887695,-4.650010108947754,3.397486805778449e-11,4.267600446939468,-1.9101905822753906,1.7724546830244492e-10,4.086941406130791,-5.916407585144043,6.041157157854471e-11,-2.4252710342407227,4.0959262996912,2.973221668867154e-10,1.991121530532837,-1.8493428230285645,4.4690071088204775e-10,4.98418116569519,391.5414500236511,8.610245294526919e-10,-2.691039562225342,9.082173347473145,7.251120259788024e-10
1138,-1.7537035942077637,110.40420055389404,3.198834946926965e-11,-4.231536865234375,108.12971712648869,4.752868584811942e-11,-7.630633354187012,-0.8757829666137695,1.001599757993743e-11,-0.7927713394165039,394.3651841878891,1.9440513435164952e-11,-1.4595561027526855,116.8915901184082,1.1618594975004726e-09,2.0820614099502563,-6.777853012084961,4.5131329784453555e-09,6.910755157470703,399.671808719635,3.3355582185201627e-10,-0.2539539337158203,1.1346707344055176,4.588444901809652e-10,-0.9842300415039062,399.60724544525146,2.0383483789743195e-10,-4.877676010131836,-4.592555046081543,3.7754514792265326e-11,4.165060505270958,-1.713155746459961,2.61067972795459e-10,3.6725893020629883,-5.684969902038574,7.381267125294855e-11,-2.3147740364074707,3.7568356692790985,3.5220640293154304e-10,2.1084688901901245,-1.509577751159668,4.230710781705227e-10,177.4307198524475,220.26065835356712,3.2755083090307835e-09,-2.729506015777588,9.155069828033447,8.491287672995895e-10
1139,-1.8629755973815918,126.16340684890747,2.5302065997934164e-11,-2.7202882766723633,392.59818029403687,3.4847628255230134e-11,182.78244733810425,2.877098798751831,7.964397370774368e-12,-0.5574541091918945,394.2529391050339,2.018615136156754e-11,-1.9174375534057617,132.60376644134521,8.803611728502858e-10,1.8061244487762451,-6.557529449462891,2.6174720169080956e-09,6.9985551834106445,399.4283390045166,3.3851788039385156e-10,-0.5179929733276367,0.9346935749053955,3.0142191520532435e-10,-0.845583438873291,399.66566133499146,1.8695339720764537e-10,-5.14462947845459,-4.262912750244141,1.665355180147099e-11,3.7082859575748444,-1.9289727210998535,7.434989429677685e-11,4.221681639552116,-6.677212715148926,2.035157806168364e-11,-2.0689592361450195,4.806428611278534,1.436832042234215e-10,2.128078579902649,-2.0728116035461426,2.5642263312697366e-10,-1.905867099761963,384.63068747520447,8.207026724882382e-10,-2.670085906982422,9.617215156555176,5.032591010589726e-10
1140,-1.5489964485168457,142.15121626853943,2.8049441241906337e-11,-4.224041938781738,107.8781423419714,3.711796495164954e-11,198.51325511932373,2.2930843830108643,9.915294280071763e-12,-0.621833324432373,394.19878578186035,1.775204462595159e-11,-2.0567874908447266,148.98953342437744,9.258523947508479e-10,1.8890862464904785,-6.599658966064453,4.533009523299825e-09,6.738234043121338,399.3578040599823,3.148024063648336e-10,-0.5417423248291016,1.0139431953430176,4.6317413793239837e-10,-0.8382058143615723,399.6632914543152,1.7493208270824567e-10,-5.147090911865234,-4.4634809494018555,3.51876548732033e-11,4.277677148580551,-1.4341797828674316,2.377545105236578e-10,4.0671272575855255,-5.939436912536621,6.804704022478347e-11,-2.494436740875244,3.946901485323906,3.474563414762599e-10,2.295992851257324,-1.284914493560791,4.2783612763663825e-10,-1.9847102165222168,384.74291920661926,5.84995718533321e-10,-2.4951772689819336,8.936617851257324,8.360424019748791e-10
1141,-2.0818161964416504,142.3709578514099,3.183138128082241e-11,-2.678959369659424,392.62030959129333,5.1917855431460325e-11,-8.496253967285156,-0.3773379325866699,7.325987906592335e-12,-0.5890183448791504,394.37649977207184,3.288751562746661e-11,-1.510880470275879,148.78498935699463,1.140946337407911e-09,1.8936264514923096,-6.583672523498535,3.0879676593542627e-09,6.711379766464233,399.3485429286957,5.550906956308665e-10,-0.47561025619506836,1.283881425857544,3.389436786793709e-10,-0.647435188293457,399.59393405914307,2.805673193773117e-10,-5.144625663757324,-4.265411376953125,2.2743525812662924e-11,4.310346782207489,-1.801915168762207,1.133497254390825e-10,4.402240335941315,-6.403756141662598,2.420255315604969e-11,-2.349423408508301,4.576026201248169,1.7766958737563954e-10,1.884084701538086,-1.7318658828735352,2.5818891469242544e-10,-2.0436010360717773,384.5482852458954,8.026518893977652e-10,-2.545320510864258,9.638706684112549,5.921444445888824e-10
1142,-2.346693515777588,94.4093337059021,2.3324210618458352e-11,-4.565889358520508,92.13494300842285,3.728001587988139e-11,182.4277639389038,2.6314687728881836,2.0085988428064638e-11,-0.7269682884216309,394.4422940015793,2.4485604516177872e-11,-1.1712970733642578,100.82223510742188,9.257658528660784e-10,1.7631499767303467,-6.520688056945801,2.448376390518092e-09,6.529530763626099,399.546058177948,3.1164917868586883e-10,-0.6485099792480469,1.144897222518921,2.7500948740488695e-10,-0.8108792304992676,399.9753911495209,2.117542668989003e-10,-2.500342845916748,90.57371354103088,1.8292652115281527e-11,4.149250075221062,-1.5653934478759766,7.870442492174945e-11,133.0645717382431,-2.341216564178467,2.189803373353616e-11,-2.3223514556884766,4.8140749335289,1.2357125045436845e-10,2.23557186126709,-1.868600845336914,1.6592084650657313e-10,4.744386792182922,391.8244261741638,4.989866853044589e-10,-2.7170004844665527,9.605178833007812,4.668914144190239e-10
1143,-1.831277847290039,142.40595841407776,2.1173436268173695e-11,171.3948056101799,66.93272972106934,4.6416970961304926e-11,182.35478830337524,2.0661340951919556,7.278688068934613e-12,-0.690526008605957,394.5718443393707,2.3252606437540457e-11,-1.1963062286376953,100.74861431121826,8.244587235139988e-10,1.8809752464294434,-6.560002326965332,3.024038797150297e-09,6.765648126602173,399.52051067352295,3.014063720829796e-10,-0.4983534812927246,1.2241826057434082,3.5882510851514837e-10,-0.7861723899841309,399.90809178352356,1.9014467778077915e-10,-5.213000297546387,-4.435149192810059,2.0842072859239558e-11,4.122502200305462,-1.7816081047058105,8.614282204222334e-11,4.537268757820129,-6.389235496520996,2.2568384661081353e-11,-2.331144332885742,4.900792956352234,1.5535504827024482e-10,1.9919753074645996,-1.943432331085205,2.5861818242489676e-10,-1.9886279106140137,384.69514870643616,5.413969828005349e-10,-2.3253531455993652,9.771663665771484,5.698813088095278e-10
1144,-1.842818260192871,142.26104474067688,1.9274182944117868e-11,-2.9595394134521484,392.82604241371155,4.4974801660657704e-11,-8.642521858215332,-0.556856632232666,7.923261005626792e-12,-0.7212152481079102,394.30462872982025,2.7077569353384234e-11,-1.7973294258117676,399.1567804813385,7.238559751598928e-10,1.8988146781921387,-6.486102104187012,3.0833120501227995e-09,6.808852195739746,399.2851219177246,2.8404464891274017e-10,-0.4832735061645508,1.132772445678711,3.504794787723142e-10,-1.1648650169372559,400.17864179611206,1.749924927185731e-10,-5.0971221923828125,-4.298822402954102,2.1678029163418877e-11,3.967207469046116,-1.8528432846069336,9.402543327263757e-11,4.470619946718216,-6.392611503601074,1.9088404468181608e-11,-2.3398499488830566,4.839478075504303,1.5947020093332043e-10,1.881131649017334,-1.8107094764709473,2.343159555273644e-10,-2.003650665283203,384.6617171764374,5.469603103769316e-10,-2.5261764526367188,10.038236141204834,5.698889138372465e-10
1145,-1.5035767555236816,157.85662758350372,1.8541812182859552e-11,-2.979753017425537,392.70499897003174,4.05640555867226e-11,-8.597000122070312,-0.36160802841186523,9.77560133536004e-12,-0.7137722969055176,394.2812740802765,2.19881422097723e-11,-1.8040485382080078,133.1330270767212,9.987926041787887e-10,2.1728304624557495,-6.530211448669434,3.6453016161175356e-09,6.761192083358765,399.4939384460449,2.900106543801684e-10,-0.34659242630004883,1.1268329620361328,4.3549791550745454e-10,-0.7889723777770996,399.84775590896606,2.043611391222555e-10,-5.019357681274414,-4.268632888793945,2.9152069647153667e-11,4.160440728068352,-1.626375675201416,1.0696973862245329e-10,4.509199917316437,-6.285562515258789,2.993266051687371e-11,-2.430382251739502,4.9025989174842834,1.947756261833078e-10,2.1214780807495117,-1.4982290267944336,3.388848368590658e-10,-2.2276554107666016,384.87639474868774,5.374820033487993e-10,-2.2381362915039062,10.07328987121582,7.854505379434329e-10
1146,-1.5984125137329102,189.98183226585388,1.6529786220353948e-11,-2.940326690673828,392.4359304904938,4.284729168690937e-11,103.42114162445068,2.7214581966400146,8.45410980804262e-12,-0.6594142913818359,394.32659137248993,2.2264055182796838e-11,-1.9332447052001953,398.9891676902771,7.413624159013921e-10,2.2499932050704956,-6.61970329284668,2.565895940165319e-09,6.5590667724609375,399.26802468299866,3.600494902222806e-10,-0.4990715980529785,1.1238203048706055,2.7248345246810857e-10,-0.7639827728271484,399.79420804977417,2.11749812129014e-10,-5.271639823913574,-4.168267250061035,1.7163326315738914e-11,3.999913136474788,-1.5276837348937988,8.520355254670875e-11,197.40995633602142,-3.2904787063598633,1.8975583257474504e-11,-2.2002553939819336,4.492785573005676,1.359626022878757e-10,2.0246007442474365,-1.9221644401550293,1.859171983031871e-10,-2.3132638931274414,384.80693793296814,5.372575717643713e-10,-2.695103645324707,9.810378551483154,4.818049847976624e-10
1147,-1.575425624847412,158.0699965953827,1.9294045527917802e-11,-2.762977123260498,392.45194935798645,4.8852474149319036e-11,-8.91484260559082,-0.8592367172241211,6.8741123904203505e-12,-0.6206479072570801,394.3552346229553,2.5858747434992502e-11,-2.0616660118103027,101.03545570373535,7.733572671142497e-10,1.4912185668945312,393.6615059375763,2.343486737999001e-09,6.778010845184326,399.20590376853943,3.501013090545513e-10,-0.5085735321044922,1.3323626518249512,3.195762543484193e-10,-0.9732179641723633,399.7954134941101,2.1626829493914812e-10,-5.353819847106934,-4.430693626403809,2.261358635069488e-11,4.340945601463318,-2.034666061401367,8.973544823875912e-11,197.74407815933228,-4.730283737182617,2.2647946018583553e-11,-2.5085182189941406,4.9198920130729675,1.5031614841731766e-10,2.078163266181946,-1.7291746139526367,1.829597723324028e-10,-1.7194337844848633,384.6478805541992,8.655329231110898e-10,-2.1464266777038574,10.163830757141113,6.567129617884859e-10
1148,-1.8508763313293457,126.47552800178528,1.9923788313613855e-11,-2.8190107345581055,392.8362488746643,4.4652389424859606e-11,214.22613906860352,2.1804850101470947,8.656228511760844e-12,-0.46315908432006836,394.391881942749,2.145258450048093e-11,-1.816516399383545,399.2930850982666,8.093560821542667e-10,2.1695438623428345,-6.560153007507324,3.7394998209094865e-09,6.689811944961548,399.1968412399292,3.3529784504438e-10,-0.595768928527832,0.9253270626068115,4.0984346472150435e-10,-0.942011833190918,399.92186307907104,2.366596085767725e-10,-5.106498718261719,-4.738263130187988,3.1346134021781324e-11,4.320240378379822,-1.6665306091308594,1.9268386886039934e-10,4.253853350877762,-5.839804649353027,5.1397820027832e-11,-2.4271016120910645,3.9668520390987396,3.0387234395412577e-10,2.1305696964263916,-1.7470760345458984,3.621743460691107e-10,4.9048983454704285,391.701452255249,5.087273380333102e-10,-2.688274383544922,9.328575134277344,7.040276139846924e-10
1149,-1.753326416015625,126.2929437160492,2.6008228556917423e-11,-2.931180477142334,392.5322153568268,4.952081106290862e-11,166.33115816116333,2.5735867023468018,8.61137029739556e-12,-0.5674886703491211,394.35054779052734,2.98905553086648e-11,-1.7613005638122559,399.0451376438141,9.391203370512358e-10,1.8995583057403564,-6.3456525802612305,2.7807469660245943e-09,6.6465232372283936,399.41906785964966,5.010791781501212e-10,-0.6201648712158203,1.2011985778808594,3.0800895167715225e-10,-0.4710712432861328,400.0758514404297,2.746808058784467e-10,-5.111821174621582,-4.282828330993652,1.8417179240004522e-11,4.15780434012413,-1.8223495483398438,8.541182344723453e-11,213.71035718917847,-4.238407135009766,1.997203097348077e-11,-2.2529478073120117,4.673182368278503,1.601954541241568e-10,1.7291243076324463,-1.9579529762268066,2.2974748492554653e-10,5.0846498012542725,391.6288299560547,6.872402646962428e-10,-2.679213047027588,9.744845390319824,5.172287043109236e-10
1150,-1.6214823722839355,126.48245811462402,2.5142301435243652e-11,-2.9578614234924316,392.4865050315857,5.348535850324687e-11,183.36324977874756,2.80366587638855,9.406574477677232e-12,-0.5142345428466797,394.3535181283951,3.5088463384846946e-11,-2.1026477813720703,132.85283374786377,9.293980030022908e-10,2.2087745666503906,-6.590749740600586,3.756664312959401e-09,6.527705430984497,399.2174415588379,5.025588278861903e-10,-0.38953351974487305,1.0385346412658691,4.086881666420794e-10,-0.7013225555419922,399.587943315506,2.508914187515643e-10,-4.895692825317383,-4.585634231567383,3.0211361190524144e-11,4.369762182235718,-1.6664190292358398,1.8867070405992337e-10,4.132171228528023,-5.965824127197266,4.538377312846009e-11,-2.446777820587158,4.116687193512917,2.8714355893022514e-10,2.041685461997986,-1.533144474029541,3.804781489868958e-10,-2.13299560546875,384.5998752117157,8.751377400528781e-10,-2.7130446434020996,9.526795864105225,6.973135402432717e-10
1151,-1.8409452438354492,189.92079877853394,2.2565933496809798e-11,-2.948364734649658,392.3565137386322,4.870268771606234e-11,-7.665555953979492,-0.7093992233276367,9.143043093462477e-12,-0.52960205078125,394.4133219718933,3.109039067861197e-11,-1.6986794471740723,398.9640245437622,8.977383836317188e-10,2.3105984926223755,-6.596342086791992,4.3375973923787114e-09,6.545961856842041,399.25217366218567,5.064145769395623e-10,-0.5519418716430664,0.9581868648529053,4.4208356420050166e-10,-0.5145807266235352,399.85599756240845,2.386017772249005e-10,-4.911563873291016,-4.410297393798828,3.6201600744911744e-11,4.406710535287857,-1.5007290840148926,2.4657145769602096e-10,4.161916121840477,-6.0087890625,6.463278523494154e-11,-2.4156622886657715,3.89734960347414,3.567491302369774e-10,2.040546178817749,-1.5688409805297852,3.953608274098741e-10,4.790971219539642,391.6624822616577,5.313327000600054e-10,-2.6051907539367676,9.214760780334473,8.905601256437023e-10
1152,-1.9045696258544922,110.49626731872559,2.0148417656518092e-11,-2.57792329788208,392.4325919151306,5.5226646172856775e-11,198.11255073547363,2.227083444595337,7.519226560837033e-12,-0.35001230239868164,394.1688801050186,4.2395541938189396e-11,-2.4460525512695312,398.8959786891937,1.0713354647862161e-09,2.0916377305984497,-6.586836814880371,3.1274378642365264e-09,6.755475044250488,399.3632209300995,6.204803337794829e-10,-0.4759964942932129,1.4210572242736816,2.70259342682877e-10,-0.7728042602539062,399.5241160392761,3.048196972610384e-10,-5.323409080505371,-3.9898972511291504,1.8693546710579767e-11,-2.2321133613586426,399.08743238449097,8.92898394111441e-11,4.3724366426467896,-6.692571640014648,2.39810254987205e-11,-2.264599323272705,4.542813420295715,1.6808941738499783e-10,2.0758063793182373,-1.6828866004943848,2.4256591180105147e-10,-1.4368548393249512,384.43976759910583,1.127557158753234e-09,-2.7183151245117188,9.862513542175293,6.145441933114171e-10
1153,-1.6694607734680176,142.2251057624817,1.909222779872266e-11,-2.8247146606445312,392.3788561820984,4.229934458255258e-11,182.56116104125977,2.425123691558838,1.8650169950062967e-11,-0.7594022750854492,394.38837826251984,2.3732760548456078e-11,-2.2125158309936523,132.987961769104,6.759161008673686e-10,1.5557615756988525,-6.636533737182617,2.3862327669377237e-09,6.590190410614014,399.50596737861633,3.364811484996011e-10,-0.8297529220581055,1.016749382019043,3.244466917351474e-10,-0.7360572814941406,399.76960158348083,2.1726842547309388e-10,-4.897096633911133,-4.465749740600586,1.7921056999492535e-11,3.943712040781975,-1.8574442863464355,8.404370949177675e-11,197.2201292514801,-4.091965675354004,2.5721114474408502e-11,-2.2938709259033203,4.792991876602173,1.2604187138443024e-10,2.210738182067871,-2.028240203857422,1.8252999112178259e-10,-1.881441593170166,384.750586271286,7.391866008177317e-10,-2.841851234436035,9.8434419631958,4.480597559641808e-10
1154,-1.8985981941223145,142.31145000457764,2.7687619558180998e-11,-2.4882431030273438,392.5936563014984,4.386756582985818e-11,182.64891242980957,2.608803868293762,1.8257133652110902e-11,-0.40701770782470703,394.1118885278702,2.7990224721330392e-11,-2.151520252227783,148.95389938354492,8.735717704766444e-10,2.0556358098983765,-6.7306060791015625,3.01338132224771e-09,6.873965263366699,399.4548852443695,4.726050106818036e-10,-0.3276185989379883,1.4724938869476318,2.536595933300134e-10,-1.044480323791504,399.67089319229126,2.4873059167873635e-10,-4.920744895935059,-4.2428436279296875,1.8487711361814263e-11,3.808322638273239,-1.8410296440124512,9.030307751567435e-11,4.2779578268527985,-6.4714155197143555,1.9719594013256625e-11,-2.124176025390625,4.621845960617065,1.5934735475564565e-10,1.809349775314331,-1.8783044815063477,2.788574648970865e-10,-1.5970349311828613,384.3165957927704,7.715348360193275e-10,-2.9526867866516113,9.912804126739502,4.890797211665188e-10
1155,-1.4616961479187012,110.31947636604309,2.69054657026091e-11,-2.6925973892211914,392.42512345314026,5.483774892511839e-11,182.5460705757141,2.980612277984619,7.968485246645507e-12,-0.5297164916992188,394.1263539791107,2.9970421977498773e-11,-1.1407008171081543,116.78069686889648,1.2871459453833722e-09,1.516932725906372,393.58906507492065,2.7534818869412447e-09,6.902039289474487,399.4913694858551,4.935120645477298e-10,-0.4679570198059082,1.3439667224884033,2.8596300327699e-10,-0.7782349586486816,399.80844259262085,2.6965329968930973e-10,-1.899686336517334,107.28244316577911,2.078427187302001e-11,-1.9732112884521484,398.8404817581177,7.225644388375585e-11,116.96131002902985,-2.6663260459899902,1.7639011778980418e-11,-2.046980381011963,4.8863285183906555,1.315434150495065e-10,2.0528769493103027,-1.7296767234802246,1.9156216890525712e-10,-2.0557103157043457,384.59849548339844,9.192591132745065e-10,-0.632199764251709,100.05769135430455,8.038975041202434e-10
1156,-1.502851963043213,189.94940721988678,2.291622447359032e-11,-2.6108345985412598,392.36426997184753,6.279928660424261e-11,182.20572471618652,2.4497807025909424,7.792273770679259e-12,-0.2867856025695801,394.1509029865265,4.2124071591986834e-11,-2.0140600204467773,398.64263224601746,8.97496965635014e-10,1.822331428527832,-6.652683258056641,2.8339919300179872e-09,6.75463342666626,399.18908643722534,4.763571204158268e-10,-0.3819003105163574,1.3940768241882324,2.63768784591889e-10,-1.128662109375,399.5975525379181,2.734476811649955e-10,-4.962556838989258,-4.177972793579102,1.8067679297129047e-11,3.7878857403993607,-1.6539206504821777,8.972346476898707e-11,387.27147179841995,-0.2165360450744629,4.722163979287153e-11,-2.0600056648254395,4.66239869594574,1.4038237239333284e-10,1.854520320892334,-1.8408293724060059,2.4107338347789664e-10,-1.6040639877319336,384.35704231262207,1.3213744542994732e-09,-2.616163730621338,10.047605991363525,4.729602820496837e-10
1157,-1.5137548446655273,173.82587146759033,2.1250548196127816e-11,-2.49031400680542,392.60749793052673,5.5016484423742185e-11,-7.799315452575684,-0.8212847709655762,9.838545776685859e-12,-0.299013614654541,394.1728228330612,3.983072552338207e-11,-2.2031803131103516,398.5915193557739,1.0328018440475262e-09,1.7766046524047852,-6.757384300231934,3.797475223166202e-09,6.972285270690918,399.4360685348511,5.822795023924243e-10,-0.4033942222595215,1.0004644393920898,4.792423680122226e-10,-0.7366681098937988,399.3891792297363,3.131023496028007e-10,-4.965391159057617,-4.928767204284668,3.3703977109222905e-11,4.266702055931091,-1.8453764915466309,1.8658113942748855e-10,4.18510340154171,-5.992916107177734,5.4225138268471085e-11,-2.3807806968688965,4.0136717995628715,2.996408954292207e-10,1.9633266925811768,-1.836036205291748,4.525008145961351e-10,-1.432009220123291,384.5146572589874,1.2840857266382955e-09,-2.485255241394043,9.084393501281738,6.64115817894384e-10
1158,-2.050262451171875,110.3781008720398,2.909157810482288e-11,-2.4923510551452637,392.62181878089905,4.9509098209998825e-11,-9.131474494934082,0.4131960868835449,7.658497967744093e-12,-0.48459482192993164,394.355987906456,3.284225669197838e-11,-1.991384506225586,398.78865671157837,8.628691094969554e-10,2.659440517425537,-6.266680717468262,2.969618329018431e-09,6.853376150131226,399.3888909816742,5.28061316895645e-10,-0.5273113250732422,1.4870641231536865,3.1934899169527853e-10,-0.747744083404541,399.41233825683594,2.619812977666669e-10,-5.462581634521484,-4.110054016113281,2.6215911386184843e-11,4.228922605514526,-2.098886013031006,7.571283877627621e-11,4.258702218532562,-6.307757377624512,2.0348511070578112e-11,-2.091695785522461,4.933960437774658,1.3648485119865938e-10,2.338613510131836,-1.3554668426513672,2.4580046331657e-10,-1.942488193511963,384.4495418071747,8.608833645951108e-10,-2.179603099822998,10.563467502593994,1.0202982902995927e-09
1159,-1.9515199661254883,142.35442352294922,2.3379081656726974e-11,-2.6613645553588867,392.4561266899109,5.967736027567838e-11,198.21778869628906,2.1100237369537354,1.0291178499655107e-11,-0.3408660888671875,394.31079971790314,4.138171055823037e-11,-1.8586044311523438,398.69665932655334,1.0118255122648634e-09,2.839304804801941,-5.999428749084473,3.4893552491865876e-09,6.877765893936157,399.22131609916687,5.693543969620407e-10,-0.4710574150085449,1.311051368713379,4.748675896948384e-10,-0.6344151496887207,399.6016709804535,2.8083663172751017e-10,-5.272021293640137,-4.564024925231934,3.0019795677072025e-11,3.668390542268753,-1.7437834739685059,7.938558838072041e-11,4.500414252281189,-6.252782821655273,3.035969739495492e-11,-2.1003174781799316,5.201688170433044,1.486530620820048e-10,2.344269037246704,-1.9257631301879883,2.6087981774836067e-10,-2.221078872680664,384.51229548454285,9.137630097022509e-10,-1.8236908912658691,9.942293643951416,1.2692951134596342e-09
1160,-1.665583610534668,142.14809846878052,2.3262676507318503e-11,-2.413158416748047,392.55285906791687,4.490477087393252e-11,182.83765602111816,2.296164035797119,2.1291364504794075e-11,-0.29427385330200195,394.1082090139389,2.371601699746595e-11,-2.2765345573425293,149.1111011505127,8.138376084154686e-10,1.8395135402679443,-6.782061576843262,4.392890051718723e-09,6.961980104446411,399.47055292129517,4.670259179384573e-10,-0.5074834823608398,1.2143561840057373,5.452167051167578e-10,-0.7456202507019043,399.5743534564972,2.2770058061283294e-10,-5.021759986877441,-4.612148284912109,4.2817797918370815e-11,4.192813411355019,-2.0675954818725586,2.0903112574188754e-10,4.648087322711945,-6.204777717590332,6.693382653688573e-11,-2.3014984130859375,4.265621334314346,3.835661233075882e-10,2.336714029312134,-1.8660650253295898,4.973020883980439e-10,-1.8665685653686523,384.33954334259033,8.063499867816404e-10,-2.43314790725708,8.711288928985596,9.190960215121891e-10
1161,-1.8442134857177734,126.36135649681091,2.5959361396599157e-11,-2.5074119567871094,392.3560845851898,6.25586318858673e-11,-8.530963897705078,-0.8418378829956055,4.785130191392595e-12,-0.6169204711914062,394.3647737503052,3.1296069902264634e-11,-1.8545894622802734,398.7924394607544,8.407501361773484e-10,1.9460012912750244,-6.534473419189453,2.382253505572862e-09,6.739602565765381,399.3300700187683,3.9171588195330287e-10,-0.6472454071044922,0.8628716468811035,2.824465661355191e-10,-1.039167881011963,399.5264732837677,2.737357285287345e-10,-5.547913551330566,-3.9712610244750977,1.6986162476584354e-11,3.768787145614624,-1.6181988716125488,6.786816247883465e-11,4.710240185260773,-6.645151138305664,2.1169800287768048e-11,-2.4529619216918945,4.786421418190002,1.1570908814428904e-10,2.2220805883407593,-1.7101497650146484,1.8600622431197422e-10,-1.7884082794189453,384.7075538635254,1.7169139443495851e-09,-2.4909920692443848,10.140813827514648,6.270990393630882e-10
1162,-1.5814471244812012,110.4583830833435,2.771869019035922e-11,-4.091054916381836,108.21190404891968,4.694504160407398e-11,183.00311040878296,2.984304189682007,7.863145898290291e-12,-0.6518616676330566,394.20568203926086,2.1908730038489033e-11,-1.3510088920593262,116.8729305267334,1.2540074534328483e-09,2.737067699432373,-6.131569862365723,4.139872444852699e-09,6.910907983779907,399.5294976234436,3.7969738464482816e-10,-0.3544654846191406,1.4787240028381348,4.3951256523122595e-10,-0.7789077758789062,399.4990870952606,2.1223139912152078e-10,-5.074028968811035,-4.124214172363281,3.5490631267176553e-11,3.6856605112552643,-1.4361605644226074,1.65191096912487e-10,3.9729514084756374,-5.878358840942383,6.099021981897934e-11,-2.228245258331299,4.444880962371826,2.608235849521634e-10,2.427532911300659,-1.8480181694030762,3.227290379381742e-10,-2.1083202362060547,384.65117383003235,8.012172036941934e-10,-2.1114087104797363,9.492209911346436,1.3337487780873403e-09
1163,-1.664309024810791,142.1106026172638,2.217019449968216e-11,-2.4933104515075684,392.31678199768066,5.589448348608528e-11,-8.421271324157715,-0.14099359512329102,9.450887121509322e-12,-0.5470223426818848,394.211696267128,3.2719146836335256e-11,-1.5831279754638672,100.72305297851562,8.887105495958281e-10,2.3366005420684814,-6.521706581115723,3.729192954438076e-09,6.787178039550781,399.31103110313416,4.478752368974881e-10,-0.39346837997436523,1.1641035079956055,4.51191722872224e-10,-0.9059691429138184,399.5362277030945,2.552889843965289e-10,-5.122175216674805,-4.186960220336914,2.8201257301629923e-11,3.9457001388072968,-1.9952988624572754,1.0360825392075057e-10,4.995633363723755,-6.389677047729492,2.6808033223857386e-11,-1.9406218528747559,4.913127779960632,2.0634104147543297e-10,2.3584816455841064,-1.7560534477233887,3.4418209948761103e-10,-1.9765777587890625,384.5459415912628,1.0027610963803113e-09,-2.446094036102295,9.577187538146973,7.799195178570528e-10
1164,-1.6885719299316406,142.31263089179993,2.4446547217116255e-11,-4.019339561462402,140.71194344758987,3.552205751766735e-11,-7.945061683654785,-0.5357351303100586,8.637772788699927e-12,-0.5329184532165527,394.28826677799225,2.505732600577293e-11,-1.759760856628418,149.06369495391846,8.815709273690686e-10,1.8667898178100586,-6.819622039794922,3.944127691113408e-09,6.748375415802002,399.2471294403076,4.391940700010366e-10,-0.29459619522094727,1.3355607986450195,4.696280031524225e-10,-0.7216458320617676,399.6219162940979,1.8667083157009046e-10,-4.887438774108887,-4.5923614501953125,3.1951028628407485e-11,4.0542597733438015,-1.7791762351989746,1.7305308575021883e-10,3.9774048924446106,-6.096441268920898,5.418088894204587e-11,-2.123011589050293,4.218566417694092,3.031625783744829e-10,1.9174213409423828,-1.735450267791748,5.009682668699611e-10,-1.8788557052612305,384.49844121932983,5.844001949029121e-10,-2.658820629119873,9.155762195587158,6.903736471386424e-10
1165,-2.1045989990234375,190.13751554489136,2.411344041108876e-11,-2.6781692504882812,392.5107116699219,4.687713064943644e-11,103.29172039031982,2.9186296463012695,9.258673688838925e-12,-0.8575797080993652,394.3256376981735,2.6607835726388807e-11,-2.0275912284851074,132.9304027557373,9.795003697021798e-10,1.448070764541626,393.52016592025757,2.5105908463274318e-09,7.064641952514648,399.6810691356659,3.915388568920264e-10,-0.7074604034423828,1.308929681777954,2.1119600512875536e-10,-0.6021285057067871,399.6779613494873,2.591163672516217e-10,-5.614049911499023,-4.191789627075195,1.3845441286519655e-11,-2.061619281768799,398.9846396446228,6.582338146765565e-11,197.23819649219513,-3.756746768951416,2.299218454515639e-11,-2.393911361694336,4.645246982574463,9.669036404869047e-11,2.233682870864868,-2.161884307861328,1.3898603101747398e-10,-1.9347801208496094,384.75497794151306,7.946167057681919e-10,-2.5211400985717773,9.825922966003418,5.065430297435114e-10
1166,-2.2991466522216797,110.3250184059143,2.8097579818364693e-11,-2.6208033561706543,392.5895366668701,4.700650979572174e-11,118.96218824386597,3.1257254481315613,6.043862025434388e-12,-0.3993964195251465,394.28961420059204,4.039943726774631e-11,-2.037564754486084,398.7661728858948,9.875554818350452e-10,2.2502084970474243,-6.528675079345703,3.354726718640677e-09,6.987621307373047,399.21304965019226,6.645859418341615e-10,-0.5622859001159668,0.9595956802368164,3.547759030997355e-10,-0.8146657943725586,399.5203158855438,2.5961602312385423e-10,-4.848302841186523,-4.37451171875,2.6882994094701296e-11,4.325040131807327,-1.6810698509216309,1.7063910007220073e-10,4.158487379550934,-5.934208869934082,4.0325996014667354e-11,-2.455714702606201,4.218815863132477,2.550879507623449e-10,1.988893747329712,-1.6736912727355957,3.039673790450337e-10,-1.8050622940063477,384.86489391326904,1.1220584461568706e-09,-2.8000011444091797,9.675472259521484,6.932580620677697e-10
1167,-1.523836612701416,142.05406141281128,3.700203685119696e-11,-2.564668655395508,392.6646976470947,5.884927267718609e-11,-8.733881950378418,-0.6409354209899902,5.541687334714718e-12,-0.40897178649902344,394.14375591278076,3.75448248879362e-11,-2.0357565879821777,148.6210012435913,1.1454948101174978e-09,1.6582467555999756,393.736257314682,3.1147877610493424e-09,6.9493937492370605,399.45781660079956,5.40199440735023e-10,-0.7395367622375488,1.1374037265777588,2.9612062801831485e-10,-0.6701760292053223,399.65385842323303,3.241033830203577e-10,-1.737846851348877,139.159006357193,1.8579481703140388e-11,-1.9565081596374512,399.01611709594727,8.113186511504722e-11,198.16764283180237,-4.778750419616699,2.1817653586553298e-11,-2.2761354446411133,4.811449289321899,1.406511712653824e-10,2.147871971130371,-1.921299934387207,1.8988734196145884e-10,-1.7339210510253906,384.72261333465576,1.0785690118808589e-09,-2.7302803993225098,9.607261657714844,5.254700563561698e-10
1168,-1.7456731796264648,126.44489407539368,3.748843943607305e-11,-2.747008800506592,392.63598442077637,4.32016332430063e-11,-8.525739669799805,-0.27904844284057617,5.654296909157752e-12,-0.4158005714416504,394.3874546289444,2.988474051557333e-11,-2.236248016357422,132.95893669128418,1.123771964373077e-09,2.0342289209365845,-6.627169609069824,2.8813120778181656e-09,6.935356140136719,399.4719228744507,4.590554880667952e-10,-0.34171438217163086,1.5686724185943604,2.9340010976319775e-10,-0.6383452415466309,399.9119493961334,2.4009505494859695e-10,-5.049373626708984,-4.295785903930664,1.8892304387563286e-11,3.763084203004837,-1.6927423477172852,8.99410684818136e-11,4.2595259845256805,-6.523477554321289,2.0637991315908266e-11,-2.0417089462280273,4.687159538269043,1.5738761682815294e-10,1.9831628799438477,-1.7183647155761719,2.546786115331656e-10,-1.825261116027832,384.4441604614258,8.524521644126537e-10,-2.8343167304992676,9.781646251678467,5.437814087905224e-10
1169,-1.766324520111084,126.35652470588684,2.074027408149881e-11,-2.696826934814453,392.4017469882965,5.244895490141843e-11,198.21011018753052,2.4238967895507812,8.424267360085391e-12,-0.728057861328125,394.6096353530884,2.6272477249289494e-11,-1.4730854034423828,116.89703178405762,8.979267884789977e-10,1.8751575946807861,-6.811811447143555,3.4693599104684836e-09,6.711251735687256,399.48961567878723,3.542410254020467e-10,-0.4656538963317871,1.0433261394500732,3.522359626195737e-10,-0.7907881736755371,399.9326162338257,2.294076872910722e-10,-5.179140090942383,-4.347784996032715,2.540943150330932e-11,3.932500921189785,-1.8637375831604004,1.4111606327915638e-10,3.957247029989958,-6.102231979370117,4.869646352823054e-11,-2.4324707984924316,4.246308743953705,2.623178341210064e-10,2.071851968765259,-1.9956645965576172,3.282824567740761e-10,-2.0994367599487305,384.63170289993286,8.531450546023223e-10,-2.7466964721679688,9.338907241821289,6.249676332004128e-10
1170,-1.5115399360656738,158.0160882472992,1.7733635740424525e-11,-2.7034101486206055,392.3384611606598,5.541648043227987e-11,150.4580955505371,3.4308528304100037,7.024790037862827e-12,-0.6128506660461426,394.29292821884155,2.1381464307412834e-11,-1.8331384658813477,398.8635971546173,7.611671293261679e-10,1.4429810047149658,393.6839711666107,2.108278440715594e-09,6.840401887893677,399.47320342063904,3.679430093939118e-10,-0.3905782699584961,1.0642170906066895,2.5442226103677967e-10,-0.8966183662414551,399.75971126556396,2.2628569851246283e-10,-5.213784217834473,-4.324398040771484,1.3861559469696694e-11,4.083057336509228,-1.7711577415466309,5.85003295805464e-11,197.40694320201874,-4.111011505126953,2.333204116022891e-11,-2.5537519454956055,4.743272185325623,1.007361347116209e-10,2.143146514892578,-1.9112491607666016,1.514309649897072e-10,-2.3441944122314453,384.57519030570984,1.0905940595051788e-09,-2.4353017807006836,10.241357326507568,4.579212564692625e-10
1171,-1.468503475189209,173.79586350917816,2.6966909608128198e-11,-2.8461837768554688,392.11565232276917,4.801378739038853e-11,-8.510954856872559,-0.34952640533447266,1.0506590389369741e-11,-0.6906943321228027,394.3998347520828,2.5370447062633694e-11,-1.8947176933288574,133.0984649658203,9.244018328580239e-10,1.9704272747039795,-6.509467124938965,3.673135351434098e-09,6.692501068115234,399.4047203063965,4.206980874776889e-10,-0.4907073974609375,1.2190344333648682,4.995027724774559e-10,-0.6189384460449219,399.6573965549469,2.3605056798103874e-10,-5.0654191970825195,-4.456228256225586,2.7443507535918066e-11,4.054145779460669,-1.9158706665039062,1.0339406414372476e-10,4.663205862045288,-6.072944641113281,2.8718284694750906e-11,-2.327206611633301,4.932202577590942,1.9854150268283632e-10,2.2359858751296997,-1.6479458808898926,3.3535157983877184e-10,-2.1093907356262207,384.75112986564636,1.2906884450103462e-09,-2.332448959350586,9.6987943649292,7.481139596698938e-10
1172,-1.9851832389831543,190.01099371910095,2.6515782625136097e-11,-2.6126184463500977,392.2141833305359,6.632647903126454e-11,119.5455756187439,2.9976446628570557,7.225682292083535e-12,-0.6828351020812988,394.2731684446335,3.210638005457511e-11,-1.7415580749511719,398.86766505241394,9.923383226251303e-10,1.5638113021850586,393.5113334655762,3.048681085360272e-09,6.759507656097412,399.43377590179443,5.627340815550497e-10,-0.6731247901916504,0.9836292266845703,3.5433428413611523e-10,-0.8330297470092773,399.55137300491333,2.9271424173415994e-10,-5.003249168395996,-4.662075042724609,2.1370171257584225e-11,4.260703295469284,-1.8316617012023926,1.133825811017175e-10,4.059009272605181,-6.118002891540527,3.547249646795869e-11,-2.5740809440612793,4.279176652431488,1.9294349451470794e-10,2.177591919898987,-1.9779367446899414,3.0925045857443934e-10,-2.12961483001709,384.84898233413696,1.4152907734654718e-09,-2.829911231994629,9.320471286773682,4.792871655112663e-10
1173,-1.4136967658996582,173.79248344898224,1.686432937741955e-11,171.26937013864517,66.33878087997437,6.981875494416201e-11,198.4884738922119,2.5413012504577637,1.1652628514879915e-11,-0.8072943687438965,394.3451317548752,1.9469233517033224e-11,-2.2192230224609375,132.8371181488037,7.175149918658974e-10,2.1935157775878906,-6.485198974609375,2.783230090841471e-09,6.797657012939453,399.4479489326477,3.3452043912696183e-10,-0.4850888252258301,1.0376362800598145,3.605628573488673e-10,-0.9000163078308105,399.68203115463257,1.7514709127475214e-10,-5.586374282836914,-4.512529373168945,2.0882819778966777e-11,3.999857397095184,-1.7732739448547363,9.984359172765522e-11,5.070877432823181,-6.546258926391602,1.9247036256442307e-11,-2.1274447441101074,4.7208640575408936,1.4865476904990516e-10,2.3989996910095215,-1.9212255477905273,1.958040674043815e-10,-2.3270673751831055,384.7473495006561,7.249668643183327e-10,-2.7838406562805176,9.183421611785889,6.092351623188108e-10
1174,-1.3828673362731934,158.03545355796814,2.0919734694535563e-11,-2.816117763519287,392.43378233909607,5.926401730471653e-11,-8.804500579833984,-0.09210443496704102,1.1008271551260496e-11,-0.626246452331543,394.25350630283356,2.99060082253888e-11,-1.491786003112793,398.91526222229004,9.337922657337572e-10,1.8707325458526611,-6.832581520080566,3.1755915674835933e-09,6.552340269088745,399.2168028354645,4.934997965833077e-10,-0.6442251205444336,1.5845119953155518,4.5641093682213807e-10,-0.744542121887207,399.6045653820038,2.8676919172632154e-10,-5.420889854431152,-4.434807777404785,3.29891669537119e-11,4.001392708159983,-2.1001687049865723,1.0533383193456203e-10,4.472151011228561,-6.133323669433594,2.5422084576343096e-11,-2.2685341835021973,4.942689955234528,2.0986926085875268e-10,2.2787458896636963,-1.4815454483032227,3.016163152569362e-10,-2.004819393157959,384.7281274795532,1.0305232223117855e-09,-2.3392128944396973,10.192373275756836,8.683919139329532e-10
1175,-1.8450431823730469,189.97263431549072,2.3734616702575373e-11,-2.6946582794189453,392.6844675540924,4.606330941681058e-11,-7.803474426269531,-0.4652094841003418,9.384479304763715e-12,-0.3725757598876953,394.1470446586609,2.974524446197613e-11,-1.7904696464538574,399.065452337265,9.19464226978306e-10,2.2061387300491333,-6.496366500854492,4.5089687539245915e-09,6.996360778808594,399.41622519493103,4.537505371438044e-10,-0.6032204627990723,0.9484946727752686,4.833135558435231e-10,-0.8242487907409668,399.68070554733276,2.581057034767298e-10,-4.984889984130859,-4.732924461364746,3.824978528355061e-11,4.379873722791672,-1.7827911376953125,2.1994400745128928e-10,4.254356801509857,-5.9122419357299805,6.744515362866466e-11,-2.42964506149292,3.940947752445936,3.485442212625145e-10,2.0224905014038086,-1.6902894973754883,4.713797685518273e-10,4.905075490474701,391.7850775718689,9.42154243510629e-10,-2.4931626319885254,9.303399562835693,9.204837447818193e-10
1176,-1.841956615447998,142.36950778961182,2.1568198615984358e-11,-2.8968358039855957,392.82101821899414,5.898637134293949e-11,119.19821214675903,2.94753634929657,7.54704371913606e-12,-0.5513062477111816,394.29803919792175,3.9369011523016084e-11,-1.569493293762207,398.8049418926239,1.0300731378976025e-09,1.6578662395477295,393.85302352905273,2.6894204641081387e-09,6.680764436721802,399.2598114013672,5.327737140348177e-10,-0.6818356513977051,1.2823951244354248,2.924257780367867e-10,-0.7539815902709961,399.9694697856903,2.493685535842616e-10,-5.348484992980957,-3.991917610168457,1.7478025970962818e-11,4.02430903352797,-1.7820830345153809,7.839878746196405e-11,4.474818021059036,-6.334115982055664,1.6044459164032965e-11,-2.3663735389709473,4.914441287517548,1.318186809706745e-10,2.093800902366638,-1.7209982872009277,1.9081970725753905e-10,-1.8071212768554688,384.41484212875366,7.635547194517756e-10,-2.8276171684265137,10.081063747406006,4.602601078040891e-10
1177,-1.7218728065490723,142.19415616989136,1.633029128589314e-11,-2.8591933250427246,392.599960565567,3.963603403822624e-11,102.91309356689453,2.650407910346985,9.403633254023713e-12,-0.6094088554382324,394.236315369606,2.335626483884745e-11,-1.6695103645324707,116.91566276550293,8.571558463010831e-10,1.9164607524871826,-6.680534362792969,4.044790280488542e-09,6.849299669265747,399.553094625473,3.475882359715854e-10,-0.24346160888671875,1.305591344833374,3.8935757395996973e-10,-0.770653247833252,399.9870345592499,2.0985325976941027e-10,-4.876221656799316,-4.502455711364746,2.9198365947280536e-11,4.00767279881984,-1.7691545486450195,1.912992958486015e-10,3.9093614295125008,-6.1554765701293945,4.7658862967203675e-11,-2.2788920402526855,3.826015427708626,3.03076425067772e-10,1.956679105758667,-1.5852150917053223,4.314409662864449e-10,-2.0402088165283203,384.4670593738556,6.775425220872933e-10,-2.7493443489074707,9.290682315826416,7.025949266825648e-10
1178,-1.7539033889770508,110.35910558700562,2.5987004215188847e-11,188.94805818796158,49.872787952423096,5.128814040133989e-11,103.54149150848389,2.976688265800476,1.2294043387484077e-11,-0.8253321647644043,393.9610517024994,1.9880588494891605e-11,-1.6430449485778809,116.86899089813232,8.996599021315888e-10,1.8670589923858643,-6.934789657592773,3.3191800419274387e-09,6.759840488433838,399.42348980903625,3.054849428973938e-10,-0.5474624633789062,1.0729801654815674,4.1106246184696715e-10,-1.1915059089660645,399.7621555328369,1.947559474801963e-10,-4.763796806335449,-4.604800224304199,2.2831757318098056e-11,3.996976157417521,-1.609299659729004,1.267596166920626e-10,4.129826471209526,-6.212038040161133,3.5275147386437666e-11,-2.3494067192077637,4.391056090593338,2.1448298692661183e-10,1.9913544654846191,-1.9300293922424316,3.9282394004303e-10,-1.7344822883605957,384.71493339538574,6.825986442748899e-10,-2.8357510566711426,9.481937885284424,4.862168445640691e-10
1179,-2.0561013221740723,126.50295519828796,2.994596584593445e-11,-2.9118571281433105,392.3506019115448,4.4124516540566816e-11,-8.452282905578613,-0.7185287475585938,1.161576911046236e-11,-0.5878148078918457,394.32893097400665,2.9059357350980086e-11,-2.0388035774230957,133.16048431396484,9.762755048825511e-10,1.8988523483276367,-6.749212265014648,3.3310079139425852e-09,6.830960512161255,399.3902585506439,4.170589429364213e-10,-0.42107152938842773,1.3710596561431885,5.139921821495363e-10,-0.7324738502502441,399.7327871322632,2.2809222566255727e-10,-5.202917098999023,-4.300902366638184,3.4290417727511624e-11,4.033581778407097,-1.6931123733520508,1.2291236084482904e-10,4.612517595291138,-6.323975563049316,2.935734988440686e-11,-2.2907752990722656,5.093518853187561,2.3126517367799693e-10,2.3204824924468994,-1.5814704895019531,3.0361974046044793e-10,-2.070133686065674,384.5544650554657,8.166988196833813e-10,-2.5284132957458496,9.79783821105957,9.489696806141978e-10
1180,-1.9799180030822754,126.37522792816162,2.992347342134494e-11,-2.3634066581726074,392.38310980796814,6.057079143806376e-11,135.0997862815857,3.1291510462760925,8.328090821130285e-12,-0.5920648574829102,394.04646956920624,3.252061120395666e-11,-2.182180404663086,116.95317935943604,1.0731474597847068e-09,1.5016374588012695,393.5627250671387,3.354406530320375e-09,7.0012054443359375,399.6100652217865,5.015323711887731e-10,-0.5923538208007812,1.0634195804595947,3.6689462579175824e-10,-0.8824372291564941,399.4594712257385,3.4437908080775514e-10,-5.2480058670043945,-4.1458940505981445,2.4119374900100077e-11,4.1144252344965935,-1.764397144317627,9.746433521362619e-11,4.255922168493271,-6.337734222412109,2.6087123780604848e-11,-2.1377077102661133,4.524297833442688,1.7905690818942332e-10,2.1619551181793213,-1.67551851272583,2.671851073721143e-10,-1.8596611022949219,384.7919864654541,1.1451235515380631e-09,-2.607377529144287,9.70577621459961,6.823708820213881e-10
1181,-1.5488157272338867,126.70905900001526,1.8255671280220653e-11,-2.4960227012634277,392.260365486145,4.517563753636544e-11,-7.998603820800781,-0.6306748390197754,8.456142903956465e-12,-0.29059743881225586,394.0128779411316,2.848023726575999e-11,-1.6675138473510742,133.22347927093506,9.77699143867028e-10,2.008463740348816,-6.739775657653809,3.7167731115061997e-09,6.844071388244629,399.501633644104,4.5436981954694033e-10,-0.3680901527404785,1.2026340961456299,3.9026690212828896e-10,-0.9285702705383301,399.6852469444275,2.5682250770486803e-10,-4.985008239746094,-4.514405250549316,2.696212697550493e-11,4.06383740901947,-1.7675776481628418,1.477583888576106e-10,4.151815593242645,-6.202116012573242,5.314793743993462e-11,-2.460537910461426,4.024931952357292,2.4655688601882275e-10,1.9650843143463135,-1.9174199104309082,3.655374336553052e-10,4.804148733615875,391.6724109649658,8.74358530023045e-10,-1.0123786926269531,100.01613667048514,8.924238015239894e-10
1182,-1.4497265815734863,126.14092755317688,2.5850757298662153e-11,-2.529453754425049,392.15034437179565,5.5679860028190475e-11,-7.638980865478516,-0.6741218566894531,9.81595967702864e-12,-0.603766918182373,394.053827047348,2.930230363906716e-11,-1.5638628005981445,132.43411540985107,9.75503011702017e-10,1.8271763324737549,-6.653090476989746,4.572354495024911e-09,7.057786464691162,399.2411105632782,4.382451623818895e-10,-0.22198247909545898,1.2723748683929443,4.89484730525902e-10,-1.0986833572387695,399.4599220752716,2.692570333362454e-10,-4.940707206726074,-4.803186416625977,3.9052580613763155e-11,4.097855895757675,-1.92582368850708,2.0829563074364899e-10,4.2894198298454285,-5.955554008483887,8.09531747192338e-11,-2.273435115814209,3.9706813860684633,3.620990451924655e-10,1.9137039184570312,-1.9459776878356934,5.390003998684278e-10,-2.017073631286621,385.0436592102051,1.679142158650393e-09,-2.6750130653381348,8.82530403137207,8.647671467798546e-10
1183,-1.4953522682189941,141.98520958423615,2.4771776643839338e-11,-2.9580421447753906,392.59657526016235,4.4678972327405475e-11,-8.503131866455078,-0.28366613388061523,1.1810377328891342e-11,-0.5990839004516602,394.3870265483856,3.046957477992329e-11,-1.7694048881530762,148.5568561553955,8.634091774872843e-10,1.901014804840088,-6.363175392150879,3.8828908976995535e-09,6.5401833057403564,399.10794401168823,4.403835351940444e-10,-0.32414865493774414,1.3596594333648682,5.042276596256556e-10,-0.6520214080810547,399.42763805389404,2.3568708096277646e-10,-5.028715133666992,-4.460686683654785,3.26676359574396e-11,3.899462915956974,-1.9755802154541016,1.1876116756681654e-10,4.500369846820831,-5.933362007141113,3.6470087366735626e-11,-2.0381531715393066,4.958068132400513,2.561645062737483e-10,2.133954644203186,-1.5855803489685059,3.5049216307037057e-10,4.83105593919754,391.7505269050598,7.59970308905622e-10,-2.5326242446899414,9.684295177459717,9.360765496069234e-10
1184,-1.919621467590332,189.77588737010956,3.192927866546569e-11,-2.3495655059814453,392.5898640155792,5.5985494018528925e-11,103.52978181838989,2.795022130012512,6.8998461458247284e-12,-0.19298744201660156,394.18273985385895,3.281195107285306e-11,-2.000257968902588,398.8153223991394,1.0440079911688827e-09,1.9540205001831055,-6.694207191467285,3.3351084116617358e-09,7.183016300201416,399.45641112327576,5.77305314664045e-10,-0.8015017509460449,0.8991739749908447,3.4457092734641037e-10,-0.6688613891601562,399.84197902679443,2.754079186928493e-10,-5.159399032592773,-4.604910850524902,2.6138872316616713e-11,4.37575101852417,-1.9315314292907715,1.7925134987439861e-10,4.259683310985565,-5.9645538330078125,4.610013412675862e-11,-2.517209529876709,3.973697381094098,2.5848159723729225e-10,2.2956948280334473,-1.653425693511963,2.7903887533931027e-10,-1.7290873527526855,384.3674795627594,1.2324200548974318e-09,-2.9074835777282715,9.223028182983398,6.778385075456583e-10
1185,-1.9155607223510742,126.40694570541382,2.5344665602333727e-11,-2.699666976928711,392.6134030818939,4.8435703364768656e-11,-7.7066240310668945,-0.7590351104736328,8.752002594869523e-12,-0.5729289054870605,394.18132650852203,2.323766526424187e-11,-2.021080493927002,132.89610958099365,8.344587798525538e-10,2.0447040796279907,-6.605678558349609,4.073738679721828e-09,6.809636831283569,399.7380108833313,3.2470112709681587e-10,-0.5669422149658203,0.9049150943756104,4.303125633597915e-10,-0.9548063278198242,399.80366587638855,2.2095106300135114e-10,-4.984134674072266,-4.648111343383789,3.3515891451063595e-11,4.418053239583969,-1.6083154678344727,2.164833173834424e-10,4.1371923089027405,-5.954475402832031,6.218033726801409e-11,-2.454362392425537,3.913274198770523,3.305235252160088e-10,2.1028183698654175,-1.5173578262329102,3.970846984557852e-10,-2.0436654090881348,384.7980864048004,9.43798039720889e-10,-2.580995559692383,9.16761064529419,7.812818725305704e-10
1186,-1.8556575775146484,126.52509427070618,2.8088843750939674e-11,-2.973214626312256,392.60124039649963,3.238739831878945e-11,135.0257658958435,3.2332854866981506,8.745611006222287e-12,-0.5839629173278809,394.2208968400955,2.520265419969636e-11,-2.1812496185302734,133.08892822265625,8.394298034453129e-10,1.7597980499267578,-6.496552467346191,2.722565728419113e-09,6.705998659133911,399.3006536960602,4.4895973050351756e-10,-0.4783344268798828,0.9507961273193359,3.523011327111192e-10,-0.757936954498291,399.8224093914032,1.9343135426730385e-10,-5.053712844848633,-4.361150741577148,1.931595508541939e-11,4.013225711882114,-1.8955554962158203,7.573709714936427e-11,4.624604761600494,-6.302223205566406,2.1562564234134385e-11,-2.2536354064941406,4.832231521606445,1.4511537804740016e-10,1.9408531188964844,-2.042181968688965,2.3094513801336092e-10,178.4565590620041,230.09735870361328,3.714032459356531e-08,-2.467108726501465,9.768500328063965,5.882965781189853e-10
1187,-1.5752015113830566,110.31329226493835,1.9362284345292302e-11,-3.0184874534606934,392.80381774902344,4.406480388907674e-11,-8.57516098022461,-0.5220446586608887,5.338137917809682e-12,-0.6526350975036621,394.2941538095474,2.5242584064666396e-11,-1.7041325569152832,116.51500797271729,7.998063877856509e-10,1.8166136741638184,-6.455361366271973,2.6215589699063457e-09,6.833434104919434,399.3582284450531,3.9084047109838593e-10,-0.47392940521240234,1.0979866981506348,3.063549691706413e-10,-0.759697437286377,399.73071098327637,2.3103854940309532e-10,-5.156638145446777,-4.352705001831055,1.7185832618116237e-11,4.099982306361198,-1.8837628364562988,8.830210868060462e-11,4.54284805059433,-6.480997085571289,1.868909194069346e-11,-2.2294721603393555,4.640092372894287,1.4911366585934616e-10,1.7455785274505615,-1.9410758018493652,2.156438499989477e-10,4.760056376457214,391.69903230667114,6.504897176462521e-10,-2.6410398483276367,9.688682556152344,4.719662993757368e-10
1188,-2.1126351356506348,110.3964536190033,2.379281494047092e-11,-3.1285037994384766,392.94834780693054,3.522331037952853e-11,-7.80615234375,-1.125340461730957,7.049701968020461e-12,-0.6554760932922363,394.43278181552887,2.2197106999688465e-11,-1.8752412796020508,116.84118461608887,7.818259928349391e-10,1.8942527770996094,-6.476558685302734,3.1770455155566424e-09,6.70944356918335,399.3028221130371,2.7362978549660966e-10,-0.6015892028808594,0.8350315093994141,3.9242781246784375e-10,-0.9482383728027344,400.1615586280823,1.5527504282353277e-10,-5.049561500549316,-4.347809791564941,2.6245479747832867e-11,4.249864533543587,-1.6244993209838867,1.7230641913279499e-10,4.133163303136826,-6.099397659301758,4.110339846263855e-11,-2.1909565925598145,4.2065728306770325,2.5379995327590166e-10,1.8447980880737305,-1.686978816986084,3.033447937283995e-10,-2.207371711730957,384.53196144104004,4.90430474009429e-10,-2.8721566200256348,9.397331714630127,6.009693298558716e-10
1189,-1.719067096710205,142.20615243911743,2.048371368357227e-11,-2.691462993621826,392.6157371997833,4.6071393228208635e-11,198.56635189056396,2.7979236841201782,7.319814025741334e-12,-0.5259981155395508,394.22530686855316,2.7822985235181896e-11,-2.0901570320129395,398.83049988746643,8.202644674604187e-10,1.5775275230407715,-6.492653846740723,2.4232140738433827e-09,6.900496244430542,399.5270805358887,4.088198946039512e-10,-0.47816991806030273,1.2805850505828857,2.438378665647889e-10,-1.1043310165405273,399.6351709365845,2.42407732775618e-10,-5.153058052062988,-4.096231460571289,1.628546950072085e-11,3.9117142483592033,-1.7098455429077148,8.41638564397229e-11,4.297966957092285,-6.591218948364258,1.745953208398543e-11,-2.4146080017089844,4.67558091878891,1.43306880251437e-10,2.0920718908309937,-1.796332836151123,1.8064483242596907e-10,-1.4664907455444336,384.5153019428253,1.0625502699923572e-09,-2.7896060943603516,9.9536771774292,4.451796153936982e-10
1190,-1.4507732391357422,158.04446029663086,2.1049171086695573e-11,-3.0704822540283203,392.6618995666504,5.2031760844339914e-11,103.55453062057495,3.0432159900665283,1.0611943615512764e-11,-0.8028469085693359,394.586266040802,2.5531661854150123e-11,-1.529228687286377,399.134122133255,8.270037987756496e-10,1.8807263374328613,-6.608976364135742,2.641716845275255e-09,6.542190313339233,399.3616638183594,3.471741227834002e-10,-0.5167694091796875,1.2122199535369873,2.5176241646995834e-10,-0.515373706817627,399.9310927391052,2.3819163308402835e-10,-5.152499198913574,-4.065522193908691,1.973765768881197e-11,4.12636199593544,-1.6307697296142578,1.0512329201572967e-10,3.999980942773618,-6.513599395751953,1.879178583574781e-11,-2.369431495666504,4.483287423849106,1.5650482299012225e-10,2.0743958950042725,-1.6202940940856934,2.1441548536671462e-10,-2.2339272499084473,384.71226739883423,6.389151430141737e-10,-2.583489418029785,10.055974006652832,5.118712120832924e-10
1191,-1.5008182525634766,126.24340605735779,2.8225850476348846e-11,-2.7732653617858887,392.5142865180969,5.0989674288404174e-11,-7.580854415893555,-0.31162118911743164,1.045531456550508e-11,-0.6437544822692871,394.3527351617813,2.4176717919321966e-11,-2.03432035446167,132.54991149902344,1.0354330726158878e-09,2.2514458894729614,-6.597451210021973,4.588026847329729e-09,6.763535737991333,399.3862543106079,3.773243106852675e-10,-0.44675254821777344,1.0469977855682373,4.039121814791713e-10,-1.0482368469238281,399.84026551246643,2.383311326070725e-10,-4.887118339538574,-4.429878234863281,4.015276999780326e-11,4.143273398280144,-2.008512496948242,2.339100302339858e-10,4.654272258281708,-6.127042770385742,7.083442166155862e-11,-2.4801583290100098,4.121791377663612,3.820948002442037e-10,2.4608348608016968,-1.650763988494873,4.700805855684109e-10,-2.2293701171875,384.7205069065094,7.826092551788122e-10,-2.495506763458252,9.060085773468018,9.970244629897707e-10
1192,-1.3933830261230469,173.8405041694641,2.632213370878933e-11,427.9369441270828,224.56462478637695,7.289264331022949e-11,119.34703922271729,3.3825263381004333,8.045455794636336e-12,-0.8681254386901855,394.39380145072937,1.964942097920641e-11,-2.0078306198120117,149.00242042541504,7.490219555705835e-10,1.8850483894348145,-6.863184928894043,3.6041523099328288e-09,6.708532333374023,399.4492619037628,3.281553639933321e-10,-0.3825497627258301,0.9225938320159912,3.5596955938466124e-10,-0.9193615913391113,399.6928198337555,1.7200532664851664e-10,-4.985247611999512,-4.603255271911621,2.7898549789795446e-11,4.3760411739349365,-1.7073378562927246,2.0110417497942734e-10,4.004489314742386,-6.111118316650391,4.87527830606016e-11,-2.4098477363586426,3.9394212551414967,2.822112543654498e-10,1.9182860851287842,-1.4753026962280273,3.831669148635086e-10,-2.1329150199890137,384.6270589828491,7.984620742362836e-10,-2.7668380737304688,9.150843143463135,5.927692781071414e-10
1193,-1.525670051574707,142.19442224502563,2.064125780021353e-11,-2.7560925483703613,392.6935749053955,6.146353564995266e-11,-8.412328720092773,-0.9427719116210938,7.30851403701882e-12,-0.635014533996582,394.23874509334564,3.24319703037812e-11,-1.7060284614562988,398.9369738101959,8.820620345240116e-10,1.6240034103393555,-6.527922630310059,2.950996780270998e-09,6.672882556915283,399.1944785118103,4.530880948205862e-10,-0.2883028984069824,1.178548812866211,3.725629249551332e-10,-1.008021354675293,399.58993458747864,2.630312634366305e-10,-5.012458801269531,-4.522846221923828,2.224902727332445e-11,3.8340488225221634,-1.6935601234436035,1.1416945860931449e-10,4.3116981983184814,-6.199963569641113,2.0302454162290928e-11,-2.27687406539917,4.84294581413269,1.5832127275849928e-10,2.0538222789764404,-1.8426356315612793,2.467342441470066e-10,-2.1426448822021484,384.72570300102234,7.631980047939635e-10,-2.718416690826416,9.844894409179688,5.24714938165971e-10
1194,-5.329588890075684,4.3804377019405365,1.802193810851449e-11,-2.822695732116699,392.84306931495667,7.463362566850762e-11,-7.561402320861816,-0.5979700088500977,9.980945757381843e-12,-0.4726901054382324,394.28084564208984,4.0662126443713476e-11,-1.336658000946045,398.82094049453735,9.99677007840205e-10,1.9273085594177246,-6.615416526794434,4.428188482563655e-09,6.478024959564209,399.1490604877472,4.668879172164964e-10,-0.41804933547973633,1.1382529735565186,4.993160329647139e-10,-0.9077768325805664,399.6312553882599,2.86079188116517e-10,-4.903763771057129,-4.445398330688477,3.890812325102466e-11,3.931816130876541,-1.8002996444702148,2.0417685597795554e-10,4.049951907247305,-6.006325721740723,8.052613437170564e-11,-2.169187068939209,3.9994055274291895,3.436750328766891e-10,1.829930067062378,-1.8709583282470703,5.168165340130315e-10,-2.057063579559326,385.0224549770355,1.0435938779806975e-09,-2.715510845184326,8.874502658843994,9.310534010431581e-10
1195,-1.5738067626953125,142.26190733909607,2.220383946149873e-11,-2.8608736991882324,392.7616460323334,4.54764038926303e-11,198.3786964416504,2.1443138122558594,1.5064441014067675e-11,-0.6788606643676758,394.3163089752197,2.104347252007699e-11,-1.493201732635498,132.76339721679688,1.0679569450999793e-09,2.3727155923843384,-6.311155319213867,3.6948264448000145e-09,6.692035675048828,399.30001997947693,3.1391261812174776e-10,-0.7966785430908203,1.070486307144165,4.634958250537835e-10,-1.0519795417785645,399.83586406707764,2.096432055731512e-10,-5.347476005554199,-4.034857749938965,2.691290766632104e-11,3.9934125393629074,-1.5950379371643066,9.014784752015004e-11,4.518849611282349,-6.0538434982299805,2.988884487131749e-11,-2.257506847381592,5.01646089553833,1.7735098112314773e-10,2.4157209396362305,-1.57023286819458,3.071547738375813e-10,-2.0988473892211914,384.85522627830505,5.683171155901334e-10,-2.478640556335449,10.010692119598389,8.317035393723415e-10
1196,-2.0970582962036133,126.45649123191833,2.8967659868039952e-11,-2.9929089546203613,392.59565782546997,3.99516253413168e-11,182.11014938354492,2.4972370862960815,2.395720601067186e-11,-1.0047178268432617,394.4519350528717,1.9163077374928505e-11,-1.792708396911621,132.881742477417,1.114882075547996e-09,2.4867664575576782,-6.28959846496582,2.5469866216099035e-09,6.629397869110107,399.394802570343,2.978597091196633e-10,-0.4545440673828125,1.4007420539855957,3.0076835466630314e-10,-0.9482603073120117,399.77236676216125,1.934191834473964e-10,-5.577710151672363,-3.9019312858581543,1.9977668824777695e-11,3.7332229614257812,-1.5434608459472656,7.631233839289209e-11,196.9862361550331,-4.1028242111206055,3.552923927285789e-11,-2.1175599098205566,4.624496340751648,1.1855341708333356e-10,2.133010149002075,-2.0158438682556152,1.6692869309054004e-10,-2.1035561561584473,385.1121575832367,6.195933766051098e-10,-2.1776137351989746,9.430113315582275,7.743491403644498e-10
1197,-1.7055315971374512,126.26763701438904,3.167005199755657e-11,-2.723356246948242,392.67053866386414,4.6817806576004983e-11,103.23678064346313,2.5294874906539917,2.358294982907072e-11,-0.6567878723144531,394.2259591817856,2.4216408392452315e-11,-2.1653571128845215,132.87484073638916,1.0246120618617738e-09,2.1300668716430664,-6.641201972961426,2.285657441092326e-09,6.824370861053467,399.46365761756897,3.809602910909149e-10,-0.6423163414001465,1.2675085067749023,3.0725966215783274e-10,-0.9195904731750488,399.6576929092407,2.3207291643956296e-10,-2.279048442840576,90.73849213123322,1.803816818135573e-11,3.7798739969730377,-1.8390679359436035,6.831141208252234e-11,5.031628966331482,-6.292614936828613,1.5981693399225172e-11,-2.3089566230773926,4.991091012954712,1.4252889146693093e-10,2.6816885471343994,-1.934495449066162,1.9607501733354127e-10,4.84118914604187,391.66100454330444,8.068560819474158e-10,-3.1199846267700195,9.630634784698486,5.046144058162838e-10
1198,-1.8388981819152832,142.18661379814148,2.51302676584908e-11,-2.9129481315612793,392.61554074287415,4.427888611324704e-11,-8.030984878540039,-0.4063987731933594,1.0729090359207216e-11,-0.4449291229248047,394.23484885692596,2.074660408746265e-11,-0.8411836624145508,100.42428588867188,1.1915671782603e-09,2.0232865810394287,-6.726147651672363,4.527609398508048e-09,6.663639545440674,399.1725971698761,4.216436366721865e-10,-0.42803144454956055,1.1718854904174805,5.59101875907686e-10,-0.751124382019043,399.69815278053284,2.3734539333908344e-10,-4.880619049072266,-4.681818008422852,3.9548433972136365e-11,4.249378070235252,-1.8581271171569824,2.0880756845809145e-10,4.081302545964718,-5.8274946212768555,6.63011867629848e-11,-2.365448474884033,4.1313809007406235,3.2040267661237465e-10,1.9669787883758545,-1.8274555206298828,5.250933576839145e-10,4.78890985250473,391.6367449760437,6.977472488678416e-10,-2.6426124572753906,9.12580394744873,7.786902789241879e-10
1199,-1.7541089057922363,158.08894753456116,2.1146435297270116e-11,-2.617277145385742,392.448810338974,4.990073632082925e-11,182.6575517654419,2.7342939376831055,9.356293517726044e-12,-0.5058727264404297,394.2958617210388,3.5917137319874115e-11,-1.854773998260498,398.98024916648865,1.182050568537818e-09,1.7215964794158936,-6.80169677734375,3.484633248618252e-09,6.891874074935913,399.29137420654297,7.068707286173037e-10,-0.4834613800048828,1.1917850971221924,4.446789880763191e-10,-0.5177445411682129,399.6968746185303,3.2076588607488077e-10,-4.723194122314453,-4.643948554992676,2.6560276547571426e-11,4.096268251538277,-1.9112610816955566,1.3680334642884873e-10,4.172912091016769,-5.982916831970215,3.725492830897181e-11,-2.481250286102295,4.339922100305557,2.5929583480355234e-10,1.9865648746490479,-1.8469185829162598,3.8386327450012914e-10,-1.7708721160888672,384.5464985370636,9.497935771207722e-10,-2.779053211212158,9.352041721343994,5.749800635612701e-10
1200,-1.371920108795166,173.86870121955872,1.8888557384855176e-11,-2.9612374305725098,392.66423416137695,6.773109156865686e-11,198.6011872291565,2.694226026535034,9.207952976486578e-12,-0.6402959823608398,394.2629945278168,3.530348235969427e-11,-1.6020822525024414,398.9987585544586,1.0108398562636012e-09,1.9171552658081055,393.8537983894348,2.8683662112172215e-09,6.574190378189087,399.15475606918335,4.0317016392066307e-10,-0.7732725143432617,1.2549936771392822,2.6070273717593295e-10,-0.5824127197265625,399.5961172580719,3.2262625904166953e-10,-5.735003471374512,-3.7706379890441895,1.7455968961965773e-11,-1.8814435005187988,398.82971477508545,8.583038446641211e-11,4.477043867111206,-6.600337028503418,1.3661447841040175e-11,-2.0212464332580566,4.893356263637543,1.2251095971027581e-10,2.2381396293640137,-1.9009242057800293,1.5253018292860077e-10,-2.3420958518981934,384.93538904190063,7.711787874953302e-10,-2.75649356842041,9.296111583709717,5.808895586767449e-10
1201,-1.7663168907165527,142.28572392463684,1.887800506195081e-11,-2.8090949058532715,392.6022136211395,4.2950386303086674e-11,-8.467717170715332,-0.41474199295043945,8.400663845109513e-12,-0.6411585807800293,394.25309574604034,2.3915978572541796e-11,-2.2509098052978516,398.9881658554077,7.61982088537394e-10,2.1578043699264526,-6.29347038269043,3.438259899013474e-09,6.817414045333862,399.6091911792755,3.6074376819072995e-10,-0.46634674072265625,1.1048271656036377,3.750898758259069e-10,-0.6562724113464355,399.7335925102234,2.149322247957386e-10,-5.338925361633301,-4.150205612182617,2.3977641053218868e-11,4.135676607489586,-1.61143159866333,9.727229438594165e-11,4.418434679508209,-6.493629455566406,2.3368827706260475e-11,-2.165086269378662,4.794785916805267,1.6698409321946883e-10,1.9679510593414307,-1.643261432647705,2.7067875718600476e-10,-2.179142951965332,384.66468954086304,7.292564330185769e-10,-2.432955741882324,9.990246772766113,6.850952027903645e-10
1202,-2.2429728507995605,110.271311044693,2.836043726250903e-11,-2.816154956817627,392.58807730674744,4.832828581768922e-11,-8.487446784973145,-0.9131979942321777,7.267617931072667e-12,-0.6159782409667969,394.37691164016724,3.0087207031348484e-11,-2.0820746421813965,100.4912223815918,8.946051677227729e-10,1.661407232284546,393.9195683002472,2.5504820477806334e-09,6.566044330596924,399.36922907829285,4.048809343348836e-10,-0.6877250671386719,0.9091670513153076,3.610418075616906e-10,-0.6754012107849121,399.632874250412,2.526620024312365e-10,-5.385027885437012,-4.338778495788574,1.9957903385492415e-11,4.257961630821228,-1.8264684677124023,8.470545792560458e-11,4.581296801567078,-6.548650741577148,2.242139286734446e-11,-2.2522993087768555,4.804510235786438,1.512000663561608e-10,2.075276255607605,-1.7284364700317383,2.0506747688830984e-10,4.774963438510895,391.77543354034424,5.978367800807405e-10,-2.412142753601074,9.600278854370117,5.77212888597245e-10
1203,-1.8778152465820312,142.40873384475708,2.3450940841995838e-11,-2.630127429962158,392.4693109989166,5.767063562811536e-11,-8.853137016296387,-0.007295131683349609,1.0633217396860406e-11,-0.4092249870300293,394.23135256767273,3.641781320951054e-11,-0.9919524192810059,100.7049560546875,9.763406749740966e-10,1.8788020610809326,-6.841473579406738,3.282143890004363e-09,6.7812230587005615,399.4441752433777,4.77440476043256e-10,-0.6666774749755859,1.6741514205932617,5.012444903584878e-10,-0.5040907859802246,399.7613241672516,2.704191870428474e-10,-5.374238967895508,-4.426257133483887,3.4612465671379766e-11,3.943675819784403,-2.086230754852295,9.851545273997786e-11,4.691322982311249,-6.060746192932129,2.6849021270147766e-11,-2.356496810913086,5.253657937049866,2.1011557771455358e-10,2.198130249977112,-1.475764274597168,3.3208816252461304e-10,-1.802934169769287,384.6823227405548,9.825634750271206e-10,-2.1514663696289062,10.149807453155518,9.935409162054043e-10
1204,-1.5855932235717773,158.00987672805786,2.3443294180913732e-11,-2.820037364959717,392.38381242752075,4.9270948432322825e-11,198.1730523109436,2.5406482219696045,1.082756193732104e-11,-0.6967453956604004,394.3953421115875,3.148238614247845e-11,-2.097236156463623,399.07738065719604,8.311833443741534e-10,2.0624083280563354,-6.618310928344727,3.1030942260201755e-09,6.786089181900024,399.3636198043823,4.28593271983857e-10,-0.6881999969482422,1.140779733657837,4.033863243435576e-10,-0.8544888496398926,399.57864236831665,2.4257332253974084e-10,-5.381509780883789,-4.091732025146484,2.5075972548416203e-11,4.142825752496719,-1.791184425354004,9.849496218627962e-11,4.549907922744751,-6.423489570617676,2.398985524121322e-11,-2.1157302856445312,4.89632648229599,1.6117313039742953e-10,2.133177399635315,-1.7030153274536133,2.6298760391618714e-10,-2.0523877143859863,384.7148199081421,7.675483582048059e-10,-2.5358314514160156,9.705499649047852,7.153886927291353e-10
1205,-1.8498873710632324,142.09997510910034,2.2603969043744065e-11,-2.762052059173584,392.2914102077484,5.2393762939306754e-11,-8.675325393676758,-0.32410478591918945,6.023894924545026e-12,-0.44140148162841797,394.3438581228256,3.198108791679921e-11,-2.031355857849121,398.77864050865173,8.66614835448587e-10,2.1442569494247437,-6.341886520385742,2.9610949248137786e-09,6.7679455280303955,399.45351576805115,4.741878556480117e-10,-0.6287446022033691,1.4035751819610596,3.35834221543152e-10,-0.6962356567382812,399.7727839946747,2.5492499777790556e-10,-5.361727714538574,-4.105534553527832,2.071560284422347e-11,4.097038730978966,-1.721376895904541,8.461922135216682e-11,4.55525279045105,-6.312661170959473,2.0620874799370803e-11,-2.2121543884277344,4.9814369678497314,1.6194563745575152e-10,1.9934275150299072,-1.8100824356079102,2.2182852776886364e-10,-1.8494596481323242,384.59094619750977,1.1700723723251372e-09,-2.7068958282470703,9.687510967254639,6.179493583502449e-10
1206,-2.138805389404297,190.04917669296265,1.9870351891659865e-11,-2.847573757171631,392.47576689720154,3.962280503699844e-11,-8.13507080078125,-0.5763163566589355,1.0292119587140824e-11,-0.6676855087280273,394.17617189884186,2.5569966283223167e-11,-1.8428187370300293,116.85317420959473,8.142412855072223e-10,1.922050952911377,-6.799962997436523,3.7274365816131194e-09,6.840194463729858,399.54604506492615,3.652893265648771e-10,-0.4006037712097168,1.13484787940979,5.382073120507869e-10,-0.8608112335205078,399.60056138038635,2.0562208880026134e-10,-4.78364372253418,-4.880268096923828,3.4117729474925085e-11,4.060882452875376,-1.8426485061645508,1.5727089075490142e-10,4.2112842202186584,-5.905473709106445,4.760526001179599e-11,-2.433177947998047,4.4664625227451324,2.6132751518304076e-10,1.9884510040283203,-1.9602580070495605,4.658506913557403e-10,-2.135913372039795,384.5934634208679,6.081797843116021e-10,-2.574129104614258,9.495799541473389,7.719866967903499e-10
1207,-2.015808582305908,189.8919653892517,2.3471167717725727e-11,-2.951201915740967,392.7344617843628,3.860541053501976e-11,182.8124237060547,2.4522868394851685,1.3630424046395806e-11,-0.5902981758117676,394.2813299894333,1.878605083993623e-11,-1.7499198913574219,399.1087529659271,7.115619760078573e-10,2.9285093545913696,-6.153990745544434,4.449235202486079e-09,6.781123876571655,399.323130607605,3.2648717063210597e-10,-0.3888092041015625,1.3965556621551514,4.342479431596047e-10,-0.7041049003601074,400.0247292518616,1.8354347208759947e-10,-5.16378116607666,-4.641475677490234,3.865315359452559e-11,3.6242261826992035,-1.6324987411499023,1.7913275029979303e-10,4.194708526134491,-5.644833564758301,6.811482627933074e-11,-2.420079231262207,4.070148907601833,2.96398627863681e-10,2.4743854999542236,-1.8041110038757324,3.4561156714296715e-10,-2.212101459503174,384.80355072021484,5.028158445163911e-10,-1.9708600044250488,9.411725997924805,1.4413947813096684e-09
1208,-1.8114681243896484,126.37368679046631,2.0799261618575926e-11,-2.773115634918213,392.56921887397766,4.846286913440245e-11,-8.334309577941895,-0.381014347076416,9.195825524666024e-12,-0.7601404190063477,394.2555682659149,2.2119424347710748e-11,-1.8824739456176758,100.82463645935059,7.759385356465032e-10,2.2410757541656494,-6.511908531188965,3.65734309504262e-09,6.8583760261535645,399.40998220443726,3.576968998775243e-10,-0.6557025909423828,1.1263740062713623,4.815569054628099e-10,-1.0153303146362305,399.7236144542694,2.1728542576315846e-10,-5.11751651763916,-4.261736869812012,2.935337389819992e-11,3.9645512476563454,-1.716568946838379,1.066165350449566e-10,4.417975872755051,-6.228008270263672,3.199951414956104e-11,-2.1502280235290527,4.878465294837952,1.970832524955668e-10,2.0755715370178223,-1.661512851715088,3.6362443611714923e-10,-2.068216323852539,384.8821449279785,9.311865722949619e-10,-2.2953834533691406,9.628914833068848,7.90314980125828e-10
1209,-1.879446029663086,110.07605934143066,2.2916704991993164e-11,-3.0341057777404785,392.5617837905884,5.4291578177600996e-11,198.25857257843018,2.1787317991256714,8.360781685035068e-12,-0.5287055969238281,394.33905053138733,3.776265411481461e-11,-1.8278675079345703,398.8136558532715,9.675166223743759e-10,1.5899701118469238,393.704354763031,2.8832640719400615e-09,6.738638877868652,399.54210567474365,5.593941421189186e-10,-0.7377109527587891,1.2870943546295166,3.105757317989344e-10,-0.5635390281677246,399.91715717315674,2.5167454231755926e-10,-5.267292022705078,-4.2879791259765625,1.6043541495314173e-11,4.120857506990433,-1.814866542816162,7.142022390160818e-11,197.7226493358612,-4.255149841308594,1.6936728061689443e-11,-2.327937602996826,4.810970723628998,1.3587989067254114e-10,2.173862099647522,-1.8762707710266113,1.8372069143790526e-10,-1.919205665588379,384.4916787147522,7.980813787611396e-10,-2.798257827758789,9.732993125915527,4.882064197353486e-10
1210,-1.8967561721801758,126.42883396148682,2.571400037343352e-11,-2.7018847465515137,392.73578786849976,5.918234652346754e-11,182.4466438293457,2.278868079185486,7.367156364124217e-12,-0.5865464210510254,394.4607335329056,3.202393905610279e-11,-1.9637327194213867,398.9271857738495,9.514472543159513e-10,2.243883490562439,-6.231866836547852,3.1519908905153216e-09,6.847602844238281,399.4800148010254,3.9595779433021505e-10,-0.6401891708374023,1.2607691287994385,3.311766694213958e-10,-0.8582453727722168,399.86882305145264,2.582248581628477e-10,-5.582348823547363,-4.070554733276367,2.1323103005510546e-11,4.131222382187843,-1.6513628959655762,9.158686309351793e-11,4.493160575628281,-6.405050277709961,2.3246000610543938e-11,-2.1612887382507324,4.708856999874115,1.672314370315675e-10,2.021477460861206,-1.6415767669677734,2.3028402795777225e-10,-1.7573204040527344,384.3930013179779,1.0453908849683557e-09,-2.5597476959228516,9.767070293426514,6.331334900799845e-10
1211,-1.550546646118164,126.41740226745605,2.394998782628832e-11,-2.716254711151123,392.928085565567,6.364725413376959e-11,-8.678454399108887,-0.5230693817138672,8.056650832588552e-12,-0.5267090797424316,394.177117228508,3.26544936923856e-11,-1.7668800354003906,399.13040018081665,9.444013349124702e-10,1.9657566547393799,-6.535161018371582,3.358298750200106e-09,6.761649131774902,399.4219961166382,4.541211295894243e-10,-0.4445018768310547,1.1863322257995605,4.3512676795032235e-10,-0.7976908683776855,399.87727308273315,2.880541638550227e-10,-5.0406951904296875,-4.3363752365112305,2.573092433566515e-11,3.9222617894411087,-1.8907651901245117,1.08440395552023e-10,4.492982774972916,-6.161266326904297,3.103700629836226e-11,-2.1563096046447754,4.837249338626862,1.9254609018304336e-10,2.083105683326721,-1.899303913116455,3.013799487749935e-10,4.560918807983398,391.85570001602173,7.290603121212769e-10,-2.5042667388916016,9.539393424987793,7.889700004426459e-10
1212,-1.8246726989746094,126.21008729934692,2.817803108901007e-11,-2.941579818725586,392.7887861728668,5.61469724880137e-11,198.2757625579834,2.0612292289733887,1.5631263644566573e-11,-0.46710634231567383,394.32731199264526,3.308135015922531e-11,-1.752708911895752,399.3681342601776,9.951568458177462e-10,1.8716926574707031,393.92375230789185,2.837556190016244e-09,6.460738897323608,399.1524820327759,4.81452266942739e-10,-0.5547738075256348,1.2394587993621826,2.890646610964609e-10,-0.8340640068054199,399.58201789855957,2.8503074900321224e-10,-5.2704668045043945,-4.186437606811523,1.9245528781741683e-11,4.09676057100296,-1.789414405822754,8.964717163051361e-11,196.8512568473816,-4.175960540771484,3.509950316504806e-11,-2.3196473121643066,4.7578505873680115,1.549094186259481e-10,1.9504270553588867,-1.8750929832458496,2.0203996808909608e-10,4.784566760063171,391.7563352584839,6.305821420582447e-10,-2.57387113571167,9.853464126586914,5.689885229642755e-10
1213,-1.898942470550537,126.32318830490112,1.993694098700871e-11,-2.8706092834472656,392.66903281211853,5.7860358865235995e-11,182.59840869903564,2.612025260925293,1.649492001321029e-11,-0.53314208984375,394.35835444927216,4.264948116894374e-11,-1.8090834617614746,398.97634387016296,9.999324701581713e-10,1.946418046951294,-6.533702850341797,3.2392495352695505e-09,6.581456184387207,399.1533463001251,5.147299253493998e-10,-0.31470203399658203,1.1987686157226562,4.120868646317888e-10,-0.7545804977416992,399.5174560546875,2.8230331960976685e-10,-5.179475784301758,-4.575872421264648,2.3678005736660346e-11,4.053706202656031,-1.913233757019043,9.737291528644221e-11,4.597866773605347,-6.39954948425293,2.733713776181812e-11,-2.2617125511169434,4.606428265571594,1.9161991438032544e-10,1.976555585861206,-1.8660449981689453,3.1811125955627517e-10,4.771400630474091,391.8113942146301,6.981080158396935e-10,-2.323665142059326,9.71570110321045,6.423327980620286e-10
1214,-2.1499481201171875,94.31873917579651,2.1825187490609466e-11,-2.9376864433288574,392.52626371383667,6.604068680804431e-11,198.14992237091064,2.224809765815735,1.1082745832169394e-11,-0.6053409576416016,394.4112823009491,4.75610592576281e-11,-1.7841782569885254,398.8001992702484,1.1925378462507297e-09,2.0658737421035767,-6.736461639404297,4.371467632324766e-09,6.574742794036865,399.3246421813965,6.141259167868895e-10,-0.5805177688598633,1.1517634391784668,4.728520353047827e-10,-0.6381721496582031,399.8552408218384,3.124967784540189e-10,-4.918450355529785,-4.388111114501953,3.216608229772433e-11,4.0324393697083,-1.753312587738037,1.6613968534251455e-10,4.11653894931078,-5.9819793701171875,6.31466476330722e-11,-2.3667044639587402,4.243391275405884,3.1191560445620325e-10,2.091480255126953,-1.787785530090332,4.140501830285359e-10,4.695245027542114,391.60045051574707,7.404410418132557e-10,-2.6510167121887207,9.137349605560303,8.142522212040149e-10
1215,-1.8914556503295898,126.55359864234924,1.9499743833528704e-11,-2.7939600944519043,392.6530945301056,5.251091575453337e-11,119.67480850219727,3.0306516885757446,9.965176253623476e-12,-0.45262908935546875,394.184054851532,3.003296916714859e-11,-1.725541114807129,398.91478085517883,8.620712477203085e-10,2.433159351348877,-6.343560218811035,3.303421758360514e-09,6.6501078605651855,399.50482535362244,4.34704577889633e-10,-0.3875923156738281,1.3976244926452637,3.263570524936199e-10,-0.5252900123596191,399.8017406463623,2.314571173611668e-10,-5.324130058288574,-4.362252235412598,2.126693092463494e-11,4.146940663456917,-1.8215556144714355,9.236911235888101e-11,4.515705466270447,-6.345025062561035,2.229095207029186e-11,-2.1239571571350098,4.656126797199249,1.70174624392061e-10,2.0612112283706665,-1.7023711204528809,2.54485349460154e-10,-1.693166732788086,384.6585295200348,9.48036205095093e-10,-2.6326327323913574,9.85729169845581,6.836671229137892e-10
1216,-1.7796297073364258,142.24982523918152,2.6242879397342378e-11,203.4425306916237,65.08526134490967,4.1440472581255605e-11,-7.4359636306762695,-0.5757217407226562,9.656627927845385e-12,-0.9508600234985352,394.48214614391327,2.2499275012521913e-11,-2.0950703620910645,149.12091636657715,7.639772148237967e-10,2.2330271005630493,-6.515285491943359,4.847724888179528e-09,6.619403839111328,399.50314116477966,3.273145920967835e-10,-0.47752809524536133,0.9201266765594482,4.5907475043627244e-10,-0.6406722068786621,400.1520128250122,1.8112818189752744e-10,-4.96565055847168,-4.466896057128906,3.7309894757031614e-11,4.203872963786125,-1.55025053024292,2.571788892957727e-10,4.210751846432686,-6.142253875732422,8.404803242267889e-11,-2.39739990234375,3.7539813965559006,3.941087733938531e-10,1.9354188442230225,-1.5009660720825195,4.6307432888248456e-10,-2.244320869445801,384.6135804653168,4.746438797553765e-10,-2.4562253952026367,8.98694372177124,9.858730498635282e-10
1217,-1.8389205932617188,110.15504360198975,2.0790060645259345e-11,-3.0269618034362793,392.46646308898926,5.991664109306072e-11,-7.68701171875,-0.711456298828125,1.0859329928336603e-11,-0.7577643394470215,394.30494570732117,4.599938832616779e-11,-1.6215791702270508,399.13333797454834,9.625596986140295e-10,2.031328558921814,-6.689554214477539,5.0426729458763475e-09,6.515585899353027,399.09351873397827,4.861685498624979e-10,-0.4765596389770508,1.1178991794586182,4.5157655392813467e-10,-0.8586277961730957,400.01463985443115,2.690588862819254e-10,-4.90247917175293,-4.61921501159668,4.202335354697162e-11,4.216003626585007,-1.7833600044250488,2.8071989177647083e-10,3.821911722421646,-5.924063682556152,7.253219552749712e-11,-2.216463088989258,3.675522118806839,3.8268779811723164e-10,2.1041916608810425,-1.510061264038086,4.84702888936539e-10,-2.216561794281006,384.7352216243744,7.320729022985972e-10,-2.6494154930114746,9.11259412765503,8.87474094213303e-10
1218,-1.9866929054260254,190.04989385604858,2.525428824395881e-11,-2.722228527069092,392.521044254303,4.4938702065122627e-11,182.87822771072388,2.841405749320984,1.0495053610892757e-11,-0.7954158782958984,394.55918085575104,2.626806758221356e-11,-1.9444684982299805,100.75947856903076,9.905833930901053e-10,1.9398508071899414,-6.478946685791016,3.475877363712243e-09,6.778452396392822,399.4454791545868,4.51035098159025e-10,-0.6039152145385742,1.1913907527923584,4.862808489214387e-10,-0.7237105369567871,399.82252168655396,2.2526938647793315e-10,-5.178791046142578,-4.271914482116699,2.8590232611924726e-11,4.160188153386116,-1.615403652191162,1.0868640015759823e-10,100.7287163734436,-1.9413514137268066,3.7990867396420214e-11,-2.2687926292419434,4.9332155585289,2.059651338370827e-10,2.0491143465042114,-1.6283683776855469,3.2969996177634187e-10,-2.125725746154785,384.61146664619446,7.469647123059531e-10,-2.345848560333252,9.738734245300293,7.247249467212669e-10
1219,-1.9848814010620117,190.07879614830017,2.0987675139472195e-11,-2.7384438514709473,392.45585203170776,5.5931381054419305e-11,182.89381504058838,2.43721079826355,1.442116478317379e-11,-0.3509511947631836,394.3687654733658,3.710118670618989e-11,-1.6450648307800293,398.81408762931824,1.093614532265974e-09,1.696221113204956,393.64762926101685,3.5357698990878816e-09,6.656419515609741,399.1702570915222,7.524327272356857e-10,-0.5923075675964355,1.2793066501617432,2.9581748162144095e-10,-0.6376829147338867,399.8553259372711,3.0613181434269165e-10,-5.235016822814941,-3.9017066955566406,2.2629896220816015e-11,4.021112002432346,-1.8437614440917969,9.848839105375262e-11,197.9360978603363,-4.29368782043457,2.374271959593166e-11,-2.17219877243042,4.804427802562714,1.7342910441087156e-10,1.829071044921875,-1.7471308708190918,2.5155888483396893e-10,-2.019613265991211,384.52828097343445,8.723346489603045e-10,-2.498218059539795,9.789553165435791,5.872550778995844e-10
1220,-1.8476786613464355,110.31373286247253,2.0841316519804032e-11,-2.725902557373047,392.5924336910248,4.1414559281971464e-11,-8.650674819946289,-0.19426965713500977,7.098695329471605e-12,-0.5950860977172852,394.3721274137497,2.2502149449321607e-11,-1.6900091171264648,133.01661586761475,7.934400358955429e-10,2.286497950553894,-6.399115562438965,2.8305344734746996e-09,6.900949001312256,399.4940936565399,3.7221203896820043e-10,-0.4006166458129883,1.1790211200714111,3.7453723455982413e-10,-0.8879756927490234,399.77614188194275,2.1571709696299735e-10,-5.374528884887695,-4.597996711730957,1.9983348309438043e-11,4.09784983843565,-1.8902344703674316,7.431048137940266e-11,4.659258246421814,-6.187014579772949,2.1142077671898463e-11,-2.2923378944396973,4.949853897094727,1.4692008720729177e-10,2.14938747882843,-1.9491734504699707,2.4394344877443075e-10,-1.612607479095459,384.6833097934723,7.957435821381864e-10,-2.441134452819824,10.1122407913208,6.556303833171739e-10
1221,-1.3186330795288086,126.38853168487549,2.164229212509028e-11,-2.8014426231384277,392.59525060653687,5.260343549640112e-11,183.07027769088745,2.659448027610779,1.3330912762565816e-11,-0.5985240936279297,394.4857441186905,2.6137024836114797e-11,-1.3742632865905762,132.61348056793213,1.230815671604546e-09,1.8512508869171143,-6.612066268920898,2.698752110674718e-09,6.731507778167725,399.27259349823,3.91223109463823e-10,-0.6434283256530762,1.2979087829589844,2.69805067176776e-10,-0.8163690567016602,399.55793046951294,2.5942742398754604e-10,-5.206140518188477,-4.030351638793945,1.8031081835956364e-11,4.00641410658136,-1.7079076766967773,8.347592755919564e-11,4.433094263076782,-6.612499237060547,1.870114306468107e-11,-2.242065906524658,4.73340767621994,1.452463427309425e-10,2.1460154056549072,-1.6368098258972168,2.2441939973028013e-10,-1.9689860343933105,384.8837902545929,8.411640273209287e-10,-0.658599853515625,116.20209386944771,6.660211271380945e-10
1222,-1.9301433563232422,190.07672810554504,2.452968557442592e-11,-2.9812984466552734,392.4275574684143,4.6481200832726444e-11,198.59266233444214,2.0843855142593384,1.1324614856977888e-11,-0.7619595527648926,394.3959981203079,2.705686542869845e-11,-2.0876035690307617,132.7054681777954,8.679497676133963e-10,1.8996083736419678,-6.423652648925781,2.760675466007001e-09,6.510000467300415,399.2349350452423,3.6663999614106046e-10,-0.6468296051025391,1.2333345413208008,3.3818361999671254e-10,-0.9970841407775879,399.86958169937134,2.2130662580277516e-10,-5.271420478820801,-4.031049728393555,1.9363316505760508e-11,4.226862236857414,-1.467787742614746,9.238163012348366e-11,4.278215765953064,-6.385009765625,2.081493831462833e-11,-2.3785033226013184,4.705650091171265,1.495657209193979e-10,2.0887354612350464,-1.7669053077697754,1.7989904010917712e-10,4.726165533065796,391.63398694992065,5.29233934454254e-10,-2.5204148292541504,9.725464820861816,5.377260858807631e-10
1223,-1.6317620277404785,142.03504538536072,3.18247025954399e-11,-2.7714667320251465,392.6121461391449,4.613004422893141e-11,-7.526698112487793,-0.8764863014221191,1.1242231104380274e-11,-0.545806884765625,394.4029242992401,3.176733529008935e-11,-2.150167942047119,148.92253017425537,9.581397897306942e-10,1.5840768814086914,-6.768158912658691,4.33742375349766e-09,6.767750263214111,399.3850419521332,5.257116963974795e-10,-0.35800981521606445,1.1156737804412842,5.142824499593246e-10,-0.7908196449279785,399.55465364456177,2.6425167609644973e-10,-4.955513000488281,-4.9549665451049805,3.9231538156991874e-11,4.09953185915947,-2.005643844604492,2.224343903511894e-10,3.924290992319584,-5.865279197692871,7.386816158749809e-11,-2.0921950340270996,3.9672685973346233,3.4682134941732556e-10,1.9229576587677002,-1.8131556510925293,5.48748213535788e-10,-1.7513575553894043,384.59944772720337,7.675088342651293e-10,-2.5243191719055176,8.812930583953857,8.333629342160975e-10
1224,-2.0488901138305664,190.1219344139099,2.3819149777559723e-11,172.64214098453522,50.503488063812256,4.0895852676525735e-11,182.6824827194214,2.8937153816223145,7.286007734641498e-12,-0.6047234535217285,394.33236956596375,1.7356172055116303e-11,-0.8446526527404785,100.34616374969482,1.0388434557029314e-09,1.8284032344818115,-6.710294723510742,2.60056221002003e-09,6.867516756057739,399.57003831863403,3.0364638581303893e-10,-0.5033144950866699,1.0826876163482666,3.082793187392241e-10,-0.6503810882568359,400.0819230079651,1.623916834336825e-10,-5.153691291809082,-3.9211502075195312,1.8094163320436785e-11,4.073499448597431,-1.373013973236084,7.511589961151088e-11,4.397294133901596,-6.657377243041992,1.936457418028059e-11,-2.270481586456299,5.0272767543792725,1.3378118057794097e-10,2.26010262966156,-1.7575502395629883,2.0111835807856693e-10,-2.166883945465088,384.6306483745575,5.278458226065652e-10,-0.8702588081359863,100.15470468997955,7.733410578580902e-10
1225,-1.2468171119689941,173.71649062633514,1.8968127415974756e-11,-3.2545666694641113,392.9461989402771,3.940582235517631e-11,-8.442224502563477,-0.0340576171875,1.1418507632476871e-11,-0.8383641242980957,394.4735504388809,2.0364467057110147e-11,-1.562199592590332,399.101441860199,6.714074851643659e-10,2.330868721008301,-6.691464424133301,4.504103312541474e-09,6.45270848274231,399.43397521972656,2.8458041478884866e-10,-0.35011720657348633,1.3658702373504639,4.982885770665746e-10,-0.7719120979309082,400.0184545516968,1.836888002815229e-10,-4.987046241760254,-4.314742088317871,3.288607580698155e-11,3.732263743877411,-1.9046454429626465,1.178239311672158e-10,4.499805063009262,-6.0265913009643555,3.8770923971309657e-11,-2.0920023918151855,4.803053677082062,2.3664337156503734e-10,2.046927332878113,-1.8093290328979492,4.743127002271308e-10,-1.9154901504516602,384.9803593158722,5.729471341808789e-10,-2.6212220191955566,9.75818920135498,9.333060990712738e-10
1226,-1.8248777389526367,126.42246174812317,1.9235658205163375e-11,-2.971984386444092,392.71891140937805,3.5583834490093835e-11,-8.585719108581543,-1.0049729347229004,8.387455660563425e-12,-0.6755428314208984,394.5717099905014,2.2649975645050446e-11,-1.9362192153930664,116.75352573394775,7.74068587006127e-10,1.6670069694519043,-6.594888687133789,3.1784941345591733e-09,6.650096654891968,399.2622940540314,3.2627486823422203e-10,-0.4405031204223633,1.1415445804595947,3.969756467991914e-10,-0.9243030548095703,399.81715750694275,1.8470591722774543e-10,-5.238787651062012,-4.240780830383301,2.0342534948203372e-11,3.9166880026459694,-1.567007064819336,7.945087643346227e-11,4.38942950963974,-6.440537452697754,2.2940802035797958e-11,-2.329324722290039,5.030559182167053,1.5727268098952862e-10,2.323127865791321,-1.8799681663513184,2.401065180013262e-10,-2.3057336807250977,384.54106998443604,4.3718736963960225e-10,-2.4516029357910156,9.964943885803223,6.085175141556931e-10
1227,-1.8392667770385742,142.30104184150696,2.094576595501607e-11,-2.7574949264526367,392.4162266254425,3.7286701504157804e-11,-8.480266571044922,-0.5045657157897949,7.833417074720739e-12,-0.4682636260986328,394.32728707790375,2.6858189283718303e-11,-1.9214262962341309,116.96507930755615,8.636529269523407e-10,1.8601694107055664,-6.512979507446289,3.1575386749693735e-09,6.944949150085449,399.372362613678,4.35638330964494e-10,-0.5980453491210938,1.1589560508728027,3.8640568522652075e-10,-0.7139654159545898,399.54880118370056,2.03963151923503e-10,-5.155601501464844,-4.172702789306641,2.001955198838168e-11,3.8692119270563126,-1.7466444969177246,7.95241025808302e-11,4.408469378948212,-6.407390594482422,2.26276514886381e-11,-2.1842660903930664,5.010359883308411,1.634176544085264e-10,2.1949427127838135,-1.8193907737731934,2.7086624609928833e-10,-2.023843765258789,384.7346796989441,9.415110913124636e-10,-2.4055380821228027,9.879094123840332,5.789075330220328e-10
1228,-2.022745132446289,94.11482048034668,2.7928258664045025e-11,-2.7170262336730957,392.66433811187744,5.350055468089643e-11,198.58841705322266,2.2526477575302124,1.3357637912436715e-11,-0.6187868118286133,394.30205392837524,3.1384780191379136e-11,-2.0552897453308105,100.73991966247559,1.0982486031707595e-09,1.984781265258789,-6.564695358276367,3.886061694657883e-09,6.8297741413116455,399.4212534427643,4.789290075635222e-10,-0.6461081504821777,0.8502025604248047,4.237753759017693e-10,-0.9084734916687012,399.7019124031067,2.7372162869632177e-10,-5.019069671630859,-4.719837188720703,3.346823859717851e-11,4.484576046466827,-1.7324576377868652,2.3126914272530996e-10,4.1480023711919785,-5.882691383361816,6.203735442023017e-11,-2.4370970726013184,3.8607295602560043,3.4965619288840344e-10,2.132630467414856,-1.5237865447998047,3.6776270917471265e-10,-2.0244979858398438,384.6830003261566,7.003271851324655e-10,-2.5524215698242188,9.139072895050049,7.821959191467442e-10
1229,-1.9357280731201172,126.20402598381042,2.078819581752267e-11,141.00287055969238,64.69572830200195,3.193257117062309e-11,182.62028312683105,2.807395577430725,1.571502650232759e-11,-0.9476990699768066,394.4447159767151,1.7815509484320202e-11,-1.9643611907958984,132.76128101348877,7.067292306928152e-10,1.7796649932861328,-6.861929893493652,3.880158860880556e-09,6.8134706020355225,399.4938929080963,2.925094333416922e-10,-0.6238031387329102,1.0401248931884766,4.887561466659918e-10,-1.1287422180175781,399.7152760028839,1.8130931478399503e-10,-5.004448890686035,-4.785155296325684,3.444472485014671e-11,4.217563971877098,-1.8553457260131836,1.8268951629263341e-10,4.130398392677307,-5.848236083984375,5.932779961748125e-11,-2.293433666229248,4.005724907387048,2.9197655404544776e-10,2.077497363090515,-1.7725977897644043,4.191683111720579e-10,-2.142902374267578,384.8549716472626,4.3034867336366744e-10,-2.6653013229370117,9.047240257263184,7.099772436625074e-10
1230,-1.5918889045715332,126.55574774742126,1.8747069868707555e-11,-2.9988088607788086,392.7319827079773,4.433846692575294e-11,-8.49509334564209,-0.49068450927734375,6.780627708619091e-12,-0.6088104248046875,394.383908867836,2.802008451652238e-11,-1.8676729202270508,399.12028217315674,7.817856917391452e-10,2.1156554222106934,-6.3755083084106445,2.819509736795567e-09,6.932218074798584,399.5316586494446,3.898599498786126e-10,-0.5339570045471191,1.336946964263916,3.2755129164563357e-10,-0.602384090423584,399.5885844230652,2.453507952360212e-10,-5.500746726989746,-4.008514404296875,2.1137562186690495e-11,4.238182544708252,-1.5748381614685059,9.801820466392996e-11,4.504746377468109,-6.337734222412109,2.263947883329731e-11,-2.169280529022217,4.685069918632507,1.671520283297312e-10,2.0072661638259888,-1.6306443214416504,1.9526850969509013e-10,-2.0358004570007324,384.64295625686646,6.53397058680838e-10,-2.6144556999206543,9.754383563995361,5.796190194473638e-10
1231,-1.5875158309936523,142.02917647361755,2.5292705430057794e-11,-3.1348438262939453,392.5561728477478,5.6951374172165004e-11,198.1551113128662,2.381887912750244,1.0220073051736556e-11,-0.7384991645812988,394.67020976543427,3.854588176421814e-11,-1.7476401329040527,398.931453704834,9.30922061659345e-10,1.777034044265747,393.71828532218933,2.5428170680186213e-09,6.817795276641846,399.5784819126129,4.486857829721913e-10,-0.5485029220581055,1.4077084064483643,2.8479490987720624e-10,-0.43596601486206055,399.7290813922882,2.7619329046046914e-10,-5.61075496673584,-4.30186653137207,1.8558760431219845e-11,-2.0307068824768066,398.7470352649689,7.607458413216861e-11,4.870942771434784,-6.574522018432617,1.8437142437766063e-11,-2.2674713134765625,5.1653817892074585,1.1098298668965612e-10,2.72076416015625,-2.360159397125244,2.1115974246921354e-10,-2.4901208877563477,384.8701066970825,7.326749762448515e-10,-2.696610927581787,10.120110511779785,7.093978182659555e-10
1232,-2.1190099716186523,110.26185917854309,1.835762965252119e-11,188.4019533097744,49.82584095001221,5.04747910134995e-11,198.56672382354736,2.2831711769104004,9.140009929464732e-12,-0.6727118492126465,394.51519072055817,2.916880972869684e-11,-1.7411856651306152,133.10551071166992,8.865502776345124e-10,2.0553126335144043,-6.490442276000977,3.088562294806252e-09,6.8458638191223145,399.5474953651428,4.481478244056092e-10,-0.5336146354675293,1.141038179397583,3.211687027437904e-10,-0.5627455711364746,399.716593503952,2.402631704701008e-10,-5.045022010803223,-4.094727516174316,2.045634148184483e-11,4.042320962995291,-1.7668828964233398,8.735129980452783e-11,197.85078501701355,-4.586071014404297,1.8907552606917122e-11,-2.20639705657959,4.636024475097656,1.4999680664207204e-10,1.9541585445404053,-1.707249641418457,2.0733520456062138e-10,-2.219442367553711,384.61485719680786,7.669000989807273e-10,-2.7567272186279297,10.104042530059814,5.542623027210425e-10
1233,-1.6614727973937988,142.1673321723938,3.067617687646518e-11,-2.8194737434387207,392.56504130363464,5.251231394165501e-11,-8.766661643981934,-0.5293188095092773,5.242812694400412e-12,-0.9648265838623047,394.35892939567566,2.796221240664032e-11,-1.967348575592041,148.7380247116089,9.70244218301275e-10,1.5062811374664307,-6.55819034576416,2.301366208712352e-09,6.83117151260376,399.71008944511414,4.088183680472923e-10,-0.8071155548095703,1.2086658477783203,2.537200727292799e-10,-0.8127346038818359,399.57396602630615,2.406920218689379e-10,-1.9213333129882812,139.09151822328568,1.5993373292388924e-11,4.140284478664398,-1.9807252883911133,7.295174880850297e-11,4.627134084701538,-6.586394309997559,1.5651578991193738e-11,-2.307504177093506,4.799149692058563,1.2420452166761464e-10,2.1075925827026367,-1.7831244468688965,1.6021897697449106e-10,-2.111149311065674,384.7118949890137,6.751816883365791e-10,-2.75424861907959,9.62787914276123,4.4003092836142343e-10
1234,-1.4900803565979004,158.03548383712769,1.999779855599293e-11,-3.2956910133361816,392.295361995697,4.546374041125567e-11,-8.650684356689453,0.3905909061431885,9.955221542956583e-12,-0.8046011924743652,394.4849637746811,2.967367671025123e-11,-1.7885475158691406,132.874680519104,8.95462148875481e-10,3.1968406438827515,-6.219341278076172,3.7115024387190942e-09,6.413445711135864,399.0541350841522,3.85411258463364e-10,-0.34408044815063477,1.4358055591583252,4.907467765491447e-10,-0.6941390037536621,399.7889530658722,2.161886919482825e-10,-5.344916343688965,-4.749546051025391,3.761794001300167e-11,3.9118208661675453,-1.8616552352905273,9.696683733739775e-11,4.1887382715940475,-5.802533149719238,2.8558511458443014e-11,-2.2361578941345215,5.1534751653671265,1.639699764854896e-10,2.475504159927368,-1.4329619407653809,3.0424116004290624e-10,-2.4585580825805664,384.7176938056946,5.550186976677196e-10,-1.9605989456176758,10.896292686462402,1.5174126399841725e-09
1235,-1.5148191452026367,189.74679374694824,1.9609510196194613e-11,-2.6738715171813965,392.29391980171204,5.160154248340376e-11,-8.970479011535645,-0.22475862503051758,6.741939471976988e-12,-0.7067604064941406,394.2758536338806,3.528604491931375e-11,-2.1770877838134766,398.9098584651947,8.280203189769964e-10,1.6256351470947266,-6.635168075561523,2.820338407261147e-09,6.824034214019775,399.5584945678711,4.38173275441045e-10,-0.6270408630371094,1.194462537765503,3.053241826034281e-10,-0.5718154907226562,399.52179765701294,2.7112412315233314e-10,-5.231324195861816,-4.1208648681640625,2.106065842555349e-11,4.010690102353692,-2.131899356842041,8.779192650631984e-11,4.881260573863983,-6.593761444091797,1.6896782584208125e-11,-2.021209716796875,4.952015280723572,1.5918484586041615e-10,1.9595398902893066,-1.8271079063415527,2.1974359831755663e-10,-2.1578288078308105,384.8195195198059,8.834932230250558e-10,-2.767765998840332,9.872204303741455,6.048389011859001e-10
1236,-2.120645523071289,190.03351664543152,2.4741273266237762e-11,203.34777545928955,65.06814622879028,8.893528274933615e-11,103.33442974090576,3.1126919388771057,7.416601187359984e-12,-0.40281009674072266,394.35112404823303,4.2102783065489646e-11,-2.1046652793884277,398.7517762184143,1.1611881456374817e-09,1.6250717639923096,393.3901205062866,3.3740736871124e-09,6.818516731262207,399.3104889392853,6.396345675341308e-10,-0.3671731948852539,1.1282708644866943,3.674479054360802e-10,-0.611579418182373,399.5000376701355,3.296082018433566e-10,-5.194647789001465,-4.531825065612793,1.979737727919595e-11,-2.0739049911499023,398.5505177974701,8.609239016132975e-11,4.717494010925293,-6.289547920227051,1.9521736657757138e-11,-2.2731680870056152,4.950460433959961,1.5566736788485969e-10,1.941697597503662,-1.919485092163086,2.335079629656178e-10,-2.082873821258545,384.8524360656738,1.06900654994746e-09,-2.5071945190429688,10.039983749389648,5.99402194545462e-10
1237,-1.816521167755127,142.06946277618408,2.1413747511300762e-11,-2.409911632537842,392.481648683548,7.890885167505246e-11,-7.675817489624023,-0.8988213539123535,7.033987541732456e-12,-0.5103511810302734,394.18316543102264,4.526732461096472e-11,-1.853379249572754,398.98117995262146,1.2041007080298982e-09,2.3748217821121216,-6.765739440917969,4.244089524263472e-09,6.957180738449097,399.50359773635864,5.78733061473713e-10,-0.6344890594482422,0.928685188293457,4.134023401380915e-10,-0.6245603561401367,399.6282277107239,3.710814155954978e-10,-5.035737991333008,-4.619600296020508,2.9441574178612484e-11,4.147765204310417,-1.443305492401123,2.073217569842356e-10,4.0306422505527735,-6.130643844604492,6.431599697265256e-11,-2.4254984855651855,3.8330976963043213,3.2772565217165095e-10,2.430947184562683,-1.4507317543029785,3.8811787117509766e-10,-2.0588159561157227,384.77349829673767,1.0253041748953251e-09,-2.7002053260803223,9.127703666687012,8.721815492052087e-10
1238,-1.713022232055664,142.21267342567444,2.6452688997591345e-11,-2.5242772102355957,392.56220602989197,8.19912054916827e-11,118.86856174468994,3.2930927872657776,1.0085431621786878e-11,-0.47669506072998047,394.3455936908722,4.1064138200930245e-11,-1.833791732788086,398.849107503891,1.1954893741616957e-09,1.7057416439056396,-6.709455490112305,3.446401386497655e-09,6.780844449996948,399.4221065044403,5.53194490215958e-10,-0.3568711280822754,1.3316388130187988,6.446131961546087e-10,-0.7227005958557129,399.66837453842163,3.612277976738909e-10,-4.843697547912598,-4.955986022949219,2.989511763140662e-11,3.9022746682167053,-1.8068513870239258,1.2356464462737193e-10,4.408241957426071,-5.9670257568359375,3.6389970897721113e-11,-2.2153849601745605,4.797607839107513,2.208023486272026e-10,1.9685041904449463,-1.9936552047729492,3.9588909928056637e-10,-1.7323904037475586,384.86738300323486,1.1551928302822034e-09,-2.5168352127075195,9.513665199279785,7.425935977245501e-10
1239,-4.997745513916016,4.001614028238691,2.9291295083888613e-11,-2.8809871673583984,392.43054699897766,4.720426133308919e-11,-7.6640119552612305,-0.1450800895690918,1.7121280088128188e-11,-0.24797821044921875,394.17171561717987,3.552151281449589e-11,-1.7667646408081055,398.9252200126648,1.0367730007843079e-09,2.1804041862487793,-6.6991376876831055,6.302650401579513e-09,6.769088506698608,399.20206665992737,6.419323406170463e-10,-0.35876035690307617,1.3424746990203857,7.551111957937451e-10,-4.542449951171875,7.729497194290161,2.341193905408545e-10,-4.687075614929199,-4.709141731262207,6.245848283015221e-11,3.920576296746731,-1.794328212738037,2.9800345524577665e-10,3.9166930839419365,-5.507909774780273,1.1359580637249067e-10,-2.2867321968078613,4.137663200497627,4.5538922632815115e-10,2.12775719165802,-1.6160378456115723,7.615316710563036e-10,4.876879930496216,391.49222230911255,6.234508465041699e-10,-2.418334484100342,9.17561388015747,1.3186149949717674e-09
1240,-1.7970552444458008,142.20074152946472,2.7150021814081882e-11,-2.710087776184082,392.64745926856995,5.465251515235359e-11,182.41254329681396,2.7420696020126343,6.811154504987593e-12,-0.3531980514526367,394.21348571777344,3.9210888008733846e-11,-1.8226704597473145,398.905148267746,1.18650955727162e-09,1.6375072002410889,393.6192922592163,3.008293170125853e-09,6.74484658241272,399.224392414093,6.4616417772001e-10,-0.37523746490478516,1.237112283706665,3.0406016593431673e-10,-0.5131564140319824,399.79112482070923,2.9931074285727277e-10,-5.078023910522461,-3.921031951904297,2.10274627571172e-11,3.8848555609583855,-1.8490996360778809,9.557864916187597e-11,117.47703230381012,-2.9967799186706543,2.7546557049284992e-11,-2.170006275177002,4.9386802315711975,1.572381946868262e-10,2.0033493041992188,-1.7833261489868164,2.1928721338770885e-10,5.134013533592224,391.59344816207886,8.872912404811473e-10,-2.823791027069092,9.914478778839111,5.540055081354467e-10
1241,-2.0113601684570312,190.13805532455444,2.3885162944714544e-11,-2.4829163551330566,392.1676619052887,5.17047932246939e-11,103.8249683380127,2.8592346906661987,2.1453892481981818e-11,-0.577150821685791,394.3770033121109,2.6649127349287483e-11,-2.2242178916931152,398.95601630210876,8.279538721289725e-10,2.2984899282455444,-6.655954360961914,2.7878577224527135e-09,6.84231424331665,399.5589623451233,3.948182336621642e-10,-0.3140850067138672,1.4526126384735107,4.594671587643262e-10,-0.7900805473327637,399.5923879146576,2.594393033739095e-10,-5.113454818725586,-4.634537696838379,2.2979907907116903e-11,3.6907739639282227,-1.9154257774353027,7.838173166074824e-11,100.49138593673706,-2.316256046295166,2.3522482572868597e-11,-2.0145044326782227,5.123796820640564,1.68523750510019e-10,2.1035478115081787,-1.6044330596923828,3.523280001083151e-10,-1.9414258003234863,384.50455832481384,1.203701249785638e-09,-2.4268951416015625,10.182861804962158,6.343132130659512e-10
1242,-1.6237616539001465,142.2079794406891,2.6739910632955777e-11,-2.567941188812256,392.34198331832886,5.509418962712509e-11,102.75953674316406,2.384791374206543,1.0904432738712e-11,-0.4746742248535156,394.32255828380585,3.178066837472571e-11,-2.1790194511413574,398.77622079849243,9.204539352936081e-10,1.443765640258789,393.5627267360687,2.8174671484748615e-09,6.7806549072265625,399.5686957836151,5.227081545378098e-10,-0.4774818420410156,1.1155991554260254,3.008911730884023e-10,-0.5329494476318359,399.52368211746216,2.6935925712123776e-10,-5.340924263000488,-4.376650810241699,1.7820436098991976e-11,4.255915075540543,-1.5268630981445312,8.877647922345133e-11,116.87701016664505,-2.251168727874756,2.5280359403079267e-11,-2.2811646461486816,4.842064261436462,1.2928239034870614e-10,2.073159098625183,-1.8570103645324707,1.8184265204723715e-10,4.705865859985352,391.730703830719,8.556530484149505e-10,-2.583883762359619,9.98211669921875,4.329041014550228e-10
1243,-2.0895838737487793,190.12380838394165,2.625789689847391e-11,171.72048026323318,66.12242984771729,8.145904090151035e-11,-8.545317649841309,-0.24378013610839844,7.699243152747837e-12,-0.5843353271484375,394.40844917297363,4.5497310779962774e-11,-2.036652088165283,398.799111366272,1.081285838644419e-09,1.7798290252685547,393.58173274993896,3.48096640401252e-09,6.53058385848999,399.2263627052307,6.688026243928391e-10,-0.47415781021118164,1.1170563697814941,2.9834923420679615e-10,-0.5451884269714355,399.5525484085083,2.8044427891060764e-10,-5.429119110107422,-3.7396631240844727,2.2637494309640793e-11,4.177926167845726,-1.4404888153076172,9.279698537367764e-11,4.395451933145523,-6.619098663330078,2.281151656458036e-11,-2.2613306045532227,4.709851086139679,1.6530363189382058e-10,1.816016674041748,-1.5034747123718262,1.893711992773106e-10,4.757189035415649,391.4111661911011,7.179297711878974e-10,-2.477294445037842,9.973207950592041,6.627074444764958e-10
1244,-2.3352766036987305,94.36707353591919,2.2028356569392393e-11,-2.642530918121338,392.34284687042236,4.912737577855708e-11,135.2533016204834,2.9311647415161133,1.3322143735394754e-11,-0.41060781478881836,394.3063133955002,3.0330064848538285e-11,-1.9455327987670898,399.0167908668518,9.156123637055202e-10,1.8187251091003418,-6.359886169433594,2.857003522649393e-09,6.663900852203369,399.39129877090454,4.518565244193695e-10,-0.5459408760070801,1.3849425315856934,2.991966119303413e-10,-0.44306373596191406,399.64547657966614,2.5052035446115895e-10,-5.293534278869629,-4.175721168518066,1.9509676860152148e-11,4.176299914717674,-1.8144960403442383,9.151178426147766e-11,4.4058427810668945,-6.545072555541992,2.1077656980894588e-11,-2.400890827178955,4.446024924516678,1.6759447996061994e-10,1.946319580078125,-1.777669906616211,2.1378582237829846e-10,-1.9127092361450195,384.7485718727112,1.0467635647160023e-09,-2.498080253601074,9.648529529571533,5.204250919099707e-10
1245,-1.9524931907653809,142.41505908966064,2.7550548648003215e-11,-2.6012964248657227,392.5368883609772,6.322715268014534e-11,198.26637840270996,2.406496047973633,7.740767228592293e-12,-0.6329398155212402,394.40385270118713,3.146701649248129e-11,-2.023841381072998,398.74752926826477,9.888730945206703e-10,2.0763561725616455,-6.75862979888916,3.532049319687758e-09,6.831751346588135,399.1389350891113,3.8815783920398417e-10,-0.28160858154296875,0.9515140056610107,3.615717725224954e-10,-1.015089988708496,399.5376467704773,2.6857127632951006e-10,-4.795550346374512,-4.582529067993164,2.5999100441986833e-11,4.213644936680794,-1.5352015495300293,1.8613753594021176e-10,3.9133074283599854,-6.098055839538574,4.680405021884049e-11,-2.3281168937683105,3.905344843864441,2.7676547165178533e-10,1.8188822269439697,-1.820483684539795,3.905148426852634e-10,-1.6847338676452637,384.6752414703369,1.4792058689039322e-09,-2.878523349761963,9.229136943817139,6.140135067056463e-10
1246,-1.6023259162902832,142.21708393096924,2.357175218903329e-11,-2.7940187454223633,392.3513162136078,6.233685095891062e-11,-7.9831953048706055,-0.6698026657104492,5.925867001960183e-12,-0.6956009864807129,394.4724519252777,2.8591540593425613e-11,-1.8025212287902832,398.98351073265076,8.79178063684094e-10,2.079454183578491,-6.64356803894043,3.453521468799181e-09,6.72157096862793,399.3623254299164,3.622821487248018e-10,-0.5273842811584473,1.1123046875,3.4186015129833436e-10,-0.9079298973083496,399.7713577747345,2.6586441381759585e-10,-5.142889976501465,-4.350963592529297,2.462456280549752e-11,4.349067538976669,-1.349961757659912,1.703486934845344e-10,4.005346690304577,-6.035927772521973,4.4180263614190807e-11,-2.422046184539795,4.112731903791428,2.628697537421232e-10,2.0257917642593384,-1.5638375282287598,3.377033930274109e-10,-2.2851204872131348,384.799546957016,8.219950831112044e-10,-2.817171573638916,9.453668594360352,5.933496471932642e-10
1247,-1.2757668495178223,173.95618605613708,1.7818737804708995e-11,203.36484414339066,65.96839094161987,8.320125838290338e-11,182.49398040771484,2.305047035217285,4.12736164689953e-12,-0.6636242866516113,394.32934951782227,2.0676956674625657e-11,-1.7372193336486816,100.92117023468018,8.026656561632706e-10,1.8692021369934082,-6.752651214599609,2.2605157745658744e-09,6.615583658218384,399.40441489219666,3.222216382603449e-10,-0.5262608528137207,1.150949478149414,2.5002627745962513e-10,-0.9205007553100586,400.01348209381104,1.765490809102488e-10,-5.1493330001831055,-4.292956352233887,1.4225370881248978e-11,3.7035371363162994,-1.7350430488586426,7.193192569365792e-11,197.41592395305634,-4.45557975769043,2.195566471685506e-11,-2.14190673828125,4.706289052963257,1.2196491039340174e-10,2.0834338665008545,-1.971015453338623,1.9025567232766605e-10,-2.219320774078369,384.4246258735657,4.1780254256273963e-10,-2.869561195373535,9.702489376068115,4.451159718588116e-10
1248,-1.5834145545959473,157.90631437301636,1.784057103437764e-11,-2.441767692565918,392.7423737049103,4.688571406119557e-11,182.93837356567383,2.7369847297668457,8.13687745654379e-12,-0.6190714836120605,394.24518394470215,2.8526229989278562e-11,-2.19547176361084,399.2998032569885,9.211510998419215e-10,2.0873993635177612,-6.601666450500488,3.607542709005429e-09,6.8327131271362305,399.66683554649353,5.449390938494503e-10,-0.450808048248291,0.8717653751373291,3.529770919996622e-10,-0.9633522033691406,399.8295018672943,2.5134883063770985e-10,-5.02358341217041,-4.32759952545166,2.9333899892458604e-11,4.405991941690445,-1.559023380279541,2.085090988757088e-10,4.038286536931992,-6.103646278381348,4.9746217561930095e-11,-2.4946279525756836,3.9854297023266554,2.844962876391577e-10,1.9514737129211426,-1.6527576446533203,3.007224469442349e-10,4.8568314909935,391.65770149230957,6.400739382961262e-10,-2.7999563217163086,9.386457443237305,6.856782364117464e-10
1249,-1.6996703147888184,142.06786584854126,2.8347459796185248e-11,-2.7412257194519043,392.43597960472107,4.69697648830536e-11,182.80324363708496,2.8222639560699463,6.920618592087813e-12,-0.6544294357299805,394.343443274498,3.212230828553153e-11,-1.5930566787719727,100.96449184417725,9.937759504197174e-10,2.332557201385498,-6.583266258239746,3.3846450087082758e-09,6.766300439834595,399.46395564079285,5.082007592527304e-10,-0.8166799545288086,1.0679810047149658,3.5415725907483875e-10,-0.7197613716125488,399.6117069721222,2.3213136968180947e-10,-5.15522575378418,-4.256543159484863,2.3230131360185702e-11,4.06127955019474,-1.4687309265136719,1.4997419972573311e-10,4.188646078109741,-5.985892295837402,4.535530631621931e-11,-2.4065628051757812,4.0997753739356995,2.6290486454527695e-10,2.2669878005981445,-1.506096363067627,2.63468608041606e-10,-2.038754463195801,384.6919038295746,7.117248457255698e-10,-2.8077545166015625,9.066089630126953,7.354527542524636e-10
1250,-2.0311408042907715,110.41912770271301,2.606986328201888e-11,-4.127047538757324,92.19250832498074,4.3995848630906664e-11,-8.621824264526367,-0.35766172409057617,6.019312218802364e-12,-0.7170166969299316,394.3748953342438,2.2412412203909327e-11,-1.9732303619384766,101.13254833221436,1.1054930304510435e-09,2.070018172264099,-6.579094886779785,2.8150715092323253e-09,6.796163082122803,399.6801223754883,3.3500954788046045e-10,-0.7037057876586914,1.1681249141693115,3.199354947636124e-10,-0.740077018737793,399.7487461566925,2.1054766263794988e-10,-5.4128875732421875,-4.122105598449707,2.1090447097082965e-11,4.023744581267238,-1.8568406105041504,8.014444663473341e-11,4.477730184793472,-6.162022590637207,2.466178997129198e-11,-2.230928421020508,4.721323549747467,1.566968776955946e-10,2.274466395378113,-1.682361125946045,2.1639538771989208e-10,-1.738551139831543,384.49920654296875,5.468246966344736e-10,-2.7583556175231934,9.731501579284668,6.500246452212366e-10
1251,-1.6152234077453613,142.21948170661926,2.8094471193895743e-11,-3.1076016426086426,392.48176288604736,4.301949768636959e-11,103.72397947311401,3.1004958152770996,9.251735662296756e-12,-0.7809066772460938,394.4925743341446,2.243302592297436e-11,-2.0262532234191895,101.25646686553955,1.1330243410156982e-09,2.1248605251312256,-6.638821601867676,3.1523996746329885e-09,6.5605034828186035,399.2267200946808,3.791799096930504e-10,-0.5247049331665039,1.0914027690887451,4.16264217539819e-10,-0.9426722526550293,399.61357593536377,2.118940300999128e-10,-5.236889839172363,-4.324836730957031,2.288416504903079e-11,4.076472699642181,-1.7942819595336914,9.306854592550096e-11,4.668097674846649,-6.250921249389648,2.4849860016940006e-11,-2.1631155014038086,4.691213488578796,1.66871072515562e-10,2.097089648246765,-1.8314766883850098,2.7366994781452547e-10,-2.492734909057617,384.72522044181824,5.942942249426153e-10,-2.2936129570007324,9.714873790740967,6.553491083138852e-10
1252,-1.5479326248168945,126.37868118286133,2.9562106235170305e-11,-2.5252108573913574,392.3415958881378,4.4956705025356314e-11,-8.553689956665039,-0.20916080474853516,5.234269614962095e-12,-0.49567174911499023,394.1380070447922,2.4410669666186102e-11,-1.3840103149414062,132.70344066619873,1.224392920384787e-09,2.1045050621032715,-6.5017547607421875,3.0329809774798377e-09,6.910083293914795,399.53849244117737,3.797299419350253e-10,-0.5366997718811035,1.4131770133972168,2.917678043612426e-10,-0.7634520530700684,399.5675959587097,2.3486854128229595e-10,-2.062349319458008,123.29874724149704,2.0879353801461775e-11,3.836435541510582,-1.7557792663574219,8.909674387158617e-11,4.292138338088989,-6.454448699951172,2.1444934369951874e-11,-2.2806930541992188,4.657641708850861,1.72105746321094e-10,2.0498310327529907,-1.8945236206054688,2.6667953956227564e-10,-2.106545925140381,384.91123247146606,9.007433132701692e-10,-0.7515654563903809,116.05085314065218,6.884590675326763e-10
1253,-1.7656335830688477,142.27549171447754,2.0231056413466675e-11,-2.62786865234375,392.2257831096649,6.527178797455235e-11,-7.747190475463867,-0.8532533645629883,8.870534515259543e-12,-0.6327457427978516,394.32794749736786,4.333681677404222e-11,-1.924830436706543,398.85583662986755,9.75501124322875e-10,2.3022618293762207,-6.642251968383789,3.946347693073449e-09,6.754390716552734,399.45699977874756,5.745623976594061e-10,-0.5767168998718262,0.8071751594543457,4.809088682833362e-10,-0.6962933540344238,399.35891914367676,3.0966182396063857e-10,-5.062875747680664,-4.488726615905762,3.5014921517806386e-11,4.32394415140152,-1.4038939476013184,2.2950967515367182e-10,4.089899376034737,-5.880153656005859,6.12588382797874e-11,-2.479027271270752,4.039618153125048,3.258395497862665e-10,2.155820846557617,-1.4812369346618652,3.8281480763124875e-10,-2.1452817916870117,384.974915266037,1.0694022334334363e-09,-2.553008556365967,9.258999824523926,8.060747069826846e-10
1254,-1.5605711936950684,158.06453728675842,2.4133316872676502e-11,-2.8964710235595703,392.34888458251953,6.340419855810353e-11,197.9611177444458,2.5001237392425537,8.418661601172772e-12,-0.46663522720336914,394.23762822151184,4.903188619009846e-11,-1.7937264442443848,398.8941159248352,9.632116215740893e-10,1.6416878700256348,393.68448519706726,3.1971909564276757e-09,6.640090227127075,399.44247484207153,5.85231196836844e-10,-0.634030818939209,0.9189052581787109,2.9923999389502853e-10,-0.4089350700378418,399.4235637187958,3.187161645712422e-10,-5.183110237121582,-4.46700382232666,1.9239547455196515e-11,4.300920605659485,-1.905421257019043,1.0017111445881355e-10,4.251359909772873,-6.317853927612305,3.126385261786879e-11,-2.564358711242676,4.218097195029259,1.7124880680174925e-10,2.1511123180389404,-1.9166278839111328,2.460819326088881e-10,-2.2419466972351074,384.62585496902466,8.334359868911179e-10,-2.646486759185791,9.419730186462402,4.804156517046465e-10
1255,-1.6223711967468262,126.16510796546936,2.3524458422907735e-11,-2.9130520820617676,392.5386793613434,5.758808360734058e-11,182.6743450164795,2.7111912965774536,1.0740904693440356e-11,-0.5478472709655762,394.3000053167343,3.977151247225308e-11,-1.8498215675354004,399.0550377368927,9.509011356101382e-10,1.7465369701385498,393.60579562187195,3.1187115112629726e-09,6.956408739089966,399.50303864479065,5.63997737401678e-10,-0.529719352722168,1.5115504264831543,3.3904712370969037e-10,-0.4430885314941406,399.56232357025146,2.9849892002609124e-10,-5.357972145080566,-4.3355913162231445,2.1963540361435996e-11,-1.948969841003418,398.925833940506,8.527850647865876e-11,4.51861172914505,-6.573765754699707,1.8719059288740958e-11,-2.4768710136413574,5.124354839324951,1.5713115530946453e-10,2.0996958017349243,-1.6916866302490234,2.3420201888946224e-10,4.767220735549927,391.61687898635864,7.360940745826383e-10,-2.38559627532959,10.409648895263672,6.686776132802663e-10
1256,-1.7858257293701172,142.2503011226654,2.6436951586217283e-11,-2.6689610481262207,392.53541111946106,5.3812596739755136e-11,198.4713864326477,2.5436800718307495,6.347047453586496e-12,-0.4363117218017578,394.13157403469086,2.5629779548674847e-11,-1.7836322784423828,399.16127848625183,8.880971513747227e-10,1.6867754459381104,-6.663786888122559,2.5868935882300548e-09,6.899851322174072,399.4824318885803,4.047519819305734e-10,-0.4172959327697754,0.9909172058105469,2.845049751343254e-10,-0.5353193283081055,399.72337222099304,2.6489208049262913e-10,-5.044675827026367,-4.218483924865723,1.884692055198478e-11,4.106352582573891,-2.060534954071045,1.0106156189682025e-10,4.259355574846268,-6.40419864654541,1.7333974533517704e-11,-2.2502760887145996,4.673285961151123,1.3715734104025046e-10,1.8461546897888184,-1.9914803504943848,1.838114938035318e-10,-2.0577316284179688,384.8130855560303,7.168132754031831e-10,-2.6650004386901855,9.955321788787842,5.070012187857742e-10
1257,-1.7602872848510742,142.25959992408752,2.573445970210919e-11,-2.833909511566162,392.3250300884247,4.528079647347916e-11,119.58148574829102,3.09630686044693,2.122434346329971e-11,-0.5691952705383301,394.26760852336884,2.2380116856957066e-11,-1.8986144065856934,133.07785511016846,8.45202297039549e-10,1.9345450401306152,-6.882102012634277,3.6880110076964456e-09,7.111405611038208,399.6554629802704,3.004713422516403e-10,-0.2880892753601074,1.0605988502502441,4.1768466463310006e-10,-0.6404194831848145,399.5217604637146,2.4601809478497216e-10,-5.035748481750488,-4.525464057922363,2.916953137366285e-11,4.274015486240387,-1.8390092849731445,1.7287196674153904e-10,4.108478493988514,-6.19667911529541,5.098529931579776e-11,-2.321537494659424,4.125352129340172,2.773568041902763e-10,2.0149863958358765,-1.9509563446044922,3.6241204481868294e-10,-2.159672260284424,384.7646267414093,9.847680448871188e-10,-2.620083808898926,9.21786880493164,7.4411926620499e-10
1258,-1.7520503997802734,142.21634078025818,2.5959012717180485e-11,-2.831282615661621,392.32570457458496,5.554260870677119e-11,-8.324463844299316,-0.5765805244445801,9.930454028528324e-12,-0.6677312850952148,394.49326252937317,2.6519069926123073e-11,-1.8196959495544434,101.0893201828003,1.1166760849334878e-09,1.815640926361084,-6.324782371520996,3.1402174194283816e-09,6.880586624145508,399.5996870994568,2.8445559796530517e-10,-0.6140031814575195,0.9740033149719238,3.717267882397124e-10,-0.6748223304748535,399.9816401004791,2.398963805383403e-10,-5.437203407287598,-4.27117919921875,2.3338183816057345e-11,4.134432747960091,-1.7165684700012207,1.1005254346718729e-10,4.410320460796356,-6.464826583862305,2.4384980146230362e-11,-2.2216877937316895,4.736662864685059,1.7352208558918392e-10,1.9948110580444336,-1.835334300994873,2.3367191515077934e-10,-2.339474678039551,384.86454796791077,1.0612439815815833e-09,-2.447861671447754,9.797096729278564,6.05843430978581e-10
1259,-1.5492453575134277,206.08262014389038,1.6486177006891367e-11,-2.7962074279785156,392.690895318985,4.960569802148207e-11,182.7854142189026,2.984058380126953,6.776102682432006e-12,-0.5295886993408203,394.40831661224365,2.569498086524291e-11,-1.8302912712097168,398.9373548030853,8.747889079785409e-10,2.0305827856063843,-6.505205154418945,2.946705102147007e-09,6.823615550994873,399.38451170921326,3.4616440269807924e-10,-0.4861130714416504,1.5340907573699951,2.664624354498102e-10,-0.8053545951843262,400.0405011177063,2.287165318248796e-10,-5.308748245239258,-3.8529324531555176,1.828591965347126e-11,3.9879687391221523,-1.629011631011963,8.255849476279664e-11,100.79463052749634,-2.9116482734680176,2.8636456053665604e-11,-2.3377981185913086,4.738458454608917,1.6896954668776942e-10,2.0723766088485718,-1.7658624649047852,2.1545801254241326e-10,-2.099006175994873,384.51613879203796,1.1213268091836426e-09,-2.7068848609924316,9.771149158477783,5.641386802146542e-10
1260,-1.7060675621032715,110.3924674987793,2.1706081376748898e-11,-2.7873587608337402,392.524480342865,4.683539667205139e-11,166.3686237335205,3.1229937076568604,8.211966696924922e-12,-0.8007187843322754,394.25538194179535,2.8178188948846383e-11,-2.0219807624816895,116.81217861175537,8.285526709173041e-10,1.7566652297973633,393.64651703834534,2.405030619101467e-09,6.755913734436035,399.4979693889618,4.61221449921112e-10,-0.6092729568481445,1.1331608295440674,3.030036221929322e-10,-0.924405574798584,399.39492440223694,2.472279325704818e-10,-5.281705856323242,-4.372079849243164,1.751807379712922e-11,4.043005928397179,-1.6771831512451172,8.854277033787383e-11,197.1497014760971,-3.987344741821289,2.6356394497439872e-11,-2.324763774871826,4.729947209358215,1.3427096934304217e-10,2.2436200380325317,-1.8991823196411133,1.684443695637583e-10,-2.1115336418151855,384.8122799396515,6.475349145773635e-10,-2.569394111633301,9.790759563446045,5.142903325427994e-10
1261,-1.544710636138916,126.2459626197815,2.4324545849774282e-11,-3.0449609756469727,392.66251850128174,5.608254138866897e-11,197.8141646385193,2.3511091470718384,8.712829069335015e-12,-0.7763876914978027,394.2916148900986,3.0724776889368144e-11,-1.6221394538879395,399.0379605293274,8.50561676646322e-10,3.1296202540397644,-6.098714828491211,3.5819751609267314e-09,6.821931838989258,399.5610067844391,4.017569610326177e-10,-0.41074657440185547,1.5803375244140625,4.125083608030877e-10,-0.5076332092285156,399.88008403778076,2.640612450921509e-10,-5.017291069030762,-4.387124061584473,2.8799136686519233e-11,3.5245635211467743,-1.9296760559082031,7.978207677838967e-11,4.183358386158943,-6.004193305969238,2.9513821941939966e-11,-2.1198596954345703,5.209238648414612,1.474090571829123e-10,2.3396917581558228,-2.083477020263672,2.8211277758316555e-10,4.8705273270606995,391.5406951904297,5.805141367609679e-10,-1.9003758430480957,10.228882789611816,1.3173832025259458e-09
1262,-1.6622161865234375,110.36995005607605,2.054514371130356e-11,203.4898380637169,64.82589340209961,6.067902430517691e-11,-7.682124137878418,-0.6827778816223145,8.852280887483577e-12,-0.8871526718139648,394.630051612854,2.4848486115947033e-11,-1.7522058486938477,399.1214442253113,8.448573507457979e-10,2.105654716491699,-6.549289703369141,4.357822991352123e-09,6.47163462638855,399.38040041923523,3.9425612774479646e-10,-0.5334053039550781,0.9306802749633789,4.4931011689008926e-10,-0.8990998268127441,399.70616149902344,2.5144281101674437e-10,-4.9605302810668945,-4.66221809387207,3.359967512550632e-11,4.39244481921196,-1.5892271995544434,2.3121531078640345e-10,4.114129960536957,-5.982177734375,6.711906724854444e-11,-2.4374022483825684,3.8134304583072662,3.5010466747920077e-10,1.9720678329467773,-1.5412940979003906,4.3630690726992327e-10,-1.7143669128417969,384.72659969329834,5.921794166141581e-10,-2.5092034339904785,9.200592041015625,7.665622581143339e-10
1263,-2.2292041778564453,110.42683529853821,2.1603401359482355e-11,-2.8419318199157715,392.8024718761444,3.20941988263268e-11,-8.706680297851562,-0.29575443267822266,6.748115087551465e-12,-0.8454976081848145,394.3336750268936,1.7954792166929856e-11,-1.5968880653381348,100.39940166473389,8.414928753808226e-10,2.0001659393310547,-6.653532028198242,2.9333759865579623e-09,6.986881732940674,399.53312134742737,3.7640354721979463e-10,-0.405609130859375,1.4376177787780762,3.284358895960793e-10,-0.757413387298584,399.72522354125977,1.8845096316777443e-10,-5.179448127746582,-4.020623207092285,2.1229969171532304e-11,3.917262464761734,-1.6870508193969727,8.628901065899086e-11,4.449721574783325,-6.431661605834961,2.4518036906284735e-11,-2.3209400177001953,4.934182167053223,1.6354767540249782e-10,2.144567847251892,-1.6596746444702148,2.752010286322104e-10,-1.976351261138916,384.8670070171356,5.260366586767873e-10,-2.713108539581299,9.924193382263184,5.623596033288436e-10
1264,-1.6801023483276367,126.3437147140503,2.631043646839082e-11,-3.0582075119018555,392.68040895462036,4.980754697569978e-11,-8.565824508666992,-0.37354373931884766,6.9786767510626735e-12,-0.8333454132080078,394.47033190727234,2.6850764667241123e-11,-1.8185501098632812,132.60668468475342,9.338742001929745e-10,2.149817705154419,-6.521213531494141,3.0408990880914644e-09,6.54645037651062,399.1964383125305,3.1620392415554477e-10,-0.4645271301269531,1.0499248504638672,3.8743003250019115e-10,-0.7130346298217773,399.97511768341064,2.4689431055158195e-10,-5.029675483703613,-4.334951400756836,2.4128716386018212e-11,3.8881993144750595,-2.0426249504089355,9.355353297602065e-11,4.361852020025253,-6.285406112670898,2.656407385726034e-11,-2.145188808441162,4.780478537082672,1.8199464157930834e-10,1.9432876110076904,-1.8008012771606445,2.892069361770666e-10,4.915444195270538,391.6569380760193,5.788755030877724e-10,-2.337822914123535,9.92610788345337,7.175533500713982e-10
1265,-1.4807181358337402,157.9384948015213,2.1882251219351723e-11,-3.1107988357543945,392.43138813972473,3.4347105021259594e-11,198.3879852294922,2.308916926383972,8.48752231691341e-12,-0.7233467102050781,394.6307324171066,2.431457292451089e-11,-1.8201346397399902,133.14451694488525,8.845336130214321e-10,2.1177088022232056,-6.697909355163574,2.1449126919037553e-09,6.520669221878052,399.5089292526245,3.52543771953151e-10,-0.4662623405456543,1.2508587837219238,2.4078708471542143e-10,-0.4375786781311035,400.02076387405396,2.0397561417695442e-10,-5.168763160705566,-4.181854248046875,1.3027644067686861e-11,-2.132598876953125,399.0937077999115,6.429932281060147e-11,197.61823773384094,-4.559684753417969,3.333756534718013e-11,-2.3250083923339844,4.889828681945801,1.1154260154411233e-10,1.977135181427002,-1.9360218048095703,1.6802370605972783e-10,4.971726775169373,391.6561059951782,4.799265984622991e-10,-2.7372212409973145,10.20036792755127,3.712541940537051e-10
1266,-1.6746573448181152,126.2606303691864,2.0687647775408102e-11,-2.9903321266174316,392.80200386047363,4.68532677933009e-11,-8.503021240234375,-0.6719636917114258,5.7831426279741915e-12,-0.7303509712219238,394.4664007425308,2.5515546273058298e-11,-1.6901988983154297,132.66407585144043,8.37049096702458e-10,1.9804856777191162,-6.967967987060547,2.279753497091974e-09,6.651261568069458,399.3578722476959,2.97274538318959e-10,-0.671109676361084,1.2073357105255127,3.228927958343064e-10,-0.9611215591430664,399.8556468486786,1.9795728944949076e-10,-5.465976715087891,-4.320346832275391,1.805465672799489e-11,3.8830029740929604,-1.8621292114257812,7.22082255100176e-11,4.558049261569977,-6.267157554626465,1.877509085701501e-11,-1.9803566932678223,4.800774693489075,1.2763419487971106e-10,2.198119640350342,-1.9085068702697754,1.836243518349434e-10,-1.4759302139282227,384.3061487674713,7.564200377174757e-10,-2.8831892013549805,9.7081618309021,5.353876231239951e-10
1267,-2.089049816131592,126.3518807888031,1.5548893769756766e-11,188.84394252300262,49.9718017578125,4.591418564792171e-11,-7.988649368286133,-0.9685192108154297,7.366903094496724e-12,-0.7924337387084961,394.4289277791977,2.6829519508830835e-11,-1.6046738624572754,398.99238085746765,7.694833104032739e-10,1.5003724098205566,-6.681023597717285,3.3265761256728865e-09,6.4921324253082275,399.3621349334717,3.4401345661017046e-10,-0.6158061027526855,1.1076464653015137,4.393767571997387e-10,-0.7510557174682617,399.9025294780731,2.2151902534517376e-10,-5.091686248779297,-4.653599739074707,2.683222914690031e-11,4.186250478029251,-1.916515827178955,1.2850993880153538e-10,4.382989048957825,-6.025300025939941,4.809848005993267e-11,-2.42555570602417,4.3944162130355835,2.4350088612123955e-10,2.1313220262527466,-1.9674153327941895,3.6093578126283887e-10,-1.8938746452331543,384.7165176868439,6.939870900168899e-10,-2.7741308212280273,9.118216037750244,6.428438892314148e-10
1268,-1.6281847953796387,158.19106245040894,1.7559589199356296e-11,203.80368347465992,64.81780958175659,2.1559368179602245e-10,118.75540494918823,3.120271921157837,1.113807657215915e-11,-0.5600490570068359,394.1579486131668,2.0863508837232203e-11,-1.9229326248168945,399.0610136985779,6.378789718652911e-10,1.7683918476104736,-6.817649841308594,2.671103560558663e-09,6.845836400985718,399.5644118785858,2.6472640746177944e-10,-0.2967705726623535,1.3214151859283447,3.3289357381782736e-10,-1.0128283500671387,399.88030314445496,1.6712492501014253e-10,-4.941988945007324,-4.135831832885742,1.780504563231311e-11,3.9283637776970863,-1.4300665855407715,7.838293902828752e-11,4.269830644130707,-6.686588287353516,1.9164685463590736e-11,-2.219862937927246,4.980682730674744,1.3178097502120067e-10,2.1119229793548584,-1.862405776977539,2.338226279263722e-10,-1.6779913902282715,384.54857563972473,1.014554218414787e-09,-2.629472255706787,10.09227705001831,4.4190398562626854e-10
1269,-2.0737810134887695,110.30939817428589,3.284426203231661e-11,-4.115967750549316,92.26133942604065,4.349746951515243e-11,119.08779239654541,3.283945620059967,1.1488282547489348e-11,-0.7653203010559082,394.4659106731415,1.9017286009836987e-11,-1.6544499397277832,116.7167615890503,1.1065287575107163e-09,1.9859774112701416,-6.638982772827148,2.784260377808323e-09,6.812793970108032,399.54633045196533,2.697206902269045e-10,-0.4411602020263672,1.379542589187622,2.7883192976752014e-10,-3.249574661254883,110.8448486328125,1.581561548391619e-10,-2.266047954559326,106.69099617004395,2.0457356295078277e-11,3.858341157436371,-1.8315801620483398,8.384437588659921e-11,4.411176919937134,-6.512200355529785,1.9451416172211466e-11,-2.158328056335449,4.6853508949279785,1.504059099488586e-10,1.968308687210083,-1.8695707321166992,2.5555546567801457e-10,-2.112400531768799,384.58903193473816,5.397328695089243e-10,-2.9591526985168457,9.715879440307617,4.781129936404227e-10
1270,-1.8335442543029785,126.498361825943,2.587117846342135e-11,-2.762505531311035,392.45766162872314,5.960284349404432e-11,103.2441258430481,2.593053460121155,1.563931449621858e-11,-0.7189059257507324,394.3696403503418,3.494826650296545e-11,-1.776296615600586,398.84835386276245,9.221302055273384e-10,1.8808376789093018,-6.550175666809082,2.5689221860858424e-09,6.748168706893921,399.33941650390625,4.662462638194143e-10,-0.8815383911132812,1.1320109367370605,2.7086466403147824e-10,-0.848546028137207,399.5484757423401,2.573285473594922e-10,-2.195363998413086,90.65659213066101,1.6840702443676747e-11,4.003025791840628,-1.992356777191162,7.03397826096186e-11,387.61683812737465,-0.7536897659301758,1.5985717957689438e-11,-2.104074478149414,4.740970730781555,1.1701276059206123e-10,2.159906268119812,-1.8062033653259277,1.681080136206603e-10,-1.902390956878662,384.9351019859314,1.3668551845924526e-09,-1.0672121047973633,99.68106397986412,4.6251205643166315e-10
1271,-2.117159366607666,126.48035764694214,3.158288561233569e-11,-2.5947136878967285,392.45037317276,6.987550815740207e-11,119.13233661651611,2.928757667541504,1.1135144022123011e-11,-0.6390514373779297,394.3580710887909,4.242450141189735e-11,-1.9586691856384277,398.84869623184204,1.0443466091913933e-09,2.0793814659118652,-6.645430564880371,2.51780796212131e-09,6.631706714630127,399.37456941604614,5.38935618354941e-10,-0.7646126747131348,1.0663752555847168,2.822257982870724e-10,-1.0246529579162598,399.4259250164032,2.9961577663328853e-10,-2.3403143882751465,122.72402083873749,1.7636959601108337e-11,-1.978621482849121,398.82645654678345,8.345443086588133e-11,117.5977156162262,-2.6224536895751953,1.8635306839320798e-11,-2.1255550384521484,4.675860583782196,1.2417893102689703e-10,2.364465117454529,-1.758476734161377,1.8433214676871756e-10,-1.7467141151428223,384.7965450286865,1.5047944001977953e-09,-2.8603439331054688,9.891787052154541,5.363484101295057e-10
1272,-1.5580987930297852,158.04709434509277,2.3323010189812976e-11,-2.71995210647583,392.77472615242004,5.8001579233968314e-11,182.7557773590088,2.9052913188934326,8.754205693684014e-12,-0.4211850166320801,394.31014716625214,3.4341994525899366e-11,-1.7555170059204102,399.04573154449463,1.0837739594649065e-09,2.161027193069458,-6.581441879272461,3.699981654392559e-09,6.6999452114105225,399.1627142429352,5.999477581397628e-10,-0.5821399688720703,0.9137966632843018,3.4280170368994334e-10,-0.9342470169067383,399.6618621349335,2.9341074014865853e-10,-5.031122207641602,-4.228083610534668,2.3238862223440293e-11,4.147918686270714,-1.6553654670715332,1.5474611869681354e-10,4.1364114582538605,-6.315657615661621,4.263158923101251e-11,-2.253779411315918,4.069131910800934,2.596006742905388e-10,1.8777451515197754,-1.6603269577026367,3.74906744537995e-10,4.945613086223602,391.78731870651245,8.583420085805926e-10,-2.907789707183838,9.207130908966064,5.889208010145808e-10
1273,-1.63922119140625,142.1536350250244,2.4933373074520482e-11,-2.798008441925049,392.583473443985,6.092011617386817e-11,182.40785455703735,2.2010806798934937,1.2241020697079108e-11,-0.3540644645690918,394.2105371952057,4.144300180808358e-11,-1.5934233665466309,398.8144063949585,1.1166271240981018e-09,2.278781771659851,-6.653713226318359,3.5304394963020513e-09,6.746331453323364,399.0535800457001,6.205478353393801e-10,-0.5924749374389648,1.0576012134552002,4.001341480375231e-10,-1.025895595550537,399.49640226364136,2.760900674747546e-10,-5.0710859298706055,-4.164948463439941,2.3454386002819128e-11,4.020573999732733,-1.4748282432556152,1.5014192666917836e-10,4.1577258706092834,-6.049154281616211,4.1087175328691217e-11,-2.291299819946289,4.138794124126434,2.5729565700238766e-10,2.0133724212646484,-1.3684043884277344,3.50926981917965e-10,-1.9323039054870605,384.56713581085205,1.0998271182671715e-09,-3.060800075531006,9.32736873626709,5.557559412672219e-10
1274,-1.6355633735656738,110.15643215179443,2.935673232284941e-11,-2.765131950378418,392.65457463264465,5.0036259857666465e-11,182.98035192489624,2.8455231189727783,1.0526107763197956e-11,-0.2807474136352539,394.11428594589233,3.1323242610792335e-11,-2.030712604522705,100.7780704498291,1.0500470493113312e-09,1.7925961017608643,-6.161559104919434,3.0959408370279107e-09,6.759191513061523,399.2101378440857,5.787154089276214e-10,-0.6832160949707031,1.2811172008514404,3.1721028581621624e-10,-0.9641304016113281,399.78544998168945,2.5166496664397187e-10,-5.363622665405273,-4.419942855834961,2.1559563162520945e-11,4.074186809360981,-1.8373498916625977,1.027176954604414e-10,4.61150461435318,-6.107405662536621,2.263080348119395e-11,-2.1172542572021484,4.682322144508362,1.7922605066722497e-10,1.9081482887268066,-1.840353012084961,2.3687549144391085e-10,4.7796772718429565,391.58877515792847,7.713641392292914e-10,-2.7189888954162598,9.630733489990234,6.068345270726638e-10
1275,-1.5649404525756836,173.7948783636093,2.0594774149951256e-11,-2.4996910095214844,392.24954056739807,8.003309126536351e-11,198.34989881515503,2.344334363937378,5.5010891675255635e-12,-0.5140342712402344,394.1064553260803,5.0095469439348506e-11,-1.815511703491211,398.64118671417236,1.1821476020301702e-09,1.5834760665893555,393.4418020248413,3.2590439236201973e-09,6.868649005889893,399.5152289867401,7.310919647451897e-10,-0.5076451301574707,1.2830874919891357,2.2668873722597738e-10,-0.74749755859375,399.47593665122986,3.378612112303614e-10,-5.136821746826172,-3.9783310890197754,1.3618079754140755e-11,-1.9095344543457031,398.737713098526,9.746284335143685e-11,4.361197531223297,-6.510335922241211,1.689243363245385e-11,-2.4240856170654297,4.699176669120789,1.2952254546672037e-10,2.28499698638916,-1.9405503273010254,1.68882852147334e-10,-2.1349844932556152,384.7243287563324,2.0241115450403413e-09,-2.922529697418213,9.901976108551025,4.408987341886217e-10
1276,-1.509035587310791,157.79271686077118,2.1078059436741015e-11,-2.5548505783081055,392.56145119667053,6.252415946095269e-11,-8.536412239074707,-0.5197510719299316,7.184605341215011e-12,-0.6104178428649902,394.3356772661209,2.9855059396899364e-11,-1.7296533584594727,399.01046681404114,1.0181230303274447e-09,2.032571315765381,-6.648181915283203,3.2172313702005795e-09,6.759775876998901,399.43109011650085,4.5353854005725225e-10,-0.26640987396240234,1.391455888748169,3.7688413501157925e-10,-0.684906005859375,399.7825961112976,2.83285006563716e-10,-4.923383712768555,-4.282402992248535,2.456147611684667e-11,3.9789156913757324,-1.7784423828125,1.1500939783859465e-10,4.227484613656998,-5.992611885070801,2.5684834467631923e-11,-2.260894775390625,4.7522976994514465,1.901152846262022e-10,1.9914064407348633,-1.7746477127075195,2.6448970791292936e-10,-1.9661941528320312,384.7164726257324,8.734267198384771e-10,-2.717881679534912,9.903722763061523,6.345733938317721e-10
1277,-1.364485740661621,157.9213616847992,2.3638207710674486e-11,-2.5478200912475586,392.42936754226685,6.957574100185937e-11,183.2661428451538,2.870861291885376,1.1543392110235917e-11,-0.5323810577392578,394.3148463964462,5.312088269260329e-11,-2.075380802154541,398.81917691230774,1.2112991720769628e-09,2.1610000133514404,-6.462557792663574,4.004680143054884e-09,6.916058778762817,399.41077995300293,5.821018667084843e-10,-0.6160140037536621,0.9574790000915527,4.328892244664928e-10,-0.656674861907959,399.47077798843384,3.5641656292995094e-10,-5.117859840393066,-4.607049942016602,3.314147220545571e-11,4.326686978340149,-1.5248870849609375,2.093267642555574e-10,4.174252450466156,-5.80049991607666,6.05326760938496e-11,-2.3391709327697754,4.022455954924226,3.2501468183454563e-10,2.0872353315353394,-1.5324726104736328,3.749117682971814e-10,-1.91752290725708,384.74245595932007,1.1491143592223807e-09,-2.6478538513183594,9.346769332885742,8.121195382848612e-10
1278,-1.7630677223205566,142.1641914844513,2.539935102519042e-11,-2.8397059440612793,392.20385456085205,5.819771747850311e-11,198.47373819351196,2.1709593534469604,6.440631881987624e-12,-0.8968372344970703,394.3137369155884,3.178587948404754e-11,-1.7626714706420898,101.09431171417236,8.387560090916679e-10,1.5338573455810547,393.648371219635,2.2544315303463236e-09,6.708428859710693,399.5056252479553,3.8842812299932916e-10,-0.48668622970581055,1.370692491531372,2.1625054524854193e-10,-0.8588542938232422,399.6735210418701,2.5645441326105356e-10,-5.367349624633789,-3.7004613876342773,1.5225513558259074e-11,4.174980998039246,-1.5948419570922852,7.958570608090909e-11,100.63976800441742,-2.0786757469177246,1.9723318464559547e-11,-2.178575038909912,4.820492386817932,1.2369409663204323e-10,1.9337983131408691,-1.7797036170959473,1.642391778133856e-10,-2.2605295181274414,384.7886960506439,1.0624956470195457e-09,-2.646312713623047,10.16460657119751,4.02006067323768e-10
1279,-1.9459266662597656,189.98439419269562,2.1565195809647442e-11,172.23383301496506,50.36067342758179,7.986870192988604e-11,198.63455486297607,2.3433181047439575,2.8443969402047742e-11,-0.8378963470458984,394.28792440891266,2.2153032880334322e-11,-2.016508102416992,398.9546537399292,6.495871618383831e-10,1.7495100498199463,-6.727151870727539,3.7164826771629578e-09,6.647012710571289,399.5319736003876,3.483268951054441e-10,-0.3970203399658203,0.9679994583129883,4.2120235077547363e-10,-1.0389113426208496,399.9352593421936,1.7991755307811275e-10,-4.972820281982422,-4.574485778808594,3.088959643626765e-11,3.9623438641428947,-1.8818068504333496,1.6809423297736714e-10,4.262549638748169,-6.115627288818359,6.370360489116322e-11,-2.393489360809326,3.958105903118849,2.787532149550742e-10,2.087548017501831,-1.8200197219848633,4.1484546353665053e-10,-1.987767219543457,384.79824209213257,6.096397275889842e-10,-2.6807808876037598,9.085134506225586,7.841183258250339e-10
1280,-2.0202479362487793,110.47918510437012,2.160917278448693e-11,203.98813412338495,50.214627742767334,9.170590675733337e-11,197.80679607391357,2.0693633556365967,1.1803868646409477e-11,-0.4610743522644043,394.1144996881485,2.865088027936835e-11,-1.4107165336608887,116.99304485321045,1.0217823254166092e-09,1.9013774394989014,-6.4747419357299805,2.574332302884841e-09,6.720976829528809,399.40067744255066,4.513293905272775e-10,-0.7056412696838379,1.1404094696044922,2.970562962278933e-10,-0.9847688674926758,399.50739789009094,2.2509502595191577e-10,-2.3474316596984863,106.8132997751236,1.8605651741498974e-11,4.156970962882042,-1.8658766746520996,8.271816565041945e-11,197.03746449947357,-4.81663703918457,2.2337430516383705e-11,-2.2322425842285156,4.863398015499115,1.44581610572736e-10,2.0373377799987793,-1.9170303344726562,2.1132415262137272e-10,-1.9444279670715332,384.6360833644867,1.0208550671464423e-09,-2.5679421424865723,9.689510822296143,5.208014020041674e-10
1281,-1.5805563926696777,189.74698507785797,2.6180634049577378e-11,-4.039722442626953,92.11149772256613,3.831973974244285e-11,-7.920285224914551,-0.7466578483581543,6.412035832847884e-12,-0.6376757621765137,394.395201086998,2.5028954603323328e-11,-1.4040541648864746,100.66682147979736,9.149280222331413e-10,2.1159307956695557,-6.711357116699219,3.1345925854964207e-09,6.889495849609375,399.63027119636536,3.5724961877647843e-10,-0.8408594131469727,0.9064898490905762,3.5351743754574727e-10,-0.8533034324645996,399.8083961009979,1.9106954907144313e-10,-5.268027305603027,-4.460613250732422,2.760904525833663e-11,4.137932106852531,-1.7588105201721191,1.7581716638126466e-10,4.0915945917367935,-5.697176933288574,4.5073472731971265e-11,-2.2497544288635254,4.010307070799172,2.6012306197920054e-10,2.3498419523239136,-1.5456123352050781,2.4519827834801333e-10,-2.2493934631347656,384.76653599739075,5.484572795921849e-10,-2.9508419036865234,9.221139430999756,6.954486986288089e-10
1282,-1.7312250137329102,206.08049416542053,2.12457690329515e-11,203.3885733485222,49.34370946884155,4.136632356099845e-11,198.20669174194336,2.702269196510315,1.0720663072560921e-11,-0.6533317565917969,394.24534034729004,2.0360506683414492e-11,-2.0740647315979004,132.95021152496338,7.601515528143921e-10,2.07368004322052,-6.730216979980469,4.018935850780281e-09,6.788732051849365,399.4854350090027,3.151057470507368e-10,-0.5064072608947754,0.8970515727996826,4.071530612659302e-10,-0.7755293846130371,399.69028782844543,1.8328878692575046e-10,-4.902746200561523,-4.548999786376953,3.4494757744640836e-11,4.244520932435989,-1.7594971656799316,2.4016374999824563e-10,3.9569951109588146,-5.833518981933594,6.116088885343984e-11,-2.220557689666748,3.900669828057289,3.274475968151336e-10,2.1053993701934814,-1.7834410667419434,3.7723438262027287e-10,-2.126741886138916,384.6900899410248,7.132427981559886e-10,-2.6699371337890625,9.164048671722412,7.530701617852742e-10
1283,-1.6815972328186035,126.29384303092957,2.4047760310841326e-11,-2.5593934059143066,392.4432535171509,4.991996399583698e-11,198.18003177642822,2.200379490852356,1.1589611215168105e-11,-0.7448363304138184,394.2781262397766,2.5039553763761546e-11,-1.9237174987792969,132.94124698638916,1.0659402249757477e-09,1.6894903182983398,-6.884407043457031,2.5806248249438113e-09,6.999743700027466,399.6508934497833,3.728479747167057e-10,-0.6098003387451172,1.374072790145874,3.213090071785274e-10,-0.7408013343811035,399.63646054267883,2.387583741825239e-10,-5.143760681152344,-4.2404022216796875,2.2968295668168714e-11,3.9445259757339954,-2.101107597351074,8.930380046567876e-11,4.492169111967087,-6.511445045471191,1.965441004392332e-11,-2.4995837211608887,5.055789828300476,1.813577343856565e-10,2.1471290588378906,-1.694021224975586,2.3042201480194535e-10,-2.322755813598633,384.7414300441742,8.472618717725311e-10,-2.499206066131592,9.999242782592773,7.12140402203687e-10
1284,-1.6242561340332031,126.56283903121948,2.7662547599782705e-11,-2.9551444053649902,392.4192581176758,3.660486844192512e-11,-8.534599304199219,-0.537839412689209,6.0776171421916825e-12,-0.7193746566772461,394.3964946269989,2.4239790730185007e-11,-2.122713565826416,133.02839756011963,9.109716314625871e-10,2.1138205528259277,-6.517370223999023,2.631217022042165e-09,6.920733213424683,399.408150434494,4.686687704591463e-10,-0.4713120460510254,1.123542308807373,3.1536670497267494e-10,-0.658052921295166,399.7106430530548,2.254172404292376e-10,-5.346460342407227,-4.550532341003418,1.9975956652706905e-11,4.305277854204178,-1.8168764114379883,1.0343784856425842e-10,4.445407569408417,-6.455419540405273,2.033155761804739e-11,-2.2449951171875,4.488831877708435,1.5495965621781238e-10,1.9649665355682373,-1.8367080688476562,2.231925477769181e-10,-2.0716304779052734,384.81681656837463,6.110914552159841e-10,-2.5650782585144043,9.728286743164062,4.95883223372573e-10
1285,-1.4428062438964844,173.65970242023468,3.0027182129632735e-11,-2.8463315963745117,392.57533955574036,4.9502773408205414e-11,-9.073747634887695,0.3580005168914795,8.450208414945148e-12,-0.9754815101623535,394.40901720523834,2.5987947904759778e-11,-2.0995540618896484,101.03616142272949,9.82754655431961e-10,2.81545352935791,-6.2828474044799805,3.1037807879386037e-09,6.769259214401245,399.5826289653778,3.11511316741786e-10,-0.5243668556213379,1.5164344310760498,3.982717489137144e-10,-0.5768136978149414,399.7285416126251,2.503498242045765e-10,-5.413823127746582,-4.593388557434082,2.936608595183188e-11,3.973474245518446,-1.9540820121765137,8.062218948001743e-11,4.309828668832779,-6.149450302124023,2.190170787785828e-11,-2.146437644958496,5.237820386886597,1.6022540239024607e-10,2.2668505907058716,-1.3174376487731934,3.036301488013038e-10,-2.2292442321777344,384.9042618274689,8.994419653518548e-10,-2.048752784729004,10.843425273895264,1.0683766094032876e-09
1286,-1.7330217361450195,221.90816867351532,2.4615314994647086e-11,-2.949917793273926,392.77178978919983,3.59112461989497e-11,182.91547918319702,2.5830729007720947,9.433292688654227e-12,-0.7720785140991211,394.39250338077545,2.3905993504214074e-11,-2.0781736373901367,148.9941987991333,7.663093493093243e-10,1.853447437286377,-6.8280229568481445,2.5169293316196217e-09,6.883598804473877,399.57074999809265,3.127305081562781e-10,-0.5137844085693359,1.474292516708374,2.8656907402613285e-10,-0.8702058792114258,399.7397301197052,1.878175948100136e-10,-5.136473655700684,-4.397663116455078,1.933217128047282e-11,3.839690461754799,-2.132070541381836,7.28759622092845e-11,101.52705883979797,-2.8947129249572754,1.7222910597691765e-11,-2.3834657669067383,5.013069033622742,1.5712815770729804e-10,1.9960036277770996,-1.6521458625793457,2.2877803818044384e-10,-1.7085342407226562,384.64388036727905,8.520945060652707e-10,-2.5043206214904785,10.207597255706787,5.935216762509299e-10
1287,-2.084108352661133,189.92818927764893,2.2153454418138985e-11,-2.8490896224975586,392.68285393714905,5.746837380971037e-11,-7.712848663330078,-0.7378444671630859,1.0095516436714469e-11,-0.5446891784667969,394.4149043560028,2.934822523892322e-11,-1.6386985778808594,398.9384686946869,9.326370786766347e-10,1.96244215965271,-6.699234962463379,4.2007370915086995e-09,6.718754291534424,399.58966970443726,4.429673017281033e-10,-0.3716597557067871,1.1893577575683594,5.019419879737086e-10,-0.5301132202148438,399.80496644973755,2.8556021436365597e-10,-4.904327392578125,-4.670185089111328,3.779781695967266e-11,4.264363020658493,-1.8373098373413086,1.9784818228174572e-10,4.182960361242294,-5.920825004577637,7.361977000241993e-11,-2.4394097328186035,4.039195138961077,3.3398808718665407e-10,1.9930922985076904,-1.8191943168640137,4.637487061032175e-10,-1.6433639526367188,384.90662455558777,1.0730758503996185e-09,-2.5356063842773438,8.948044776916504,8.668099571451648e-10
1288,-1.8724870681762695,190.1800560951233,2.342867740090515e-11,-2.8779940605163574,392.6641511917114,3.8727392820403495e-11,198.5921688079834,2.404820680618286,1.6393737062303515e-11,-0.7156486511230469,394.3765513896942,2.696511069988361e-11,-1.8608269691467285,100.80662250518799,7.424109660369993e-10,1.6512932777404785,-6.579319000244141,2.6108553097259346e-09,6.909181594848633,399.5440170764923,4.0920061783467077e-10,-0.5284905433654785,1.1977379322052002,2.6910454420381313e-10,-0.7433581352233887,399.68919706344604,2.0858267890666582e-10,-5.323996543884277,-4.061732292175293,1.8109874710958707e-11,4.0194968562573195,-1.6434621810913086,8.731532163963607e-11,4.429430961608887,-6.609582901000977,1.808512367640347e-11,-2.296997547149658,4.693863093852997,1.33609318053729e-10,1.9235713481903076,-1.730527400970459,1.8784519772996333e-10,-1.7987403869628906,384.87178921699524,7.703584437024347e-10,-2.577460765838623,9.965511798858643,4.91955698400659e-10
1289,-1.9837236404418945,94.28865265846252,2.2848008207621007e-11,170.81683611869812,82.99558115005493,5.986352386022631e-11,134.9047498703003,3.157932460308075,5.34831900989019e-12,-0.6196942329406738,394.35615396499634,2.7056350215826086e-11,-1.9805974960327148,100.90767860412598,9.447490567637828e-10,1.85768723487854,-6.505331993103027,2.786890274109055e-09,6.936761379241943,399.3982813358307,4.245479523490303e-10,-0.6412420272827148,1.3596446514129639,2.756707084827781e-10,-1.1091761589050293,399.3321409225464,2.525714082324271e-10,-5.009682655334473,-4.143731117248535,1.724191102392414e-11,3.6933164298534393,-1.8025217056274414,8.16971004735656e-11,4.273144245147705,-6.469621658325195,1.7670597624031004e-11,-2.087437629699707,4.6693912744522095,1.46788720067903e-10,1.8619611263275146,-1.7554545402526855,2.2587214043578996e-10,-1.7978777885437012,384.94173979759216,1.2027073781339936e-09,-1.0245566368103027,99.75490325689316,4.543766751741174e-10
1290,-1.6391444206237793,126.37635946273804,2.108111428478221e-11,-3.007290840148926,392.79669189453125,5.787901408149665e-11,103.16601371765137,2.722291111946106,1.2902466421660375e-11,-0.47092294692993164,394.2812216281891,4.048544832713219e-11,-1.4873666763305664,398.9345507621765,1.153383055729762e-09,1.9737000465393066,-6.622119903564453,3.4363063505793434e-09,6.85790491104126,399.19364285469055,6.394283991184579e-10,-0.46393251419067383,0.7683792114257812,3.5534478137755343e-10,-0.6387114524841309,399.75916838645935,3.0594851652132604e-10,-5.025954246520996,-4.4457855224609375,2.6637947056484812e-11,4.451743721961975,-1.6307196617126465,1.7647869277048756e-10,4.1845120042562485,-6.000536918640137,4.1578709225609245e-11,-2.5588788986206055,4.111011669039726,2.6094051919223205e-10,2.15444016456604,-1.6143746376037598,2.820804978487246e-10,5.088442444801331,391.60740900039673,9.907685782906128e-10,-2.788090229034424,9.287474632263184,6.405270203124758e-10
